// peepdf comment: Javascript code located in object 164 (version 0)

 139.284 669.27 140.187 668.89 139.888 668.561 c
 f
 138.057 671.958 m
 138.042 672.108 137.874 672.235 137.691 672.154 c
 137.535 672.085 137.413 671.95 137.495 671.764 c
 137.565 671.611 137.713 671.463 137.872 671.582 c
 137.986 671.66 138.074 671.832 138.057 671.958 c
 f
 139.256 671.782 m
 139.423 672.071 139.002 672.15 138.889 672.364 c
 138.753 672.23 138.594 672.115 138.502 671.952 c
 138.402 671.781 138.535 671.634 138.692 671.576 c
 138.916 671.493 139.161 671.615 139.256 671.782 c
 f
 139.889 671.24 m
 140.085 671.237 140.29 671.657 140.261 671.958 c
 140.245 672.108 140.073 672.243 139.894 672.151 c
 139.488 671.941 139.255 671.244 139.889 671.24 c
 f
 141.084 671.168 m
 141.163 671.221 141.273 671.302 141.261 671.355 c
 141.208 671.66 140.904 671.588 140.693 671.538 c
 140.533 671.502 140.412 671.347 140.499 671.168 c
 140.669 670.807 140.885 671.011 141.084 671.168 c
 f
 143.076 671.388 m
 143.632 671.713 142.868 671.734 142.89 671.96 c
 142.756 671.829 142.53 671.694 142.534 671.565 c
 142.539 671.313 142.874 671.269 143.076 671.388 c
 f
 144.486 671.766 m
 144.642 671.848 144.775 671.98 144.676 672.155 c
 144.44 672.563 144.019 672.361 143.694 672.328 c
 143.396 672.299 143.435 671.95 143.523 671.781 c
 143.761 671.317 144.157 671.59 144.486 671.766 c
 f
 144.705 668.964 m
 145.072 668.051 146.788 666.635 147.241 665.784 c
 146.338 666.03 145.654 667.44 145.08 667.918 c
 144.991 667.992 144.794 667.733 144.911 667.572 c
 145.82 666.368 146.525 665.131 147.14 663.779 c
 147.432 663.127 148.773 662.875 148.746 663.55 c
 148.615 665.992 146.585 667.795 144.827 669.497 c
 144.765 669.551 144.619 669.184 144.705 668.964 c
 f
 143.696 668.765 m
 143.736 668.887 143.737 669.034 143.695 669.155 c
 143.64 669.31 143.503 669.416 143.31 669.361 c
 143.31 669.56 143.345 669.77 143.293 669.957 c
 143.246 670.114 143.076 670.258 142.925 670.139 c
 142.459 669.773 142.682 669.22 142.766 668.77 c
 142.846 668.346 143.492 668.115 143.696 668.765 c
 f
 144.664 669.773 m
 144.817 670.074 144.403 670.148 144.292 670.365 c
 143.922 670.118 143.601 669.387 144.115 669.24 c
 144.247 669.202 144.54 669.53 144.664 669.773 c
 f
 139.26 669.757 m
 139.245 669.908 139.074 670.038 138.892 669.951 c
 138.736 669.882 138.613 669.75 138.697 669.563 c
 138.766 669.415 138.912 669.263 139.073 669.38 c
 139.186 669.462 139.274 669.635 139.26 669.757 c
 f
 129.38 663.681 m
 128.867 664.866 128.779 666.25 128.081 667.359 c
 127.636 666.732 128.415 665.981 127.88 665.358 c
 128.613 665.022 128.615 664.036 129.38 663.681 c
 f
 128.044 667.377 m
 128.221 667.744 128.033 668.305 127.691 668.27 c
 127.158 668.209 127.601 667.664 127.719 667.376 c
 127.739 667.328 128.021 667.324 128.044 667.377 c
 f
 127.48 668.692 m
 127.196 668.692 127.196 668.227 127.48 668.227 c
 127.822 668.227 127.622 668.69 127.48 668.692 c
 f
 126.813 669.761 m
 126.814 670.048 126.346 670.048 126.346 669.761 c
 126.346 669.42 126.812 669.62 126.813 669.761 c
 f
 125.645 669.382 m
 125.82 669.665 125.441 669.81 125.257 669.926 c
 124.974 670.108 124.891 669.674 124.678 669.56 c
 124.916 669.22 125.364 668.921 125.645 669.382 c
 f
 126.271 671.782 m
 126.432 671.86 126.646 672.041 126.628 672.155 c
 126.57 672.491 125.97 672.847 125.699 672.349 c
 125.642 672.247 125.65 672.086 125.694 671.967 c
 125.792 671.701 126.06 671.678 126.271 671.782 c
 f
 125.696 671.163 m
 125.701 671.355 125.601 671.546 125.49 671.52 c
 124.962 671.383 125.076 670.779 125.503 670.631 c
 125.684 670.567 125.689 670.925 125.696 671.163 c
 f
 123.26 669.594 m
 123.823 669.884 123.058 669.928 123.078 670.162 c
 122.936 670.064 122.783 669.934 122.897 669.775 c
 122.978 669.661 123.179 669.557 123.26 669.594 c
 f
 123.689 670.185 m
 123.998 670.046 124.065 670.449 124.28 670.561 c
 123.963 670.983 123.367 671.455 123.111 670.749 c
 122.958 670.326 123.437 670.302 123.689 670.185 c
 f
 122.417 670.377 m
 122.568 671.045 121.362 671.132 121.38 670.563 c
 121.389 670.2 122.23 669.53 122.417 670.377 c
 f
 122.473 671.171 m
 122.555 671.208 122.663 671.31 122.65 671.353 c
 122.554 671.708 122.148 671.806 121.861 671.919 c
 121.77 671.95 121.581 671.736 121.697 671.576 c
 121.88 671.323 122.073 670.981 122.473 671.171 c
 f
 120.862 670.96 m
 120.849 671.159 120.938 671.266 121.076 671.359 c
 120.979 671.502 120.828 671.662 120.7 671.537 c
 120.036 670.855 120.106 669.657 120.476 668.761 c
 120.864 669.448 120.92 670.198 120.862 670.96 c
 f
 119.924 668.858 m
 119.694 668.967 120.081 669.847 119.676 669.845 c
 119.094 669.845 119.204 668.936 119.327 668.372 c
 119.381 668.129 119.676 667.829 119.877 667.829 c
 120.078 667.829 120.329 668.131 120.448 668.375 c
 120.551 668.58 120.385 668.633 119.924 668.858 c
 f
 119.076 669.761 m
 119.494 670.109 119.89 670.484 120.022 670.974 c
 120.046 671.069 119.809 671.225 119.676 671.359 c
 119.075 670.761 118.476 670.162 117.876 669.56 c
 117.835 670.326 118.463 670.64 118.856 671.175 c
 118.973 671.336 118.786 671.55 118.691 671.516 c
 117.68 671.168 116.685 669.778 117.276 668.761 c
 117.773 669.28 118.522 669.302 119.076 669.761 c
 f
 119.678 671.533 m
 119.866 671.561 120.035 671.615 120.047 671.761 c
 120.105 672.334 119.203 672.67 118.909 672.143 c
 118.64 671.657 119.27 671.489 119.678 671.533 c
 f
 122.879 671.767 m
 123.22 671.677 123.305 672.006 123.455 672.18 c
 123.581 672.321 123.427 672.519 123.273 672.537 c
 123.007 672.572 122.603 672.728 122.519 672.35 c
 122.478 672.174 122.212 671.95 122.879 671.767 c
 f
 124.439 671.561 m
 124.419 671.708 124.212 671.829 124.08 671.96 c
 123.945 671.829 123.722 671.696 123.722 671.565 c
 123.722 671.426 123.925 671.255 124.089 671.186 c
 124.396 671.046 124.462 671.397 124.439 671.561 c
 f
 124.875 672.376 m
 125.028 672.434 125.145 672.572 125.072 672.759 c
 124.962 673.056 124.694 672.99 124.484 672.943 c
 124.325 672.907 124.206 672.749 124.288 672.566 c
 124.402 672.304 124.649 672.296 124.875 672.376 c
 f
 121.869 672.369 m
 122.028 672.486 122.247 672.649 122.224 672.749 c
 122.163 673.031 121.845 673.297 121.485 673.144 c
 120.986 672.931 120.98 672.347 121.488 672.192 c
 121.591 672.165 121.749 672.279 121.869 672.369 c
 f
 124.682 673.339 m
 124.87 673.363 125.068 673.45 125.036 673.548 c
 124.791 674.261 124.001 673.814 123.974 673.357 c
 123.953 672.968 124.399 673.295 124.682 673.339 c
 f
 119.663 673.363 m
 119.744 673.821 119.546 674.202 119.086 674.111 c
 118.845 674.064 118.582 673.793 118.525 673.553 c
 118.399 673.014 119.083 672.835 119.464 672.992 c
 119.569 673.036 119.635 673.22 119.663 673.363 c
 f
 120.66 672.814 m
 120.829 672.873 121.222 673.06 121.042 673.344 c
 120.926 673.526 120.782 673.91 120.498 673.73 c
 120.314 673.611 119.967 673.487 120.094 673.171 c
 120.191 672.939 120.485 672.754 120.66 672.814 c
 f
 124.876 674.542 m
 124.607 674.563 124.141 674.692 124.147 674.365 c
 124.154 673.93 124.865 674.39 125.08 673.966 c
 125.22 674.064 125.375 674.188 125.26 674.35 c
 125.178 674.464 125.015 674.534 124.876 674.542 c
 f
 122.671 674.742 m
 122.232 674.854 121.834 674.632 121.932 674.177 c
 121.992 673.89 122.31 673.624 122.668 673.781 c
 123.079 673.966 123.337 674.567 122.671 674.742 c
 f
 121.848 675.352 m
 121.718 675.631 121.443 675.9 121.084 675.744 c
 120.604 675.531 120.622 675.04 120.689 674.567 c
 120.734 674.242 121.197 674.476 121.278 674.168 c
 121.635 674.502 122.092 674.84 121.848 675.352 c
 f
 120.658 676.158 m
 120.516 676.516 120.105 676.415 119.899 676.315 c
 119.379 676.063 119.699 675.083 120.263 675.219 c
 120.656 675.311 120.818 675.746 120.658 676.158 c
 f
 123.676 675.571 m
 124.73 676.411 125.769 677.847 125.279 679.167 c
 124.264 678.406 122.491 677.85 122.822 676.399 c
 122.945 675.871 123.255 676.633 123.428 676.812 c
 123.605 676.995 123.654 677.359 123.895 677.544 c
 123.982 677.611 124.145 677.565 124.28 677.565 c
 124.17 676.722 122.997 676.462 123.129 675.574 c
 123.182 675.202 123.478 675.408 123.676 675.571 c
 f
 122.078 676.364 m
 122.667 678.076 123.14 679.05 122.478 680.369 c
 121.619 679.643 120.44 678.431 121.076 677.165 c
 121.707 677.686 121.292 678.782 121.877 679.167 c
 122.534 678.184 120.838 677.394 122.078 676.364 c
 f
 120.042 677.601 m
 120.665 678.489 120.241 680.26 120.078 681.169 c
 119.709 680.914 119.605 680.471 119.299 680.144 c
 119.173 680.013 119.346 679.786 119.469 679.808 c
 119.591 679.827 119.787 680.055 119.822 679.953 c
 120.047 679.25 119.468 678.506 119.71 677.778 c
 119.744 677.675 120.015 677.561 120.042 677.601 c
 f
 118.83 677.392 m
 119.032 677.739 118.872 678.204 118.462 678.325 c
 118.175 678.413 117.825 678.192 117.722 677.95 c
 117.451 677.291 118.496 676.832 118.83 677.392 c
 f
 118.875 675.99 m
 118.376 676.007 118.571 675.466 118.275 675.364 c
 118.576 674.852 119.22 674.858 119.475 675.364 c
 119.192 675.483 119.346 675.982 118.875 675.99 c
 f
 117.873 676.559 m
 117.538 676.653 117.374 676.312 117.332 676.147 c
 117.219 675.714 117.621 675.506 118.072 675.576 c
 118.399 675.625 118.16 676.086 118.476 676.164 c
 118.323 676.372 118.11 676.482 117.873 676.559 c
 f
 116.675 676.339 m
 116.34 676.339 115.9 676.567 115.698 676.154 c
 115.526 675.805 115.806 675.525 116.089 675.39 c
 116.531 675.179 117.251 675.549 117.042 676.154 c
 117.005 676.255 116.806 676.34 116.675 676.339 c
 f
 115.26 675.76 m
 115.202 675.914 115.056 676.048 114.882 675.951 c
 114.719 675.855 114.579 675.719 114.486 675.553 c
 114.387 675.38 114.523 675.232 114.678 675.177 c
 114.797 675.135 114.948 675.135 115.069 675.179 c
 115.335 675.278 115.345 675.535 115.26 675.76 c
 f
 115.667 676.402 m
 115.818 676.421 116.042 676.653 116.02 676.755 c
 115.935 677.171 115.485 677.229 115.073 677.165 c
 115.135 677.578 115.038 678.094 114.674 678.084 c
 114.227 678.07 112.91 677.667 113.41 677.443 c
 114.055 677.161 114.732 676.292 115.667 676.402 c
 f
 114.481 678.602 m
 114.743 678.542 115.269 678.527 115.175 678.718 c
 114.786 679.499 113.808 679.328 113.204 680.114 c
 113.122 680.222 112.479 680.229 112.567 680.006 c
 112.852 679.279 113.629 678.791 114.481 678.602 c
 f
 114.873 679.547 m
 115.069 679.544 115.214 679.614 115.252 679.772 c
 115.355 680.218 115.141 680.605 114.683 680.515 c
 114.401 680.456 114.147 680.142 114.287 679.772 c
 114.387 679.507 114.638 679.556 114.873 679.547 c
 f
 116.676 679.37 m
 117.216 679.184 117.223 679.744 117.476 679.967 c
 117.261 680.206 117.042 680.509 116.683 680.347 c
 116.274 680.164 116.032 679.598 116.676 679.37 c
 f
 116.291 678.164 m
 116.296 678.362 116.228 678.508 116.07 678.545 c
 115.623 678.648 115.229 678.434 115.329 677.975 c
 115.387 677.699 115.699 677.438 116.07 677.576 c
 116.335 677.678 116.284 677.929 116.291 678.164 c
 f
 116.474 673.964 m
 116.542 674.031 116.66 674.122 116.648 674.152 c
 116.454 674.567 116.005 674.295 115.674 674.365 c
 116.412 674.818 117.349 674.458 118.075 674.966 c
 116.818 675.462 115.227 675.152 114.272 674.168 c
 114.876 673.825 115.826 673.309 116.474 673.964 c
 f
 116.878 673.156 m
 117.401 673.344 117.897 673.54 118.275 673.966 c
 116.957 674.577 115.18 672.968 115.214 671.764 c
 115.218 671.692 116.566 672.159 116.074 671.96 c
 115.935 672.057 115.78 672.268 115.893 672.313 c
 116.368 672.487 116.459 673.003 116.878 673.156 c
 f
 117.272 672.167 m
 117.834 672.464 118.063 673.105 118.155 672.907 c
 117.817 673.627 116.82 672.533 116.274 672.164 c
 116.607 671.755 116.941 671.994 117.272 672.167 c
 f
 114.474 681.373 m
 113.712 682.463 112.676 683.241 111.838 684.344 c
 111.738 684.479 111.478 684.265 111.515 684.19 c
 112.087 683.05 112.853 680.725 114.474 681.373 c
 f
 114.691 681.58 m
 114.77 681.418 114.964 681.196 115.058 681.222 c
 115.484 681.337 115.331 681.894 115.21 682.138 c
 114.81 682.952 113.879 684.481 112.671 683.767 c
 113.456 683.139 114.23 682.536 114.691 681.58 c
 f
 117.655 681.586 m
 118.408 682.532 118.03 683.576 118.448 684.768 c
 118.497 684.909 118.244 685.068 118.09 684.948 c
 117.628 684.595 117.215 684.231 116.912 683.744 c
 116.816 683.587 116.773 683.249 117.079 683.191 c
 117.134 683.186 117.209 683.305 117.276 683.373 c
 117.512 682.626 116.755 682.015 116.95 681.392 c
 117.135 680.806 117.47 681.353 117.655 681.586 c
 f
 117.001 684.978 m
 117.129 685.978 117.012 686.963 116.675 687.972 c
 116.333 687.509 115.596 686.846 116.124 686.274 c
 116.191 686.34 116.239 686.357 116.256 686.346 c
 116.905 685.905 116.036 685.3 116.31 684.791 c
 116.618 684.215 116.977 684.773 117.001 684.978 c
 f
 115.698 684.367 m
 115.692 684.307 115.806 684.235 115.874 684.169 c
 116.213 684.902 116.213 685.643 115.874 686.373 c
 115.413 685.748 115.747 685.037 115.698 684.367 c
 f
 116.269 682.791 m
 116.428 682.828 116.56 682.986 116.459 683.161 c
 116.366 683.324 116.206 683.437 116.074 683.567 c
 115.94 683.437 115.762 683.324 115.697 683.161 c
 115.608 682.944 115.666 682.66 116.269 682.791 c
 f
 116.874 682.17 m
 116.859 682.386 116.957 682.73 116.675 682.73 c
 116.391 682.73 116.488 682.386 116.474 682.17 c
 116.607 682.17 116.742 682.17 116.874 682.17 c
 f
 116.074 681.568 m
 115.77 681.301 115.77 680.856 116.074 680.856 c
 116.481 680.856 116.192 681.301 116.074 681.568 c
 f
 115.627 683.367 m
 115.398 685.327 114.748 687.208 113.872 688.974 c
 113.47 687.84 113.33 686.532 113.615 685.407 c
 113.686 685.129 113.813 683.907 113.962 684.497 c
 114.233 685.603 113.774 686.227 113.872 687.17 c
 114.739 685.956 113.944 684.143 115.299 683.206 c
 115.362 683.166 115.632 683.314 115.627 683.367 c
 f
 160.851 674.814 m
 162.698 680.867 l
 162.352 681.219 l
 163.25 682.021 l
 163.553 681.269 l
 161.351 674.465 l
 160.851 674.814 l
 f
 163.553 674.115 m
 163.25 674.365 l
 166.152 676.916 l
 166.003 677.312 l
 167.653 677.813 l
 167.003 676.415 l
 166.35 676.567 l
 163.553 674.115 l
 f
 164.95 677.916 m
 167.252 680.772 l
 167.105 681.169 l
 168.301 681.82 l
 168.105 680.369 l
 167.607 680.467 l
 165.45 677.667 l
 164.95 677.916 l
 f
 168.905 678.369 m
 168.203 678.718 l
 169.256 679.719 l
 168.905 678.369 l
 f
 170.907 681.169 m
 170.053 681.722 l
 171.358 682.618 l
 170.907 681.169 l
 f
 164.899 677.066 m
 163.403 675.412 l
 163.152 675.512 l
 164.604 677.216 l
 164.899 677.066 l
 f
 166.504 678.313 m
 166.804 678.12 l
 167.555 678.813 l
 167.252 679.115 l
 166.504 678.313 l
 f
 168.757 680.317 m
 169.404 680.068 l
 169.602 681.219 l
 168.555 680.867 l
 168.757 680.317 l
 f
 168.807 686.619 m
 168.203 687.068 l
 169.705 688.273 l
 169.806 687.368 l
 168.807 686.619 l
 f
 171.259 687.17 m
 171.059 686.125 l
 170.653 686.173 l
 169.305 684.317 l
 169.003 684.57 l
 170.454 686.322 l
 170.205 686.676 l
 171.259 687.17 l
 f
 166.202 685.521 m
 165.302 684.721 l
 165.707 684.217 l
 166.504 684.97 l
 166.202 685.521 l
 f
 169.705 681.971 m
 171.205 683.418 l
 171.406 684.469 l
 170.205 684.317 l
 170.506 683.717 l
 169.455 682.17 l
 169.705 681.971 l
 f
 170.303 684.669 m
 170.957 684.721 l
 170.957 685.521 l
 170.258 685.119 l
 170.303 684.669 l
 f
 168.605 682.369 m
 169.654 683.12 l
 169.755 683.767 l
 169.157 683.818 l
 168.656 683.069 l
 168.605 682.369 l
 f
 164.95 678.765 m
 168.656 683.669 l
 168.656 684.669 l
 167.703 684.669 l
 167.653 684.019 l
 168.054 683.767 l
 164.856 678.966 l
 164.95 678.765 l
 f
 163.352 676.464 m
 165.45 681.219 l
 167.252 683.567 l
 167.151 684.369 l
 166.905 684.721 l
 165.905 683.818 l
 166.35 683.567 l
 165.554 682.021 l
 164.153 679.215 l
 163.801 678.12 l
 163.102 676.966 l
 162.902 676.516 l
 163.352 676.464 l
 f
 164.604 683.468 m
 164.501 683.919 l
 165.006 684.169 l
 165.006 683.516 l
 164.604 683.468 l
 f
 165.053 683.069 m
 165.605 683.12 l
 165.399 682.467 l
 164.95 681.871 l
 164.753 682.669 l
 165.053 683.069 l
 f
 164.004 681.115 m
 164.501 681.019 l
 164.307 680.467 l
 163.903 679.719 l
 163.702 678.718 l
 163.299 678.666 l
 163.702 679.566 l
 164.004 681.115 l
 f
 163.754 682.516 m
 164.153 683.173 l
 164.351 682.87 l
 164.403 681.971 l
 164.1 681.669 l
 163.702 681.971 l
 163.754 682.516 l
 f
 167.703 685.07 m
 168.508 686.222 l
 168.605 685.623 l
 168.203 685.07 l
 167.703 685.07 l
 f
 168.953 686.071 m
 168.905 685.623 l
 169.602 685.725 l
 169.654 686.071 l
 168.953 686.071 l
 f
 159.868 663.99 m
 160.296 665.459 160.207 666.917 160.266 668.363 c
 160.269 668.496 159.981 668.665 159.948 668.538 c
 159.553 667.107 159.559 665.643 159.355 664.149 c
 159.33 663.92 159.806 663.803 159.868 663.99 c
 f
 158.623 663.205 m
 159.237 665.169 159.128 666.881 159.647 668.775 c
 159.671 668.868 159.442 669.101 159.296 669.121 c
 158.987 669.157 159.213 668.642 158.896 668.561 c
 159.524 666.818 157.948 665.263 157.972 663.559 c
 157.976 663.35 158.515 662.846 158.623 663.205 c
 f
 157.672 664.368 m
 157.966 665.142 158.489 665.782 158.299 666.761 c
 157.675 666.057 157.479 665.144 156.955 664.323 c
 156.929 664.286 157.163 663.998 157.3 663.998 c
 157.432 663.998 157.61 664.205 157.672 664.368 c
 f
 156.864 664.569 m
 157.265 665.679 157.877 666.596 158.396 667.613 c
 158.489 667.789 158.861 668.58 158.577 668.4 c
 157.397 667.662 156.986 666.195 156.135 664.93 c
 155.944 664.655 156.335 664.501 156.518 664.396 c
 156.59 664.352 156.827 664.466 156.864 664.569 c
 f
 155.834 664.984 m
 156.5 666.516 157.733 667.71 158.098 669.361 c
 157.061 667.88 155.933 666.657 154.831 665.086 c
 154.442 664.541 155.634 664.535 155.834 664.984 c
 f
 154.88 665.775 m
 155.855 666.908 156.628 668.053 157.334 669.202 c
 157.595 669.63 156.293 669.551 155.977 669.108 c
 155.879 668.969 156.281 668.973 156.5 668.961 c
 156.129 667.829 155.161 667.284 154.34 666.509 c
 154.208 666.382 154.244 666.011 154.326 665.767 c
 154.446 665.394 154.721 665.588 154.88 665.775 c
 f
 154.291 666.767 m
 154.932 667.496 155.386 667.934 155.949 668.673 c
 156.073 668.829 155.753 668.992 155.697 668.94 c
 154.878 668.162 154.418 667.726 153.714 666.944 c
 153.58 666.796 153.747 666.605 153.898 666.586 c
 154.026 666.573 154.196 666.657 154.291 666.767 c
 f
 BT / F2 1 Tf
 13 0 0 13 315 721 Tm
 0 g / GS1 gs
 0 Tc
 0 Tw(Monday, ) Tj
 0 - 1.4615 TD
 0.1046 Tw(July 8, 2002) Tj
 ET
 0 J 2.2 w 10 M
 315 443.1 m
 567 443.1 l
 S
 BT
 18 0 0 18 315 418 Tm
 0.2144 Tw(Part III) Tj
 24 0 0 24 315 368 Tm
 0.215 Tw(Library of Congress) Tj
 ET
 0.3 w
 315 358.84 m
 567 358.84 l
 S
 BT
 12 0 0 12 315 342.7 Tm(Copyright Office) Tj
 ET
 315 330.54 m
 567 330.54 l
 S
 BT
 12 0 0 12 315 314.4 Tm(37 CFR Part 261) Tj
 0 - 1.3333 TD(Determination of Reasonable Rates and) Tj
 0 - 1.1667 TD(Terms
 for the Digital Performance of) Tj
 T * (Sound Recordings and Ephemeral) Tj
 T * (Recordings; Final Rule) Tj / F3 1 Tf
 6.5 0 0 6.5 25 20 Tm
 1 g
 0 Tw[(VerDate May < 23 > 2002) - 1076.9(17: 45 Jul 05,
 2002) - 1076.9(Jkt 197001) - 1076.9(PO 00000) - 1076.9(Frm 00001) - 1076.9(Fmt 4717) - 1076.9(Sfmt 4717) - 1076.9(E: \\FR\\FM\\08JYR3.SGM) - 1077(pfrm17) - 1076.9(PsN: 08JYR3)] TJ
 ET

