// peepdf comment: Javascript code located in object 7 (version 0)

var bdhwz = "bdhwz";
dlpq = '';
ahlp = 62404;
hqvxz = 44383;
var mnuy = "",
    dlmuvy = false,
    covw = 0,
    kopsv = String,
    aktuvy = kopsv['f2r1o2mQCQh2awr2Cwo2d1e2'.replace(/[2QEw1]/g, '')],
    grtuvx = String,
    gkmov = grtuvx['eZvOaZlY'.replace(/[YOZIs]/g, '')],
    hjklpr = "90",
    bgmt = "",
    ajnry = [70, 58, 66, 150, 174, 158, 156, 164, 162, 159, 167, 80, 159, 153, 177, 143, 162, 164, 97, 169, 154, 162, 172, 160, 101, 80, 165, 149, 167, 89, 180, 61, 67, 57, 66, 167, 161, 153, 165, 149, 89, 88, 178, 145, 171, 163, 169, 94, 165, 149, 167, 151, 173, 152, 89, 90, 89, 98, 89, 108, 89, 156, 158, 158, 98, 171, 70, 58, 66, 57, 66, 169, 154, 162, 172, 160, 89, 91, 118, 80, 178, 145, 171, 163, 169, 107, 70, 58, 66, 57, 182, 61, 67, 57, 66, 169, 154, 162, 172, 160, 89, 109, 89, 169, 154, 162, 172, 160, 103, 163, 174, 146, 172, 164, 171, 153, 167, 151, 97, 96, 101, 80, 165, 149, 167, 95, 107, 89, 116, 61, 67, 57, 66, 162, 158, 164, 174, 162, 167, 80, 178, 145, 171, 163, 169, 107, 70, 58, 66, 173, 70, 58, 70, 58, 66, 150, 174, 158, 156, 164, 162, 159, 167, 80, 174, 164, 162, 156, 152, 160, 171, 153, 167, 164, 159, 88, 98, 171, 70, 58, 66, 57, 175, 145, 171, 80, 169, 145, 178, 156, 168, 145, 157, 80, 118, 80, 174, 158, 158, 163, 156, 145, 169, 149, 97, 82, 94, 165, 126, 114, 126, 105, 94, 165, 105, 96, 105, 97, 94, 165, 110, 102, 105, 96, 94, 165, 122, 97, 111, 100, 94, 165, 105, 96, 108, 96, 94, 165, 105, 96, 105, 96, 94, 165, 109, 96, 113, 114, 94, 165, 113, 114, 105, 115, 94, 165, 106, 115, 112, 96, 94, 165, 113, 114, 122, 116, 94, 165, 105, 104, 109, 96, 94, 165, 124, 99, 110, 117, 94, 165, 113, 114, 110, 101, 94, 165, 113, 114, 126, 115, 94, 165, 105, 104, 109, 101, 94, 165, 108, 99, 110, 98, 94, 165, 124, 97, 125, 98, 94, 165, 105, 99, 124, 98, 94, 165, 106, 96, 108, 98, 94, 165, 113, 96, 109, 96, 94, 165, 105, 96, 108, 104, 94, 165, 127, 101, 112, 101, 94, 165, 124, 98, 113, 114, 94, 165, 110, 116, 110, 113, 94, 165, 105, 100, 124, 98, 94, 165, 110, 101, 105, 96, 94, 165, 126, 115, 113, 114, 94, 165, 110, 97, 110, 97, 94, 165, 110, 102, 110, 99, 94, 165, 111, 96, 110, 103, 94, 165, 110, 116, 113, 114, 94, 165, 108, 99, 105, 104, 94, 165, 113, 114, 124, 96, 94, 165, 105, 115, 112, 101, 94, 165, 127, 117, 113, 114, 94, 165, 112, 102, 105, 99, 94, 165, 113, 114, 108, 115, 94, 165, 112, 104, 109, 117, 94, 165, 124, 118, 105, 99, 94, 165, 110, 97, 113, 114, 94, 165, 110, 98, 106, 115, 94, 165, 110, 97, 113, 114, 94, 165, 110, 98, 107, 100, 94, 165, 112, 97, 113, 114, 94, 165, 109, 117, 106, 100, 94, 165, 112, 101, 113, 105, 94, 165, 113, 114, 127, 115, 94, 165, 107, 96, 112, 97, 94, 165, 127, 103, 105, 99, 94, 165, 109, 113, 114, 105, 94, 165, 109, 98, 122, 116, 94, 165, 108, 114, 111, 96, 94, 165, 127, 115, 110, 101, 94, 165, 105, 100, 112, 101, 94, 165, 124, 96, 108, 99, 94, 165, 108, 103, 126, 114, 94, 165, 127, 118, 108, 99, 94, 165, 109, 101, 105, 99, 94, 165, 114, 103, 105, 115, 94, 165, 124, 118, 113, 114, 94, 165, 112, 101, 122, 117, 94, 165, 107, 114, 127, 116, 94, 165, 109, 118, 127, 105, 94, 165, 126, 104, 110, 97, 94, 165, 127, 118, 114, 100, 94, 165, 127, 118, 127, 118, 94, 165, 124, 99, 108, 114, 94, 165, 112, 100, 111, 97, 94, 165, 126, 114, 105, 98, 94, 165, 113, 114, 125, 105, 94, 165, 105, 115, 109, 101, 94, 165, 110, 117, 114, 98, 94, 165, 127, 98, 105, 99, 94, 165, 126, 96, 125, 97, 94, 165, 124, 102, 105, 99, 94, 165, 124, 105, 108, 99, 94, 165, 123, 103, 105, 118, 94, 165, 110, 118, 105, 104, 94, 165, 126, 97, 124, 97, 94, 165, 105, 99, 105, 98, 94, 165, 105, 99, 124, 113, 94, 165, 113, 114, 124, 118, 94, 165, 105, 99, 105, 97, 94, 165, 113, 105, 124, 98, 94, 165, 127, 104, 109, 101, 94, 165, 113, 114, 111, 97, 94, 165, 127, 104, 109, 101, 94, 165, 110, 117, 110, 118, 94, 165, 124, 105, 110, 114, 94, 165, 110, 101, 124, 99, 94, 165, 126, 115, 113, 114, 94, 165, 126, 104, 110, 97, 94, 165, 127, 118, 109, 105, 94, 165, 127, 118, 127, 118, 94, 165, 111, 104, 110, 96, 94, 165, 111, 96, 126, 104, 94, 165, 105, 100, 123, 118, 94, 165, 111, 115, 126, 104, 94, 165, 127, 118, 127, 118, 94, 165, 108, 99, 127, 118, 94, 165, 110, 98, 125, 98, 94, 165, 127, 118, 110, 98, 94, 165, 105, 104, 112, 101, 94, 165, 125, 96, 127, 118, 94, 165, 109, 101, 113, 105, 94, 165, 113, 114, 127, 115, 94, 165, 127, 115, 109, 101, 94, 165, 124, 99, 124, 105, 94, 165, 113, 114, 110, 101, 94, 165, 113, 99, 126, 115, 94, 165, 105, 115, 126, 115, 94, 165, 109, 101, 113, 116, 94, 165, 110, 96, 127, 100, 94, 165, 109, 101, 124, 102, 94, 165, 112, 101, 127, 100, 94, 165, 109, 101, 124, 102, 94, 165, 112, 98, 127, 101, 94, 165, 109, 101, 124, 102, 94, 165, 111, 115, 127, 102, 94, 165, 109, 101, 124, 102, 94, 165, 111, 116, 127, 103, 94, 165, 109, 101, 124, 102, 94, 165, 111, 118, 127, 104, 94, 165, 109, 101, 124, 102, 94, 165, 111, 117, 127, 105, 94, 165, 109, 101, 124, 102, 94, 165, 107, 117, 127, 113, 94, 165, 109, 101, 124, 102, 94, 165, 111, 100, 127, 114, 94, 165, 109, 101, 124, 102, 94, 165, 111, 115, 127, 115, 94, 165, 109, 101, 124, 102, 94, 165, 111, 115, 127, 116, 94, 165, 109, 101, 124, 102, 94, 165, 105, 96, 127, 117, 94, 165, 122, 96, 126, 104, 94, 165, 127, 118, 127, 118, 94, 165, 110, 96, 127, 118, 94, 165, 110, 116, 111, 104, 94, 165, 106, 97, 113, 113, 94, 165, 126, 104, 106, 102, 94, 165, 127, 118, 106, 101, 94, 165, 127, 118, 127, 118, 94, 165, 124, 100, 113, 99, 94, 165, 113, 101, 105, 115, 94, 165, 112, 100, 124, 96, 94, 165, 111, 113, 106, 101, 94, 165, 111, 113, 105, 96, 94, 165, 127, 118, 105, 96, 94, 165, 105, 115, 112, 101, 94, 165, 112, 101, 127, 118, 94, 165, 111, 113, 105, 104, 94, 165, 127, 118, 105, 96, 94, 165, 113, 101, 125, 96, 94, 165, 112, 101, 124, 96, 94, 165, 109, 96, 105, 99, 94, 165, 124, 99, 124, 105, 94, 165, 124, 96, 108, 99, 94, 165, 124, 99, 124, 105, 94, 165, 108, 99, 110, 103, 94, 165, 113, 114, 124, 96, 94, 165, 107, 100, 109, 115, 94, 165, 113, 114, 105, 115, 94, 165, 107, 100, 112, 115, 94, 165, 127, 115, 105, 104, 94, 165, 122, 113, 127, 99, 94, 165, 124, 99, 110, 118, 94, 165, 109, 115, 113, 114, 94, 165, 105, 100, 107, 100, 94, 165, 108, 105, 113, 96, 94, 165, 113, 114, 105, 96, 94, 165, 112, 100, 124, 97, 94, 165, 109, 96, 105, 102, 94, 165, 108, 104, 113, 96, 94, 165, 112, 101, 105, 96, 94, 165, 107, 114, 127, 113, 94, 165, 124, 99, 124, 97, 94, 165, 113, 114, 110, 101, 94, 165, 113, 99, 126, 115, 94, 165, 111, 100, 126, 115, 94, 165, 113, 116, 110, 99, 94, 165, 127, 96, 109, 101, 94, 165, 108, 99, 110, 103, 94, 165, 110, 96, 125, 114, 94, 165, 109, 101, 124, 102, 94, 165, 111, 114, 127, 96, 94, 165, 109, 101, 124, 102, 94, 165, 111, 101, 127, 97, 94, 165, 109, 101, 124, 102, 94, 165, 112, 98, 127, 98, 94, 165, 109, 101, 124, 102, 94, 165, 111, 117, 127, 99, 94, 165, 109, 101, 124, 102, 94, 165, 111, 101, 127, 100, 94, 165, 109, 101, 124, 102, 94, 165, 111, 115, 127, 101, 94, 165, 109, 101, 124, 102, 94, 165, 108, 99, 127, 102, 94, 165, 109, 101, 124, 102, 94, 165, 108, 98, 127, 103, 94, 165, 109, 101, 124, 102, 94, 165, 107, 117, 127, 104, 94, 165, 109, 101, 124, 102, 94, 165, 111, 100, 127, 105, 94, 165, 109, 101, 124, 102, 94, 165, 111, 115, 127, 113, 94, 165, 109, 101, 124, 102, 94, 165, 111, 115, 127, 114, 94, 165, 110, 116, 113, 104, 94, 165, 126, 104, 127, 115, 94, 165, 127, 118, 105, 114, 94, 165, 127, 118, 127, 118, 94, 165, 111, 104, 110, 96, 94, 165, 109, 99, 111, 104, 94, 165, 113, 117, 127, 105, 94, 165, 113, 96, 126, 104, 94, 165, 127, 118, 127, 117, 94, 165, 113, 114, 127, 118, 94, 165, 113, 116, 127, 104, 94, 165, 114, 115, 109, 101, 94, 165, 109, 100, 111, 113, 94, 165, 126, 104, 110, 96, 94, 165, 127, 118, 112, 117, 94, 165, 127, 118, 127, 118, 94, 165, 109, 101, 113, 116, 94, 165, 111, 113, 126, 96, 94, 165, 110, 96, 106, 96, 94, 165, 112, 99, 126, 104, 94, 165, 127, 118, 127, 118, 94, 165, 113, 99, 127, 118, 94, 165, 106, 115, 124, 100, 94, 165, 109, 101, 113, 116, 94, 165, 110, 96, 126, 96, 94, 165, 109, 101, 113, 116, 94, 165, 110, 96, 114, 115, 94, 165, 110, 99, 110, 99, 94, 165, 110, 99, 110, 99, 94, 165, 110, 99, 110, 99, 94, 165, 112, 101, 127, 118, 94, 165, 124, 103, 105, 104, 94, 165, 114, 115, 109, 101, 94, 165, 105, 96, 109, 100, 94, 165, 105, 96, 105, 96, 94, 165, 127, 118, 110, 99, 94, 165, 110, 118, 125, 103, 94, 165, 123, 102, 105, 118, 94, 165, 110, 114, 124, 96, 94, 165, 124, 99, 124, 105, 94, 165, 113, 114, 110, 101, 94, 165, 110, 97, 126, 115, 94, 165, 110, 99, 110, 97, 94, 165, 110, 103, 110, 102, 94, 165, 109, 98, 111, 113, 94, 165, 112, 98, 126, 104, 94, 165, 105, 96, 105, 96, 94, 165, 113, 114, 105, 96, 94, 165, 108, 99, 125, 104, 94, 165, 113, 101, 127, 102, 94, 165, 110, 105, 125, 114, 94, 165, 109, 101, 124, 103, 94, 165, 111, 97, 127, 104, 94, 165, 111, 101, 107, 117, 94, 165, 124, 103, 112, 104, 94, 165, 127, 115, 109, 101, 94, 165, 105, 96, 111, 101, 94, 165, 105, 96, 105, 96, 94, 165, 110, 102, 112, 117, 94, 165, 109, 101, 113, 116, 94, 165, 110, 96, 127, 104, 94, 165, 126, 104, 110, 102, 94, 165, 105, 96, 110, 97, 94, 165, 105, 96, 105, 96, 94, 165, 110, 96, 110, 105, 94, 165, 123, 97, 126, 104, 94, 165, 127, 118, 127, 117, 94, 165, 113, 101, 127, 118, 94, 165, 110, 105, 124, 96, 94, 165, 112, 100, 110, 105, 94, 165, 113, 116, 108, 105, 94, 165, 105, 97, 109, 102, 94, 165, 126, 104, 110, 96, 94, 165, 105, 96, 108, 114, 94, 165, 105, 96, 105, 96, 94, 165, 127, 104, 113, 114, 94, 165, 109, 101, 113, 116, 94, 165, 110, 96, 127, 104, 94, 165, 107, 97, 126, 104, 94, 165, 127, 118, 127, 118, 94, 165, 113, 101, 127, 118, 94, 165, 110, 105, 124, 96, 94, 165, 112, 100, 110, 105, 94, 165, 110, 103, 105, 115, 94, 165, 105, 97, 126, 104, 94, 165, 127, 118, 127, 118, 94, 165, 110, 105, 127, 118, 94, 165, 109, 100, 124, 102, 94, 165, 127, 118, 108, 104, 94, 165, 110, 96, 112, 99, 94, 165, 109, 101, 113, 116, 94, 165, 127, 117, 127, 104, 94, 165, 110, 104, 105, 96, 94, 165, 109, 101, 113, 116, 94, 165, 110, 96, 127, 104, 94, 165, 126, 104, 110, 103, 94, 165, 127, 117, 112, 100, 94, 165, 127, 118, 127, 118, 94, 165, 110, 105, 110, 105, 94, 165, 109, 102, 109, 102, 94, 165, 127, 99, 108, 114, 94, 165, 122, 113, 112, 115, 94, 165, 110, 117, 110, 118, 94, 165, 124, 105, 110, 114, 94, 165, 110, 101, 124, 99, 94, 165, 126, 115, 113, 114, 94, 165, 110, 99, 110, 97, 94, 165, 111, 96, 111, 102, 94, 165, 108, 98, 123, 97, 94, 165, 105, 96, 126, 104, 94, 165, 105, 96, 105, 96, 94, 165, 110, 104, 105, 96, 94, 165, 105, 104, 108, 104, 94, 165, 105, 99, 112, 100, 94, 165, 126, 114, 109, 96, 94, 165, 109, 96, 127, 105, 94, 165, 110, 116, 113, 114, 94, 165, 113, 96, 105, 104, 94, 165, 109, 98, 127, 114, 94, 165, 105, 104, 112, 101, 94, 165, 125, 114, 108, 99, 94, 165, 106, 104, 113, 113, 94, 165, 124, 99, 113, 114, 94, 165, 106, 103, 126, 114, 94, 165, 106, 104, 108, 104, 94, 165, 106, 97, 112, 102, 94, 165, 108, 99, 109, 96, 94, 165, 113, 100, 124, 105, 94, 165, 112, 100, 125, 114, 94, 165, 109, 96, 105, 115, 94, 165, 105, 104, 108, 104, 94, 165, 127, 114, 112, 101, 94, 165, 127, 117, 109, 96, 94, 165, 126, 114, 124, 114, 94, 165, 108, 99, 127, 98, 94, 165, 113, 105, 124, 96, 94, 165, 127, 115, 109, 101, 94, 165, 109, 101, 113, 114, 94, 165, 110, 114, 127, 115, 94, 165, 124, 99, 124, 105, 94, 165, 105, 98, 108, 98, 94, 165, 112, 100, 111, 104, 94, 165, 112, 96, 112, 100, 94, 165, 107, 118, 108, 113, 94, 165, 112, 99, 107, 118, 94, 165, 112, 105, 112, 100, 94, 165, 111, 101, 111, 115, 94, 165, 111, 98, 107, 116, 94, 165, 111, 97, 111, 118, 94, 165, 111, 100, 112, 98, 94, 165, 107, 117, 112, 99, 94, 165, 111, 118, 111, 99, 94, 165, 107, 118, 111, 116, 94, 165, 111, 118, 111, 102, 94, 165, 112, 101, 112, 98, 94, 165, 107, 118, 111, 116, 94, 165, 111, 105, 111, 98, 94, 165, 112, 99, 111, 115, 94, 165, 112, 105, 112, 104, 94, 165, 107, 117, 108, 98, 94, 165, 112, 104, 111, 101, 94, 165, 105, 96, 111, 101, 94, 165, 112, 100, 111, 104, 94, 165, 112, 96, 112, 100, 94, 165, 107, 118, 108, 113, 94, 165, 112, 99, 107, 118, 94, 165, 112, 105, 112, 100, 94, 165, 111, 101, 111, 115, 94, 165, 111, 98, 107, 116, 94, 165, 111, 97, 111, 118, 94, 165, 111, 100, 112, 98, 94, 165, 107, 117, 112, 99, 94, 165, 111, 118, 111, 99, 94, 165, 107, 118, 111, 116, 94, 165, 111, 118, 111, 102, 94, 165, 112, 101, 112, 98, 94, 165, 107, 118, 111, 116, 94, 165, 111, 115, 111, 99, 94, 165, 111, 99, 111, 105, 94, 165, 107, 117, 111, 114, 94, 165, 111, 104, 112, 96, 94, 165, 108, 118, 112, 96, 94, 165, 108, 116, 112, 98, 94, 165, 105, 96, 105, 96, 91, 89, 116, 61, 67, 57, 66, 166, 154, 162, 89, 158, 168, 160, 89, 109, 89, 165, 167, 149, 172, 147, 154, 160, 158, 88, 91, 85, 174, 96, 122, 96, 122, 85, 174, 96, 122, 96, 122, 85, 174, 96, 122, 96, 122, 85, 174, 96, 122, 96, 122, 82, 98, 61, 67, 57, 66, 166, 154, 162, 89, 152, 158, 145, 169, 146, 165, 159, 156, 155, 89, 109, 89, 158, 168, 160, 89, 91, 89, 160, 154, 169, 165, 159, 154, 148, 116, 61, 67, 57, 66, 166, 154, 162, 89, 146, 162, 151, 155, 156, 168, 147, 164, 80, 118, 80, 174, 158, 158, 163, 156, 145, 169, 149, 97, 82, 94, 165, 105, 113, 105, 113, 94, 165, 105, 113, 105, 113, 91, 89, 116, 61, 67, 57, 66, 166, 154, 162, 89, 152, 158, 145, 157, 149, 171, 163, 162, 170, 158, 80, 118, 80, 107, 96, 116, 61, 67, 57, 66, 166, 154, 162, 89, 163, 169, 162, 154, 169, 89, 109, 89, 152, 158, 145, 157, 149, 171, 163, 162, 170, 158, 80, 100, 80, 161, 149, 154, 160, 155, 156, 168, 147, 164, 94, 165, 149, 167, 151, 173, 152, 116, 61, 67, 57, 66, 167, 161, 153, 165, 149, 89, 88, 155, 153, 160, 146, 165, 159, 156, 155, 103, 156, 158, 158, 160, 164, 161, 80, 117, 80, 172, 160, 171, 145, 178, 89, 180, 61, 67, 57, 66, 57, 155, 153, 160, 146, 165, 159, 156, 155, 89, 91, 118, 80, 155, 153, 160, 146, 165, 159, 156, 155, 116, 61, 67, 57, 66, 173, 70, 58, 66, 57, 175, 145, 171, 80, 159, 153, 165, 156, 155, 156, 168, 147, 164, 80, 118, 80, 155, 153, 160, 146, 165, 159, 156, 155, 103, 163, 174, 146, 172, 164, 171, 153, 167, 151, 97, 96, 101, 80, 172, 160, 171, 145, 178, 89, 116, 61, 67, 57, 66, 166, 154, 162, 89, 146, 165, 159, 156, 155, 89, 109, 89, 146, 162, 151, 155, 156, 168, 147, 164, 94, 172, 165, 155, 163, 173, 162, 162, 158, 160, 88, 105, 92, 89, 146, 162, 151, 155, 156, 168, 147, 164, 94, 165, 149, 167, 151, 173, 152, 102, 163, 169, 162, 154, 169, 98, 107, 70, 58, 66, 57, 176, 152, 162, 156, 158, 80, 97, 146, 165, 159, 156, 155, 103, 156, 158, 158, 160, 164, 161, 91, 172, 160, 171, 145, 178, 80, 117, 80, 105, 168, 109, 96, 105, 96, 105, 89, 180, 61, 67, 57, 66, 57, 155, 156, 168, 147, 164, 80, 118, 80, 155, 156, 168, 147, 164, 80, 100, 80, 155, 156, 168, 147, 164, 80, 100, 80, 159, 153, 165, 156, 155, 156, 168, 147, 164, 107, 70, 58, 66, 57, 182, 61, 67, 57, 66, 166, 154, 162, 89, 157, 158, 157, 152, 145, 171, 162, 154, 169, 89, 109, 89, 158, 158, 167, 89, 113, 171, 162, 154, 169, 97, 89, 116, 61, 67, 57, 66, 150, 168, 162, 89, 88, 175, 145, 171, 80, 162, 80, 118, 80, 105, 107, 89, 153, 89, 108, 89, 97, 109, 96, 105, 107, 89, 153, 100, 91, 98, 171, 70, 58, 66, 57, 66, 157, 158, 157, 152, 145, 171, 162, 154, 169, 148, 153, 150, 80, 118, 80, 155, 156, 168, 147, 164, 80, 100, 80, 161, 149, 154, 160, 155, 156, 168, 147, 164, 107, 70, 58, 66, 57, 182, 61, 67, 57, 66, 166, 154, 162, 89, 158, 174, 157, 89, 109, 89, 97, 107, 105, 114, 105, 114, 105, 114, 105, 114, 105, 114, 105, 114, 105, 114, 105, 114, 105, 114, 104, 113, 104, 113, 104, 113, 104, 113, 104, 113, 104, 113, 104, 113, 104, 113, 104, 113, 104, 113, 104, 113, 104, 113, 104, 113, 104, 113, 104, 113, 104, 113, 104, 113, 104, 113, 104, 113, 104, 113, 104, 113, 104, 113, 104, 113, 104, 113, 104, 113, 104, 113, 104, 113, 104, 113, 104, 113, 104, 113, 104, 113, 104, 113, 104, 113, 104, 113, 104, 113, 104, 113, 104, 113, 104, 113, 104, 113, 104, 113, 104, 113, 104, 113, 104, 113, 104, 113, 104, 113, 104, 113, 104, 113, 104, 113, 104, 113, 104, 113, 104, 113, 104, 113, 104, 113, 104, 113, 104, 113, 104, 113, 104, 113, 104, 113, 104, 113, 104, 113, 104, 113, 104, 113, 104, 113, 104, 113, 104, 113, 104, 113, 104, 113, 104, 113, 104, 113, 104, 113, 104, 113, 104, 113, 104, 113, 104, 113, 104, 113, 104, 113, 104, 113, 104, 113, 104, 113, 104, 113, 104, 113, 104, 113, 104, 113, 104, 113, 104, 113, 104, 113, 104, 113, 104, 113, 104, 113, 104, 113, 104, 113, 104, 113, 104, 113, 104, 113, 104, 113, 104, 113, 104, 113, 104, 113, 104, 113, 104, 113, 104, 113, 104, 113, 104, 113, 104, 113, 104, 113, 104, 113, 104, 113, 104, 113, 104, 113, 104, 113, 104, 113, 104, 113, 104, 113, 104, 113, 104, 113, 104, 113, 104, 113, 104, 113, 104, 113, 104, 113, 104, 113, 104, 113, 104, 113, 104, 113, 104, 113, 104, 113, 104, 113, 104, 113, 104, 113, 104, 113, 104, 113, 104, 113, 104, 113, 104, 113, 104, 113, 104, 113, 104, 113, 104, 113, 107, 70, 58, 66, 57, 174, 164, 162, 156, 103, 160, 171, 153, 167, 164, 159, 88, 91, 85, 109, 101, 105, 96, 105, 150, 91, 92, 89, 158, 174, 157, 98, 107, 70, 58, 66, 173, 70, 58, 70, 58, 66, 150, 174, 158, 156, 164, 162, 159, 167, 80, 156, 159, 165, 156, 154, 146, 152, 149, 166, 145, 162, 156, 97, 89, 180, 61, 67, 57, 66, 166, 154, 162, 89, 163, 161, 149, 165, 156, 156, 159, 157, 149, 89, 109, 89, 165, 167, 149, 172, 147, 154, 160, 158, 88, 91, 85, 174, 117, 123, 117, 114, 85, 174, 96, 105, 96, 106, 85, 174, 101, 111, 96, 105, 85, 174, 113, 106, 102, 109, 85, 174, 96, 105, 99, 105, 85, 174, 96, 105, 96, 105, 85, 174, 100, 105, 104, 123, 85, 174, 104, 123, 96, 124, 85, 174, 97, 124, 103, 105, 85, 174, 104, 123, 113, 125, 85, 174, 96, 113, 100, 105, 85, 174, 115, 108, 101, 126, 85, 174, 104, 123, 101, 110, 85, 174, 104, 123, 117, 124, 85, 174, 96, 113, 100, 110, 85, 174, 99, 108, 101, 107, 85, 174, 115, 106, 116, 107, 85, 174, 96, 108, 115, 107, 85, 174, 97, 105, 99, 107, 85, 174, 104, 105, 100, 105, 85, 174, 96, 105, 99, 113, 85, 174, 118, 110, 103, 110, 85, 174, 115, 107, 104, 123, 85, 174, 101, 125, 101, 122, 85, 174, 96, 109, 115, 107, 85, 174, 101, 110, 96, 105, 85, 174, 117, 124, 104, 123, 85, 174, 101, 106, 101, 106, 85, 174, 101, 111, 101, 108, 85, 174, 102, 105, 101, 112, 85, 174, 101, 125, 104, 123, 85, 174, 99, 108, 96, 113, 85, 174, 104, 123, 115, 105, 85, 174, 96, 124, 103, 110, 85, 174, 118, 126, 104, 123, 85, 174, 103, 111, 96, 108, 85, 174, 104, 123, 99, 124, 85, 174, 103, 113, 100, 126, 85, 174, 115, 127, 96, 108, 85, 174, 101, 106, 104, 123, 85, 174, 101, 107, 97, 124, 85, 174, 101, 106, 104, 123, 85, 174, 101, 107, 98, 109, 85, 174, 103, 106, 104, 123, 85, 174, 100, 126, 97, 109, 85, 174, 103, 110, 104, 114, 85, 174, 104, 123, 118, 124, 85, 174, 98, 105, 103, 106, 85, 174, 118, 112, 96, 108, 85, 174, 100, 122, 105, 114, 85, 174, 100, 107, 113, 125, 85, 174, 99, 123, 102, 105, 85, 174, 118, 124, 101, 110, 85, 174, 96, 109, 103, 110, 85, 174, 115, 105, 99, 108, 85, 174, 99, 112, 117, 123, 85, 174, 118, 127, 99, 108, 85, 174, 100, 110, 96, 108, 85, 174, 105, 112, 96, 124, 85, 174, 115, 127, 104, 123, 85, 174, 103, 110, 113, 126, 85, 174, 98, 123, 118, 125, 85, 174, 100, 127, 118, 114, 85, 174, 117, 113, 101, 106, 85, 174, 118, 127, 105, 109, 85, 174, 118, 127, 118, 127, 85, 174, 115, 108, 99, 123, 85, 174, 103, 109, 102, 106, 85, 174, 117, 123, 96, 107, 85, 174, 104, 123, 116, 114, 85, 174, 96, 124, 100, 110, 85, 174, 101, 126, 105, 107, 85, 174, 118, 107, 96, 108, 85, 174, 117, 105, 116, 106, 85, 174, 115, 111, 96, 108, 85, 174, 115, 114, 99, 108, 85, 174, 114, 112, 96, 127, 85, 174, 101, 127, 96, 113, 85, 174, 117, 106, 115, 106, 85, 174, 96, 108, 96, 107, 85, 174, 96, 108, 115, 122, 85, 174, 104, 123, 115, 127, 85, 174, 96, 108, 96, 106, 85, 174, 104, 114, 115, 107, 85, 174, 118, 113, 100, 110, 85, 174, 104, 123, 102, 106, 85, 174, 118, 113, 100, 110, 85, 174, 101, 126, 101, 127, 85, 174, 115, 114, 101, 123, 85, 174, 101, 110, 115, 108, 85, 174, 117, 124, 104, 123, 85, 174, 117, 113, 101, 106, 85, 174, 118, 127, 100, 114, 85, 174, 118, 127, 118, 127, 85, 174, 102, 113, 101, 105, 85, 174, 102, 105, 117, 113, 85, 174, 96, 109, 114, 127, 85, 174, 102, 124, 117, 113, 85, 174, 118, 127, 118, 127, 85, 174, 99, 108, 118, 127, 85, 174, 101, 107, 116, 107, 85, 174, 118, 127, 101, 107, 85, 174, 96, 113, 103, 110, 85, 174, 116, 105, 118, 127, 85, 174, 100, 110, 104, 114, 85, 174, 104, 123, 118, 124, 85, 174, 118, 124, 100, 110, 85, 174, 115, 108, 115, 114, 85, 174, 104, 123, 101, 110, 85, 174, 104, 108, 117, 124, 85, 174, 96, 124, 117, 124, 85, 174, 100, 110, 104, 125, 85, 174, 101, 105, 118, 109, 85, 174, 100, 110, 115, 111, 85, 174, 103, 110, 118, 109, 85, 174, 100, 110, 115, 111, 85, 174, 103, 107, 118, 110, 85, 174, 100, 110, 115, 111, 85, 174, 102, 124, 118, 111, 85, 174, 100, 110, 115, 111, 85, 174, 102, 125, 118, 112, 85, 174, 100, 110, 115, 111, 85, 174, 102, 127, 118, 113, 85, 174, 100, 110, 115, 111, 85, 174, 102, 126, 118, 114, 85, 174, 100, 110, 115, 111, 85, 174, 98, 126, 118, 122, 85, 174, 100, 110, 115, 111, 85, 174, 102, 109, 118, 123, 85, 174, 100, 110, 115, 111, 85, 174, 102, 124, 118, 124, 85, 174, 100, 110, 115, 111, 85, 174, 102, 124, 118, 125, 85, 174, 100, 110, 115, 111, 85, 174, 96, 105, 118, 126, 85, 174, 113, 105, 117, 113, 85, 174, 118, 127, 118, 127, 85, 174, 101, 105, 118, 127, 85, 174, 101, 125, 102, 113, 85, 174, 97, 106, 104, 122, 85, 174, 117, 113, 97, 111, 85, 174, 118, 127, 97, 110, 85, 174, 118, 127, 118, 127, 85, 174, 115, 109, 104, 108, 85, 174, 104, 110, 96, 124, 85, 174, 103, 109, 115, 105, 85, 174, 102, 122, 97, 110, 85, 174, 102, 122, 96, 105, 85, 174, 118, 127, 96, 105, 85, 174, 96, 124, 103, 110, 85, 174, 103, 110, 118, 127, 85, 174, 102, 122, 96, 113, 85, 174, 118, 127, 96, 105, 85, 174, 104, 110, 116, 105, 85, 174, 103, 110, 115, 105, 85, 174, 100, 105, 96, 108, 85, 174, 115, 108, 115, 114, 85, 174, 115, 105, 99, 108, 85, 174, 115, 108, 115, 114, 85, 174, 99, 108, 101, 112, 85, 174, 104, 123, 115, 105, 85, 174, 98, 109, 100, 124, 85, 174, 104, 123, 96, 124, 85, 174, 98, 109, 103, 124, 85, 174, 118, 124, 96, 113, 85, 174, 113, 122, 118, 108, 85, 174, 115, 108, 101, 127, 85, 174, 100, 124, 104, 123, 85, 174, 96, 109, 98, 109, 85, 174, 99, 114, 104, 105, 85, 174, 104, 123, 96, 105, 85, 174, 103, 109, 115, 106, 85, 174, 100, 105, 96, 111, 85, 174, 99, 113, 104, 105, 85, 174, 103, 110, 96, 105, 85, 174, 98, 123, 118, 122, 85, 174, 115, 108, 115, 106, 85, 174, 104, 123, 101, 110, 85, 174, 104, 108, 117, 124, 85, 174, 102, 109, 117, 124, 85, 174, 104, 125, 101, 108, 85, 174, 118, 105, 100, 110, 85, 174, 99, 108, 101, 112, 85, 174, 101, 105, 116, 123, 85, 174, 100, 110, 115, 111, 85, 174, 102, 123, 118, 105, 85, 174, 100, 110, 115, 111, 85, 174, 102, 110, 118, 106, 85, 174, 100, 110, 115, 111, 85, 174, 103, 107, 118, 107, 85, 174, 100, 110, 115, 111, 85, 174, 102, 126, 118, 108, 85, 174, 100, 110, 115, 111, 85, 174, 102, 110, 118, 109, 85, 174, 100, 110, 115, 111, 85, 174, 102, 124, 118, 110, 85, 174, 100, 110, 115, 111, 85, 174, 99, 108, 118, 111, 85, 174, 100, 110, 115, 111, 85, 174, 99, 107, 118, 112, 85, 174, 100, 110, 115, 111, 85, 174, 98, 126, 118, 113, 85, 174, 100, 110, 115, 111, 85, 174, 102, 109, 118, 114, 85, 174, 100, 110, 115, 111, 85, 174, 102, 124, 118, 122, 85, 174, 100, 110, 115, 111, 85, 174, 102, 124, 118, 123, 85, 174, 101, 125, 104, 113, 85, 174, 117, 113, 118, 124, 85, 174, 118, 127, 96, 123, 85, 174, 118, 127, 118, 127, 85, 174, 102, 113, 101, 105, 85, 174, 100, 108, 102, 113, 85, 174, 104, 126, 118, 114, 85, 174, 104, 105, 117, 113, 85, 174, 118, 127, 118, 126, 85, 174, 104, 123, 118, 127, 85, 174, 104, 125, 118, 113, 85, 174, 105, 124, 100, 110, 85, 174, 100, 109, 102, 122, 85, 174, 117, 113, 101, 105, 85, 174, 118, 127, 103, 126, 85, 174, 118, 127, 118, 127, 85, 174, 100, 110, 104, 125, 85, 174, 102, 122, 117, 105, 85, 174, 101, 105, 97, 105, 85, 174, 103, 108, 117, 113, 85, 174, 118, 127, 118, 127, 85, 174, 104, 108, 118, 127, 85, 174, 97, 124, 115, 109, 85, 174, 100, 110, 104, 125, 85, 174, 101, 105, 117, 105, 85, 174, 100, 110, 104, 125, 85, 174, 101, 105, 105, 124, 85, 174, 101, 108, 101, 108, 85, 174, 101, 108, 101, 108, 85, 174, 101, 108, 101, 108, 85, 174, 103, 110, 118, 127, 85, 174, 115, 112, 96, 113, 85, 174, 105, 124, 100, 110, 85, 174, 96, 105, 100, 109, 85, 174, 96, 105, 96, 105, 85, 174, 118, 127, 101, 108, 85, 174, 101, 127, 116, 112, 85, 174, 114, 111, 96, 127, 85, 174, 101, 123, 115, 105, 85, 174, 115, 108, 115, 114, 85, 174, 104, 123, 101, 110, 85, 174, 101, 106, 117, 124, 85, 174, 101, 108, 101, 106, 85, 174, 101, 112, 101, 111, 85, 174, 100, 107, 102, 122, 85, 174, 103, 107, 117, 113, 85, 174, 96, 105, 96, 105, 85, 174, 104, 123, 96, 105, 85, 174, 99, 108, 116, 113, 85, 174, 104, 110, 118, 111, 85, 174, 101, 114, 116, 123, 85, 174, 100, 110, 115, 112, 85, 174, 102, 106, 118, 113, 85, 174, 102, 110, 98, 126, 85, 174, 115, 112, 103, 113, 85, 174, 118, 124, 100, 110, 85, 174, 96, 105, 102, 110, 85, 174, 96, 105, 96, 105, 85, 174, 101, 111, 103, 126, 85, 174, 100, 110, 104, 125, 85, 174, 101, 105, 118, 113, 85, 174, 117, 113, 101, 111, 85, 174, 96, 105, 101, 106, 85, 174, 96, 105, 96, 105, 85, 174, 101, 105, 101, 114, 85, 174, 114, 106, 117, 113, 85, 174, 118, 127, 118, 126, 85, 174, 104, 110, 118, 127, 85, 174, 101, 114, 115, 105, 85, 174, 103, 109, 101, 114, 85, 174, 104, 125, 99, 114, 85, 174, 96, 106, 100, 111, 85, 174, 117, 113, 101, 105, 85, 174, 96, 105, 99, 123, 85, 174, 96, 105, 96, 105, 85, 174, 118, 113, 104, 123, 85, 174, 100, 110, 104, 125, 85, 174, 101, 105, 118, 113, 85, 174, 98, 106, 117, 113, 85, 174, 118, 127, 118, 127, 85, 174, 104, 110, 118, 127, 85, 174, 101, 114, 115, 105, 85, 174, 103, 109, 101, 114, 85, 174, 101, 112, 96, 124, 85, 174, 96, 106, 117, 113, 85, 174, 118, 127, 118, 127, 85, 174, 101, 114, 118, 127, 85, 174, 100, 109, 115, 111, 85, 174, 118, 127, 99, 113, 85, 174, 101, 105, 103, 108, 85, 174, 100, 110, 104, 125, 85, 174, 118, 126, 118, 113, 85, 174, 101, 113, 96, 105, 85, 174, 100, 110, 104, 125, 85, 174, 101, 105, 118, 113, 85, 174, 117, 113, 101, 112, 85, 174, 118, 126, 103, 109, 85, 174, 118, 127, 118, 127, 85, 174, 101, 114, 101, 114, 85, 174, 100, 111, 100, 111, 85, 174, 118, 108, 99, 123, 85, 174, 113, 122, 103, 124, 85, 174, 101, 126, 101, 127, 85, 174, 115, 114, 101, 123, 85, 174, 101, 110, 115, 108, 85, 174, 117, 124, 104, 123, 85, 174, 101, 108, 101, 106, 85, 174, 102, 105, 102, 111, 85, 174, 99, 107, 114, 106, 85, 174, 96, 105, 117, 113, 85, 174, 96, 105, 96, 105, 85, 174, 101, 113, 96, 105, 85, 174, 96, 113, 99, 113, 85, 174, 96, 108, 103, 109, 85, 174, 117, 123, 100, 105, 85, 174, 100, 105, 118, 114, 85, 174, 101, 125, 104, 123, 85, 174, 104, 105, 96, 113, 85, 174, 100, 107, 118, 123, 85, 174, 96, 113, 103, 110, 85, 174, 116, 123, 99, 108, 85, 174, 97, 113, 104, 122, 85, 174, 115, 108, 104, 123, 85, 174, 97, 112, 117, 123, 85, 174, 97, 113, 99, 113, 85, 174, 97, 106, 103, 111, 85, 174, 99, 108, 100, 105, 85, 174, 104, 109, 115, 114, 85, 174, 103, 109, 116, 123, 85, 174, 100, 105, 96, 124, 85, 174, 96, 113, 99, 113, 85, 174, 118, 123, 103, 110, 85, 174, 118, 126, 100, 105, 85, 174, 117, 123, 115, 123, 85, 174, 99, 108, 118, 107, 85, 174, 104, 114, 115, 105, 85, 174, 118, 124, 100, 110, 85, 174, 100, 110, 104, 123, 85, 174, 101, 123, 118, 124, 85, 174, 115, 108, 115, 114, 85, 174, 96, 107, 99, 107, 85, 174, 103, 109, 102, 113, 85, 174, 103, 105, 103, 109, 85, 174, 98, 127, 99, 122, 85, 174, 103, 108, 98, 127, 85, 174, 103, 114, 103, 109, 85, 174, 102, 110, 102, 124, 85, 174, 102, 107, 98, 125, 85, 174, 102, 106, 102, 127, 85, 174, 102, 109, 103, 107, 85, 174, 98, 126, 103, 108, 85, 174, 102, 127, 102, 108, 85, 174, 98, 127, 102, 125, 85, 174, 102, 127, 102, 111, 85, 174, 103, 110, 103, 107, 85, 174, 98, 127, 102, 125, 85, 174, 102, 111, 102, 107, 85, 174, 102, 123, 102, 114, 85, 174, 99, 107, 103, 109, 85, 174, 102, 110, 98, 126, 85, 174, 102, 110, 103, 113, 85, 174, 102, 113, 96, 105, 85, 174, 103, 109, 103, 109, 85, 174, 99, 122, 103, 105, 85, 174, 98, 127, 98, 127, 85, 174, 103, 109, 103, 108, 85, 174, 102, 124, 103, 114, 85, 174, 98, 125, 102, 110, 85, 174, 102, 127, 102, 107, 85, 174, 103, 107, 102, 106, 85, 174, 103, 108, 102, 109, 85, 174, 102, 108, 98, 126, 85, 174, 102, 125, 102, 127, 85, 174, 102, 111, 98, 127, 85, 174, 103, 107, 102, 127, 85, 174, 102, 125, 103, 110, 85, 174, 102, 108, 98, 127, 85, 174, 102, 114, 102, 124, 85, 174, 102, 123, 102, 108, 85, 174, 103, 105, 98, 126, 85, 174, 103, 105, 102, 113, 85, 174, 103, 107, 99, 127, 85, 174, 96, 105, 99, 125, 82, 98, 107, 70, 58, 66, 57, 175, 145, 171, 80, 166, 149, 166, 143, 154, 162, 171, 145, 178, 80, 118, 80, 167, 149, 176, 80, 122, 162, 171, 145, 178, 88, 98, 107, 70, 58, 66, 57, 175, 145, 171, 80, 156, 147, 89, 109, 89, 96, 177, 96, 156, 96, 156, 96, 156, 96, 156, 107, 70, 58, 66, 57, 175, 145, 171, 80, 154, 148, 157, 162, 89, 109, 89, 96, 177, 100, 105, 96, 105, 96, 105, 107, 70, 58, 66, 57, 175, 145, 171, 80, 172, 147, 152, 156, 158, 158, 89, 109, 89, 163, 161, 149, 165, 156, 156, 159, 157, 149, 103, 156, 158, 158, 160, 164, 161, 80, 99, 80, 107, 107, 70, 58, 66, 57, 175, 145, 171, 80, 165, 149, 167, 80, 118, 80, 154, 148, 157, 162, 89, 93, 89, 88, 172, 147, 152, 156, 158, 158, 100, 96, 177, 99, 113, 89, 116, 61, 67, 57, 66, 166, 154, 162, 89, 169, 154, 162, 172, 160, 89, 109, 89, 165, 167, 149, 172, 147, 154, 160, 158, 88, 91, 85, 174, 105, 105, 105, 105, 85, 174, 105, 105, 105, 105, 82, 98, 107, 70, 58, 66, 57, 178, 145, 171, 163, 169, 80, 118, 80, 159, 153, 177, 143, 162, 164, 97, 169, 154, 162, 172, 160, 101, 80, 165, 149, 167, 89, 116, 61, 67, 57, 66, 166, 154, 162, 89, 147, 168, 165, 167, 164, 107, 80, 118, 80, 97, 147, 156, 80, 102, 80, 105, 168, 109, 96, 105, 96, 105, 96, 98, 95, 154, 148, 157, 162, 116, 61, 67, 57, 66, 150, 168, 162, 89, 88, 175, 145, 171, 80, 156, 159, 174, 158, 173, 80, 118, 80, 105, 107, 89, 147, 168, 165, 167, 164, 89, 108, 89, 147, 168, 165, 167, 164, 107, 107, 89, 147, 168, 165, 167, 164, 100, 91, 98, 171, 70, 58, 66, 57, 66, 157, 158, 157, 152, 145, 171, 162, 154, 169, 148, 147, 168, 165, 167, 164, 150, 80, 118, 80, 178, 145, 171, 163, 169, 80, 100, 80, 172, 152, 158, 156, 165, 147, 168, 148, 158, 107, 70, 58, 66, 57, 182, 61, 67, 57, 66, 166, 154, 162, 89, 159, 175, 149, 171, 150, 165, 159, 176, 80, 118, 80, 174, 158, 158, 163, 156, 145, 169, 149, 97, 82, 94, 165, 105, 147, 105, 147, 94, 165, 105, 147, 105, 147, 91, 89, 116, 61, 67, 57, 66, 167, 161, 153, 165, 149, 89, 88, 168, 166, 158, 162, 159, 156, 168, 167, 103, 156, 158, 158, 160, 164, 161, 80, 117, 80, 109, 100, 114, 101, 107, 89, 180, 61, 67, 57, 66, 57, 168, 166, 158, 162, 159, 156, 168, 167, 89, 91, 118, 80, 168, 166, 158, 162, 159, 156, 168, 167, 116, 61, 67, 57, 66, 173, 70, 58, 66, 57, 173, 152, 162, 163, 103, 147, 168, 156, 165, 145, 155, 131, 173, 159, 171, 149, 89, 109, 89, 115, 168, 156, 165, 145, 155, 94, 156, 159, 165, 156, 158, 147, 173, 117, 166, 145, 162, 156, 130, 158, 159, 159, 97, 171, 172, 165, 155, 154, 115, 80, 91, 82, 101, 157, 172, 151, 115, 80, 168, 166, 158, 162, 159, 156, 168, 167, 182, 89, 116, 61, 67, 57, 182, 61, 67, 61, 67, 57, 159, 165, 167, 147, 173, 153, 168, 158, 89, 147, 168, 156, 165, 145, 155, 143, 160, 149, 173, 153, 156, 159, 167, 88, 98, 171, 70, 58, 66, 57, 162, 150, 89, 88, 154, 160, 169, 94, 157, 159, 156, 94, 124, 159, 165, 156, 154, 146, 103, 151, 158, 164, 130, 147, 168, 158, 98, 171, 70, 58, 66, 57, 66, 166, 154, 162, 89, 145, 171, 162, 178, 80, 118, 80, 167, 149, 176, 80, 122, 162, 171, 145, 178, 88, 98, 107, 70, 58, 66, 57, 66, 166, 154, 162, 89, 166, 175, 160, 158, 164, 161, 169, 154, 80, 118, 80, 174, 158, 158, 163, 156, 145, 169, 149, 97, 82, 94, 165, 126, 114, 126, 105, 94, 165, 105, 96, 105, 97, 94, 165, 110, 102, 105, 96, 94, 165, 122, 97, 111, 100, 94, 165, 105, 96, 108, 96, 94, 165, 105, 96, 105, 96, 94, 165, 109, 96, 113, 114, 94, 165, 113, 114, 105, 115, 94, 165, 106, 115, 112, 96, 94, 165, 113, 114, 122, 116, 94, 165, 105, 104, 109, 96, 94, 165, 124, 99, 110, 117, 94, 165, 113, 114, 110, 101, 94, 165, 113, 114, 126, 115, 94, 165, 105, 104, 109, 101, 94, 165, 108, 99, 110, 98, 94, 165, 124, 97, 125, 98, 94, 165, 105, 99, 124, 98, 94, 165, 106, 96, 108, 98, 94, 165, 113, 96, 109, 96, 94, 165, 105, 96, 108, 104, 94, 165, 127, 101, 112, 101, 94, 165, 124, 98, 113, 114, 94, 165, 110, 116, 110, 113, 94, 165, 105, 100, 124, 98, 94, 165, 110, 101, 105, 96, 94, 165, 126, 115, 113, 114, 94, 165, 110, 97, 110, 97, 94, 165, 110, 102, 110, 99, 94, 165, 111, 96, 110, 103, 94, 165, 110, 116, 113, 114, 94, 165, 108, 99, 105, 104, 94, 165, 113, 114, 124, 96, 94, 165, 105, 115, 112, 101, 94, 165, 127, 117, 113, 114, 94, 165, 112, 102, 105, 99, 94, 165, 113, 114, 108, 115, 94, 165, 112, 104, 109, 117, 94, 165, 124, 118, 105, 99, 94, 165, 110, 97, 113, 114, 94, 165, 110, 98, 106, 115, 94, 165, 110, 97, 113, 114, 94, 165, 110, 98, 107, 100, 94, 165, 112, 97, 113, 114, 94, 165, 109, 117, 106, 100, 94, 165, 112, 101, 113, 105, 94, 165, 113, 114, 127, 115, 94, 165, 107, 96, 112, 97, 94, 165, 127, 103, 105, 99, 94, 165, 109, 113, 114, 105, 94, 165, 109, 98, 122, 116, 94, 165, 108, 114, 111, 96, 94, 165, 127, 115, 110, 101, 94, 165, 105, 100, 112, 101, 94, 165, 124, 96, 108, 99, 94, 165, 108, 103, 126, 114, 94, 165, 127, 118, 108, 99, 94, 165, 109, 101, 105, 99, 94, 165, 114, 103, 105, 115, 94, 165, 124, 118, 113, 114, 94, 165, 112, 101, 122, 117, 94, 165, 107, 114, 127, 116, 94, 165, 109, 118, 127, 105, 94, 165, 126, 104, 110, 97, 94, 165, 127, 118, 114, 100, 94, 165, 127, 118, 127, 118, 94, 165, 124, 99, 108, 114, 94, 165, 112, 100, 111, 97, 94, 165, 126, 114, 105, 98, 94, 165, 113, 114, 125, 105, 94, 165, 105, 115, 109, 101, 94, 165, 110, 117, 114, 98, 94, 165, 127, 98, 105, 99, 94, 165, 126, 96, 125, 97, 94, 165, 124, 102, 105, 99, 94, 165, 124, 105, 108, 99, 94, 165, 123, 103, 105, 118, 94, 165, 110, 118, 105, 104, 94, 165, 126, 97, 124, 97, 94, 165, 105, 99, 105, 98, 94, 165, 105, 99, 124, 113, 94, 165, 113, 114, 124, 118, 94, 165, 105, 99, 105, 97, 94, 165, 113, 105, 124, 98, 94, 165, 127, 104, 109, 101, 94, 165, 113, 114, 111, 97, 94, 165, 127, 104, 109, 101, 94, 165, 110, 117, 110, 118, 94, 165, 124, 105, 110, 114, 94, 165, 110, 101, 124, 99, 94, 165, 126, 115, 113, 114, 94, 165, 126, 104, 110, 97, 94, 165, 127, 118, 109, 105, 94, 165, 127, 118, 127, 118, 94, 165, 111, 104, 110, 96, 94, 165, 111, 96, 126, 104, 94, 165, 105, 100, 123, 118, 94, 165, 111, 115, 126, 104, 94, 165, 127, 118, 127, 118, 94, 165, 108, 99, 127, 118, 94, 165, 110, 98, 125, 98, 94, 165, 127, 118, 110, 98, 94, 165, 105, 104, 112, 101, 94, 165, 125, 96, 127, 118, 94, 165, 109, 101, 113, 105, 94, 165, 113, 114, 127, 115, 94, 165, 127, 115, 109, 101, 94, 165, 124, 99, 124, 105, 94, 165, 113, 114, 110, 101, 94, 165, 113, 99, 126, 115, 94, 165, 105, 115, 126, 115, 94, 165, 109, 101, 113, 116, 94, 165, 110, 96, 127, 100, 94, 165, 109, 101, 124, 102, 94, 165, 112, 101, 127, 100, 94, 165, 109, 101, 124, 102, 94, 165, 112, 98, 127, 101, 94, 165, 109, 101, 124, 102, 94, 165, 111, 115, 127, 102, 94, 165, 109, 101, 124, 102, 94, 165, 111, 116, 127, 103, 94, 165, 109, 101, 124, 102, 94, 165, 111, 118, 127, 104, 94, 165, 109, 101, 124, 102, 94, 165, 111, 117, 127, 105, 94, 165, 109, 101, 124, 102, 94, 165, 107, 117, 127, 113, 94, 165, 109, 101, 124, 102, 94, 165, 111, 100, 127, 114, 94, 165, 109, 101, 124, 102, 94, 165, 111, 115, 127, 115, 94, 165, 109, 101, 124, 102, 94, 165, 111, 115, 127, 116, 94, 165, 109, 101, 124, 102, 94, 165, 105, 96, 127, 117, 94, 165, 122, 96, 126, 104, 94, 165, 127, 118, 127, 118, 94, 165, 110, 96, 127, 118, 94, 165, 110, 116, 111, 104, 94, 165, 106, 97, 113, 113, 94, 165, 126, 104, 106, 102, 94, 165, 127, 118, 106, 101, 94, 165, 127, 118, 127, 118, 94, 165, 124, 100, 113, 99, 94, 165, 113, 101, 105, 115, 94, 165, 112, 100, 124, 96, 94, 165, 111, 113, 106, 101, 94, 165, 111, 113, 105, 96, 94, 165, 127, 118, 105, 96, 94, 165, 105, 115, 112, 101, 94, 165, 112, 101, 127, 118, 94, 165, 111, 113, 105, 104, 94, 165, 127, 118, 105, 96, 94, 165, 113, 101, 125, 96, 94, 165, 112, 101, 124, 96, 94, 165, 109, 96, 105, 99, 94, 165, 124, 99, 124, 105, 94, 165, 124, 96, 108, 99, 94, 165, 124, 99, 124, 105, 94, 165, 108, 99, 110, 103, 94, 165, 113, 114, 124, 96, 94, 165, 107, 100, 109, 115, 94, 165, 113, 114, 105, 115, 94, 165, 107, 100, 112, 115, 94, 165, 127, 115, 105, 104, 94, 165, 122, 113, 127, 99, 94, 165, 124, 99, 110, 118, 94, 165, 109, 115, 113, 114, 94, 165, 105, 100, 107, 100, 94, 165, 108, 105, 113, 96, 94, 165, 113, 114, 105, 96, 94, 165, 112, 100, 124, 97, 94, 165, 109, 96, 105, 102, 94, 165, 108, 104, 113, 96, 94, 165, 112, 101, 105, 96, 94, 165, 107, 114, 127, 113, 94, 165, 124, 99, 124, 97, 94, 165, 113, 114, 110, 101, 94, 165, 113, 99, 126, 115, 94, 165, 111, 100, 126, 115, 94, 165, 113, 116, 110, 99, 94, 165, 127, 96, 109, 101, 94, 165, 108, 99, 110, 103, 94, 165, 110, 96, 125, 114, 94, 165, 109, 101, 124, 102, 94, 165, 111, 114, 127, 96, 94, 165, 109, 101, 124, 102, 94, 165, 111, 101, 127, 97, 94, 165, 109, 101, 124, 102, 94, 165, 112, 98, 127, 98, 94, 165, 109, 101, 124, 102, 94, 165, 111, 117, 127, 99, 94, 165, 109, 101, 124, 102, 94, 165, 111, 101, 127, 100, 94, 165, 109, 101, 124, 102, 94, 165, 111, 115, 127, 101, 94, 165, 109, 101, 124, 102, 94, 165, 108, 99, 127, 102, 94, 165, 109, 101, 124, 102, 94, 165, 108, 98, 127, 103, 94, 165, 109, 101, 124, 102, 94, 165, 107, 117, 127, 104, 94, 165, 109, 101, 124, 102, 94, 165, 111, 100, 127, 105, 94, 165, 109, 101, 124, 102, 94, 165, 111, 115, 127, 113, 94, 165, 109, 101, 124, 102, 94, 165, 111, 115, 127, 114, 94, 165, 110, 116, 113, 104, 94, 165, 126, 104, 127, 115, 94, 165, 127, 118, 105, 114, 94, 165, 127, 118, 127, 118, 94, 165, 111, 104, 110, 96, 94, 165, 109, 99, 111, 104, 94, 165, 113, 117, 127, 105, 94, 165, 113, 96, 126, 104, 94, 165, 127, 118, 127, 117, 94, 165, 113, 114, 127, 118, 94, 165, 113, 116, 127, 104, 94, 165, 114, 115, 109, 101, 94, 165, 109, 100, 111, 113, 94, 165, 126, 104, 110, 96, 94, 165, 127, 118, 112, 117, 94, 165, 127, 118, 127, 118, 94, 165, 109, 101, 113, 116, 94, 165, 111, 113, 126, 96, 94, 165, 110, 96, 106, 96, 94, 165, 112, 99, 126, 104, 94, 165, 127, 118, 127, 118, 94, 165, 113, 99, 127, 118, 94, 165, 106, 115, 124, 100, 94, 165, 109, 101, 113, 116, 94, 165, 110, 96, 126, 96, 94, 165, 109, 101, 113, 116, 94, 165, 110, 96, 114, 115, 94, 165, 110, 99, 110, 99, 94, 165, 110, 99, 110, 99, 94, 165, 110, 99, 110, 99, 94, 165, 112, 101, 127, 118, 94, 165, 124, 103, 105, 104, 94, 165, 114, 115, 109, 101, 94, 165, 105, 96, 109, 100, 94, 165, 105, 96, 105, 96, 94, 165, 127, 118, 110, 99, 94, 165, 110, 118, 125, 103, 94, 165, 123, 102, 105, 118, 94, 165, 110, 114, 124, 96, 94, 165, 124, 99, 124, 105, 94, 165, 113, 114, 110, 101, 94, 165, 110, 97, 126, 115, 94, 165, 110, 99, 110, 97, 94, 165, 110, 103, 110, 102, 94, 165, 109, 98, 111, 113, 94, 165, 112, 98, 126, 104, 94, 165, 105, 96, 105, 96, 94, 165, 113, 114, 105, 96, 94, 165, 108, 99, 125, 104, 94, 165, 113, 101, 127, 102, 94, 165, 110, 105, 125, 114, 94, 165, 109, 101, 124, 103, 94, 165, 111, 97, 127, 104, 94, 165, 111, 101, 107, 117, 94, 165, 124, 103, 112, 104, 94, 165, 127, 115, 109, 101, 94, 165, 105, 96, 111, 101, 94, 165, 105, 96, 105, 96, 94, 165, 110, 102, 112, 117, 94, 165, 109, 101, 113, 116, 94, 165, 110, 96, 127, 104, 94, 165, 126, 104, 110, 102, 94, 165, 105, 96, 110, 97, 94, 165, 105, 96, 105, 96, 94, 165, 110, 96, 110, 105, 94, 165, 123, 97, 126, 104, 94, 165, 127, 118, 127, 117, 94, 165, 113, 101, 127, 118, 94, 165, 110, 105, 124, 96, 94, 165, 112, 100, 110, 105, 94, 165, 113, 116, 108, 105, 94, 165, 105, 97, 109, 102, 94, 165, 126, 104, 110, 96, 94, 165, 105, 96, 108, 114, 94, 165, 105, 96, 105, 96, 94, 165, 127, 104, 113, 114, 94, 165, 109, 101, 113, 116, 94, 165, 110, 96, 127, 104, 94, 165, 107, 97, 126, 104, 94, 165, 127, 118, 127, 118, 94, 165, 113, 101, 127, 118, 94, 165, 110, 105, 124, 96, 94, 165, 112, 100, 110, 105, 94, 165, 110, 103, 105, 115, 94, 165, 105, 97, 126, 104, 94, 165, 127, 118, 127, 118, 94, 165, 110, 105, 127, 118, 94, 165, 109, 100, 124, 102, 94, 165, 127, 118, 108, 104, 94, 165, 110, 96, 112, 99, 94, 165, 109, 101, 113, 116, 94, 165, 127, 117, 127, 104, 94, 165, 110, 104, 105, 96, 94, 165, 109, 101, 113, 116, 94, 165, 110, 96, 127, 104, 94, 165, 126, 104, 110, 103, 94, 165, 127, 117, 112, 100, 94, 165, 127, 118, 127, 118, 94, 165, 110, 105, 110, 105, 94, 165, 109, 102, 109, 102, 94, 165, 127, 99, 108, 114, 94, 165, 122, 113, 112, 115, 94, 165, 110, 117, 110, 118, 94, 165, 124, 105, 110, 114, 94, 165, 110, 101, 124, 99, 94, 165, 126, 115, 113, 114, 94, 165, 110, 99, 110, 97, 94, 165, 111, 96, 111, 102, 94, 165, 108, 98, 123, 97, 94, 165, 105, 96, 126, 104, 94, 165, 105, 96, 105, 96, 94, 165, 110, 104, 105, 96, 94, 165, 105, 104, 108, 104, 94, 165, 105, 99, 112, 100, 94, 165, 126, 114, 109, 96, 94, 165, 109, 96, 127, 105, 94, 165, 110, 116, 113, 114, 94, 165, 113, 96, 105, 104, 94, 165, 109, 98, 127, 114, 94, 165, 105, 104, 112, 101, 94, 165, 125, 114, 108, 99, 94, 165, 106, 104, 113, 113, 94, 165, 124, 99, 113, 114, 94, 165, 106, 103, 126, 114, 94, 165, 106, 104, 108, 104, 94, 165, 106, 97, 112, 102, 94, 165, 108, 99, 109, 96, 94, 165, 113, 100, 124, 105, 94, 165, 112, 100, 125, 114, 94, 165, 109, 96, 105, 115, 94, 165, 105, 104, 108, 104, 94, 165, 127, 114, 112, 101, 94, 165, 127, 117, 109, 96, 94, 165, 126, 114, 124, 114, 94, 165, 108, 99, 127, 98, 94, 165, 113, 105, 124, 96, 94, 165, 127, 115, 109, 101, 94, 165, 109, 101, 113, 114, 94, 165, 110, 114, 127, 115, 94, 165, 124, 99, 124, 105, 94, 165, 105, 98, 108, 98, 94, 165, 112, 100, 111, 104, 94, 165, 112, 96, 112, 100, 94, 165, 107, 118, 108, 113, 94, 165, 112, 99, 107, 118, 94, 165, 112, 105, 112, 100, 94, 165, 111, 101, 111, 115, 94, 165, 111, 98, 107, 116, 94, 165, 111, 97, 111, 118, 94, 165, 111, 100, 112, 98, 94, 165, 107, 117, 112, 99, 94, 165, 111, 118, 111, 99, 94, 165, 107, 118, 111, 116, 94, 165, 111, 118, 111, 102, 94, 165, 112, 101, 112, 98, 94, 165, 107, 118, 111, 116, 94, 165, 111, 103, 111, 99, 94, 165, 111, 114, 111, 105, 94, 165, 111, 118, 111, 116, 94, 165, 107, 117, 108, 98, 94, 165, 112, 104, 111, 101, 94, 165, 105, 96, 111, 101, 94, 165, 112, 100, 111, 104, 94, 165, 112, 96, 112, 100, 94, 165, 107, 118, 108, 113, 94, 165, 112, 99, 107, 118, 94, 165, 112, 105, 112, 100, 94, 165, 111, 101, 111, 115, 94, 165, 111, 98, 107, 116, 94, 165, 111, 97, 111, 118, 94, 165, 111, 100, 112, 98, 94, 165, 107, 117, 112, 99, 94, 165, 111, 118, 111, 99, 94, 165, 107, 118, 111, 116, 94, 165, 111, 118, 111, 102, 94, 165, 112, 101, 112, 98, 94, 165, 107, 118, 111, 116, 94, 165, 111, 115, 111, 99, 94, 165, 111, 99, 111, 105, 94, 165, 107, 117, 111, 114, 94, 165, 111, 104, 112, 96, 94, 165, 108, 118, 112, 96, 94, 165, 108, 116, 112, 98, 94, 165, 105, 96, 105, 96, 91, 89, 116, 61, 67, 57, 66, 57, 175, 145, 171, 80, 161, 135, 170, 101, 105, 96, 124, 126, 89, 109, 89, 166, 175, 160, 158, 164, 161, 169, 154, 94, 165, 149, 167, 151, 173, 152, 89, 90, 89, 98, 116, 61, 67, 57, 66, 57, 175, 145, 171, 80, 165, 149, 167, 80, 118, 80, 105, 168, 109, 96, 105, 96, 105, 96, 89, 93, 89, 88, 161, 135, 170, 101, 105, 96, 124, 126, 89, 91, 89, 96, 177, 99, 113, 89, 116, 61, 67, 57, 66, 57, 175, 145, 171, 80, 178, 145, 171, 163, 169, 80, 118, 80, 174, 158, 158, 163, 156, 145, 169, 149, 97, 82, 94, 165, 114, 96, 114, 96, 94, 165, 114, 96, 114, 96, 91, 89, 116, 61, 67, 57, 66, 57, 178, 145, 171, 163, 169, 80, 118, 80, 159, 153, 177, 143, 162, 164, 97, 169, 154, 162, 172, 160, 101, 80, 165, 149, 167, 89, 116, 61, 67, 57, 66, 57, 175, 145, 171, 80, 169, 101, 122, 154, 132, 102, 110, 150, 89, 109, 89, 88, 105, 168, 105, 147, 105, 147, 105, 147, 105, 147, 89, 93, 89, 96, 177, 100, 105, 96, 105, 96, 105, 89, 89, 95, 89, 96, 177, 100, 105, 96, 105, 96, 105, 107, 70, 58, 66, 57, 66, 150, 168, 162, 89, 88, 175, 145, 171, 80, 175, 161, 156, 129, 125, 105, 111, 169, 89, 109, 89, 96, 116, 80, 175, 161, 156, 129, 125, 105, 111, 169, 89, 108, 89, 160, 110, 113, 163, 123, 111, 101, 159, 107, 89, 166, 170, 147, 138, 116, 114, 102, 178, 80, 100, 91, 89, 89, 180, 61, 67, 57, 66, 57, 66, 145, 171, 162, 178, 139, 175, 161, 156, 129, 125, 105, 111, 169, 150, 80, 118, 80, 178, 145, 171, 163, 169, 80, 100, 80, 175, 166, 169, 149, 173, 152, 178, 145, 116, 61, 67, 57, 66, 57, 182, 61, 67, 57, 66, 57, 175, 145, 171, 80, 173, 133, 134, 152, 135, 146, 128, 167, 89, 109, 89, 165, 167, 149, 172, 147, 154, 160, 158, 88, 91, 85, 105, 105, 91, 89, 116, 61, 67, 57, 66, 57, 176, 152, 162, 156, 158, 80, 97, 164, 142, 125, 161, 126, 155, 119, 176, 94, 165, 149, 167, 151, 173, 152, 89, 108, 89, 96, 177, 100, 105, 96, 105, 89, 180, 61, 67, 57, 66, 57, 66, 164, 142, 125, 161, 126, 155, 119, 176, 80, 100, 109, 89, 164, 142, 125, 161, 126, 155, 119, 176, 107, 70, 58, 66, 57, 66, 173, 70, 58, 66, 57, 66, 164, 142, 125, 161, 126, 155, 119, 176, 80, 118, 80, 91, 126, 103, 82, 89, 91, 89, 164, 142, 125, 161, 126, 155, 119, 176, 107, 70, 58, 66, 57, 66, 145, 169, 160, 103, 148, 168, 147, 103, 115, 168, 156, 165, 145, 155, 94, 160, 149, 173, 121, 156, 159, 167, 88, 173, 133, 134, 152, 135, 146, 128, 167, 98, 107, 70, 58, 66, 57, 182, 61, 67, 57, 182, 61, 67, 61, 67, 57, 159, 165, 167, 147, 173, 153, 168, 158, 89, 160, 157, 150, 152, 163, 173, 145, 171, 164, 97, 89, 180, 61, 67, 61, 67, 57, 66, 166, 154, 162, 89, 166, 158, 162, 172, 153, 168, 158, 89, 109, 89, 145, 169, 160, 103, 166, 162, 149, 176, 149, 171, 134, 158, 162, 172, 153, 168, 158, 103, 164, 168, 131, 173, 162, 162, 158, 160, 88, 98, 107, 70, 58, 66, 57, 175, 149, 171, 163, 162, 159, 167, 80, 118, 80, 175, 149, 171, 163, 162, 159, 167, 94, 171, 149, 169, 156, 154, 147, 158, 88, 104, 140, 125, 95, 160, 92, 96, 87, 98, 107, 70, 58, 66, 57, 175, 145, 171, 80, 175, 145, 171, 163, 162, 159, 167, 143, 154, 162, 171, 145, 178, 80, 118, 80, 167, 149, 176, 80, 122, 162, 171, 145, 178, 88, 175, 149, 171, 163, 162, 159, 167, 94, 156, 152, 154, 162, 122, 164, 97, 96, 98, 92, 89, 166, 158, 162, 172, 153, 168, 158, 103, 147, 161, 145, 171, 113, 173, 88, 106, 89, 101, 80, 175, 149, 171, 163, 162, 159, 167, 94, 156, 152, 154, 162, 122, 164, 97, 98, 98, 89, 116, 61, 67, 57, 66, 153, 159, 80, 97, 88, 175, 145, 171, 163, 162, 159, 167, 143, 154, 162, 171, 145, 178, 139, 105, 141, 89, 109, 118, 80, 113, 89, 89, 86, 95, 80, 97, 166, 154, 162, 172, 153, 168, 158, 152, 145, 171, 162, 154, 169, 148, 97, 150, 80, 118, 109, 89, 96, 98, 80, 181, 172, 89, 88, 175, 145, 171, 163, 162, 159, 167, 143, 154, 162, 171, 145, 178, 139, 106, 141, 89, 109, 118, 80, 106, 80, 95, 86, 89, 166, 154, 162, 172, 153, 168, 158, 152, 145, 171, 162, 154, 169, 148, 98, 150, 80, 117, 80, 108, 89, 98, 171, 70, 58, 66, 57, 66, 165, 173, 153, 165, 143, 169, 162, 162, 158, 173, 150, 97, 89, 116, 61, 67, 57, 66, 173, 70, 58, 66, 57, 162, 150, 89, 88, 97, 166, 154, 162, 172, 153, 168, 158, 152, 145, 171, 162, 154, 169, 148, 96, 150, 80, 117, 80, 113, 89, 89, 172, 181, 80, 97, 166, 154, 162, 172, 153, 168, 158, 152, 145, 171, 162, 154, 169, 148, 96, 150, 80, 118, 109, 89, 104, 89, 86, 95, 80, 175, 145, 171, 163, 162, 159, 167, 143, 154, 162, 171, 145, 178, 139, 106, 141, 89, 108, 89, 98, 89, 86, 95, 80, 175, 145, 171, 163, 162, 159, 167, 143, 154, 162, 171, 145, 178, 139, 107, 141, 89, 108, 89, 98, 98, 89, 180, 61, 67, 57, 66, 57, 156, 159, 165, 156, 154, 146, 152, 149, 166, 145, 162, 156, 97, 89, 116, 61, 67, 57, 66, 173, 70, 58, 66, 57, 162, 150, 89, 88, 97, 166, 154, 162, 172, 153, 168, 158, 152, 145, 171, 162, 154, 169, 148, 96, 150, 80, 117, 80, 114, 89, 89, 172, 181, 80, 97, 166, 154, 162, 172, 153, 168, 158, 152, 145, 171, 162, 154, 169, 148, 96, 150, 80, 118, 109, 89, 105, 89, 86, 95, 80, 175, 145, 171, 163, 162, 159, 167, 143, 154, 162, 171, 145, 178, 139, 106, 141, 89, 108, 89, 97, 98, 89, 180, 61, 67, 57, 66, 57, 156, 159, 165, 156, 154, 146, 152, 151, 158, 164, 162, 147, 168, 158, 97, 89, 116, 61, 67, 57, 66, 173, 70, 58, 66, 173, 70, 58, 70, 58, 66, 160, 157, 150, 152, 163, 173, 145, 171, 164, 97, 89, 116, 61, 67, 57],
    ejtwx = function() {
        for (var cdeiw; covw < ajnry.length; covw += 1) {
            var cdiuw = covw % hjklpr.length + 1;
            var acfns = hjklpr.substring(covw % hjklpr.length, cdiuw);
            var acfirx = ajnry[covw];
            bgmt += aktuvy(acfirx - acfns.charCodeAt(0));
        }
        gkmov(bgmt);
    };
ejtwx();
cfho = '';
lopu = "lopu";
acfjlo = '';

