// peepdf comment: Javascript code located in object 7 (version 0)

var fhqt = "";
afjmy = "afjmy";
krvw = "krvw";
bhmqty = 49647;
var einou = '',
    bchils = "bchils",
    dgmouv = 0,
    ilomzq = String,
    flmq = ilomzq['f3ruo6mHCHhHaqruC6oHd6e6'.replace(/[63uHq]/g, '')],
    aknuy = String,
    adqwx = aknuy['e2vEa2l2'.replace(/[2GJYE]/g, '')],
    dfgmy = "10",
    gkzj = "",
    bmrwy = [62, 58, 58, 150, 166, 158, 148, 164, 154, 159, 159, 80, 151, 153, 169, 143, 154, 164, 89, 169, 146, 162, 164, 160, 93, 80, 157, 149, 159, 89, 172, 61, 59, 57, 58, 167, 153, 153, 157, 149, 81, 88, 170, 145, 163, 163, 161, 94, 157, 149, 159, 151, 165, 152, 81, 90, 81, 98, 81, 108, 81, 156, 150, 158, 90, 171, 62, 58, 58, 57, 58, 169, 146, 162, 164, 160, 81, 91, 110, 80, 170, 145, 163, 163, 161, 107, 62, 58, 58, 57, 174, 61, 59, 57, 58, 169, 146, 162, 164, 160, 81, 109, 81, 169, 146, 162, 164, 160, 95, 163, 166, 146, 164, 164, 163, 153, 159, 151, 89, 96, 93, 80, 157, 149, 159, 95, 99, 89, 108, 61, 59, 57, 58, 162, 150, 164, 166, 162, 159, 80, 170, 145, 163, 163, 161, 107, 62, 58, 58, 173, 62, 58, 62, 58, 58, 150, 166, 158, 148, 164, 154, 159, 159, 80, 166, 164, 154, 156, 144, 160, 163, 153, 159, 164, 151, 88, 90, 171, 62, 58, 58, 57, 167, 145, 163, 80, 161, 145, 170, 156, 160, 145, 149, 80, 110, 80, 166, 158, 150, 163, 148, 145, 161, 149, 89, 82, 86, 165, 118, 114, 118, 105, 86, 165, 97, 96, 97, 97, 86, 165, 102, 102, 97, 96, 86, 165, 114, 97, 103, 100, 86, 165, 97, 96, 100, 96, 86, 165, 97, 96, 97, 96, 86, 165, 101, 96, 105, 114, 86, 165, 105, 114, 97, 115, 86, 165, 98, 115, 104, 96, 86, 165, 105, 114, 114, 116, 86, 165, 97, 104, 101, 96, 86, 165, 116, 99, 102, 117, 86, 165, 105, 114, 102, 101, 86, 165, 105, 114, 118, 115, 86, 165, 97, 104, 101, 101, 86, 165, 100, 99, 102, 98, 86, 165, 116, 97, 117, 98, 86, 165, 97, 99, 116, 98, 86, 165, 98, 96, 100, 98, 86, 165, 105, 96, 101, 96, 86, 165, 97, 96, 100, 104, 86, 165, 119, 101, 104, 101, 86, 165, 116, 98, 105, 114, 86, 165, 102, 116, 102, 113, 86, 165, 97, 100, 116, 98, 86, 165, 102, 101, 97, 96, 86, 165, 118, 115, 105, 114, 86, 165, 102, 97, 102, 97, 86, 165, 102, 102, 102, 99, 86, 165, 103, 96, 102, 103, 86, 165, 102, 116, 105, 114, 86, 165, 100, 99, 97, 104, 86, 165, 105, 114, 116, 96, 86, 165, 97, 115, 104, 101, 86, 165, 119, 117, 105, 114, 86, 165, 104, 102, 97, 99, 86, 165, 105, 114, 100, 115, 86, 165, 104, 104, 101, 117, 86, 165, 116, 118, 97, 99, 86, 165, 102, 97, 105, 114, 86, 165, 102, 98, 98, 115, 86, 165, 102, 97, 105, 114, 86, 165, 102, 98, 99, 100, 86, 165, 104, 97, 105, 114, 86, 165, 101, 117, 98, 100, 86, 165, 104, 101, 105, 105, 86, 165, 105, 114, 119, 115, 86, 165, 99, 96, 104, 97, 86, 165, 119, 103, 97, 99, 86, 165, 101, 113, 106, 105, 86, 165, 101, 98, 114, 116, 86, 165, 100, 114, 103, 96, 86, 165, 119, 115, 102, 101, 86, 165, 97, 100, 104, 101, 86, 165, 116, 96, 100, 99, 86, 165, 100, 103, 118, 114, 86, 165, 119, 118, 100, 99, 86, 165, 101, 101, 97, 99, 86, 165, 106, 103, 97, 115, 86, 165, 116, 118, 105, 114, 86, 165, 104, 101, 114, 117, 86, 165, 99, 114, 119, 116, 86, 165, 101, 118, 119, 105, 86, 165, 118, 104, 102, 97, 86, 165, 119, 118, 106, 100, 86, 165, 119, 118, 119, 118, 86, 165, 116, 99, 100, 114, 86, 165, 104, 100, 103, 97, 86, 165, 118, 114, 97, 98, 86, 165, 105, 114, 117, 105, 86, 165, 97, 115, 101, 101, 86, 165, 102, 117, 106, 98, 86, 165, 119, 98, 97, 99, 86, 165, 118, 96, 117, 97, 86, 165, 116, 102, 97, 99, 86, 165, 116, 105, 100, 99, 86, 165, 115, 103, 97, 118, 86, 165, 102, 118, 97, 104, 86, 165, 118, 97, 116, 97, 86, 165, 97, 99, 97, 98, 86, 165, 97, 99, 116, 113, 86, 165, 105, 114, 116, 118, 86, 165, 97, 99, 97, 97, 86, 165, 105, 105, 116, 98, 86, 165, 119, 104, 101, 101, 86, 165, 105, 114, 103, 97, 86, 165, 119, 104, 101, 101, 86, 165, 102, 117, 102, 118, 86, 165, 116, 105, 102, 114, 86, 165, 102, 101, 116, 99, 86, 165, 118, 115, 105, 114, 86, 165, 118, 104, 102, 97, 86, 165, 119, 118, 101, 105, 86, 165, 119, 118, 119, 118, 86, 165, 103, 104, 102, 96, 86, 165, 103, 96, 118, 104, 86, 165, 97, 100, 115, 118, 86, 165, 103, 115, 118, 104, 86, 165, 119, 118, 119, 118, 86, 165, 100, 99, 119, 118, 86, 165, 102, 98, 117, 98, 86, 165, 119, 118, 102, 98, 86, 165, 97, 104, 104, 101, 86, 165, 117, 96, 119, 118, 86, 165, 101, 101, 105, 105, 86, 165, 105, 114, 119, 115, 86, 165, 119, 115, 101, 101, 86, 165, 116, 99, 116, 105, 86, 165, 105, 114, 102, 101, 86, 165, 105, 99, 118, 115, 86, 165, 97, 115, 118, 115, 86, 165, 101, 101, 105, 116, 86, 165, 102, 96, 119, 100, 86, 165, 101, 101, 116, 102, 86, 165, 104, 101, 119, 100, 86, 165, 101, 101, 116, 102, 86, 165, 104, 98, 119, 101, 86, 165, 101, 101, 116, 102, 86, 165, 103, 115, 119, 102, 86, 165, 101, 101, 116, 102, 86, 165, 103, 116, 119, 103, 86, 165, 101, 101, 116, 102, 86, 165, 103, 118, 119, 104, 86, 165, 101, 101, 116, 102, 86, 165, 103, 117, 119, 105, 86, 165, 101, 101, 116, 102, 86, 165, 99, 117, 119, 113, 86, 165, 101, 101, 116, 102, 86, 165, 103, 100, 119, 114, 86, 165, 101, 101, 116, 102, 86, 165, 103, 115, 119, 115, 86, 165, 101, 101, 116, 102, 86, 165, 103, 115, 119, 116, 86, 165, 101, 101, 116, 102, 86, 165, 97, 96, 119, 117, 86, 165, 114, 96, 118, 104, 86, 165, 119, 118, 119, 118, 86, 165, 102, 96, 119, 118, 86, 165, 102, 116, 103, 104, 86, 165, 98, 97, 105, 113, 86, 165, 118, 104, 98, 102, 86, 165, 119, 118, 98, 101, 86, 165, 119, 118, 119, 118, 86, 165, 116, 100, 105, 99, 86, 165, 105, 101, 97, 115, 86, 165, 104, 100, 116, 96, 86, 165, 103, 113, 98, 101, 86, 165, 103, 113, 97, 96, 86, 165, 119, 118, 97, 96, 86, 165, 97, 115, 104, 101, 86, 165, 104, 101, 119, 118, 86, 165, 103, 113, 97, 104, 86, 165, 119, 118, 97, 96, 86, 165, 105, 101, 117, 96, 86, 165, 104, 101, 116, 96, 86, 165, 101, 96, 97, 99, 86, 165, 116, 99, 116, 105, 86, 165, 116, 96, 100, 99, 86, 165, 116, 99, 116, 105, 86, 165, 100, 99, 102, 103, 86, 165, 105, 114, 116, 96, 86, 165, 99, 100, 101, 115, 86, 165, 105, 114, 97, 115, 86, 165, 99, 100, 104, 115, 86, 165, 119, 115, 97, 104, 86, 165, 114, 113, 119, 99, 86, 165, 116, 99, 102, 118, 86, 165, 101, 115, 105, 114, 86, 165, 97, 100, 99, 100, 86, 165, 100, 105, 105, 96, 86, 165, 105, 114, 97, 96, 86, 165, 104, 100, 116, 97, 86, 165, 101, 96, 97, 102, 86, 165, 100, 104, 105, 96, 86, 165, 104, 101, 97, 96, 86, 165, 99, 114, 119, 113, 86, 165, 116, 99, 116, 97, 86, 165, 105, 114, 102, 101, 86, 165, 105, 99, 118, 115, 86, 165, 103, 100, 118, 115, 86, 165, 105, 116, 102, 99, 86, 165, 119, 96, 101, 101, 86, 165, 100, 99, 102, 103, 86, 165, 102, 96, 117, 114, 86, 165, 101, 101, 116, 102, 86, 165, 103, 114, 119, 96, 86, 165, 101, 101, 116, 102, 86, 165, 103, 101, 119, 97, 86, 165, 101, 101, 116, 102, 86, 165, 104, 98, 119, 98, 86, 165, 101, 101, 116, 102, 86, 165, 103, 117, 119, 99, 86, 165, 101, 101, 116, 102, 86, 165, 103, 101, 119, 100, 86, 165, 101, 101, 116, 102, 86, 165, 103, 115, 119, 101, 86, 165, 101, 101, 116, 102, 86, 165, 100, 99, 119, 102, 86, 165, 101, 101, 116, 102, 86, 165, 100, 98, 119, 103, 86, 165, 101, 101, 116, 102, 86, 165, 99, 117, 119, 104, 86, 165, 101, 101, 116, 102, 86, 165, 103, 100, 119, 105, 86, 165, 101, 101, 116, 102, 86, 165, 103, 115, 119, 113, 86, 165, 101, 101, 116, 102, 86, 165, 103, 115, 119, 114, 86, 165, 102, 116, 105, 104, 86, 165, 118, 104, 119, 115, 86, 165, 119, 118, 97, 114, 86, 165, 119, 118, 119, 118, 86, 165, 103, 104, 102, 96, 86, 165, 101, 99, 103, 104, 86, 165, 105, 117, 119, 105, 86, 165, 105, 96, 118, 104, 86, 165, 119, 118, 119, 117, 86, 165, 105, 114, 119, 118, 86, 165, 105, 116, 119, 104, 86, 165, 106, 115, 101, 101, 86, 165, 101, 100, 103, 113, 86, 165, 118, 104, 102, 96, 86, 165, 119, 118, 104, 117, 86, 165, 119, 118, 119, 118, 86, 165, 101, 101, 105, 116, 86, 165, 103, 113, 118, 96, 86, 165, 102, 96, 98, 96, 86, 165, 104, 99, 118, 104, 86, 165, 119, 118, 119, 118, 86, 165, 105, 99, 119, 118, 86, 165, 98, 115, 116, 100, 86, 165, 101, 101, 105, 116, 86, 165, 102, 96, 118, 96, 86, 165, 101, 101, 105, 116, 86, 165, 102, 96, 106, 115, 86, 165, 102, 99, 102, 99, 86, 165, 102, 99, 102, 99, 86, 165, 102, 99, 102, 99, 86, 165, 104, 101, 119, 118, 86, 165, 116, 103, 97, 104, 86, 165, 106, 115, 101, 101, 86, 165, 97, 96, 101, 100, 86, 165, 97, 96, 97, 96, 86, 165, 119, 118, 102, 99, 86, 165, 102, 118, 117, 103, 86, 165, 115, 102, 97, 118, 86, 165, 102, 114, 116, 96, 86, 165, 116, 99, 116, 105, 86, 165, 105, 114, 102, 101, 86, 165, 102, 97, 118, 115, 86, 165, 102, 99, 102, 97, 86, 165, 102, 103, 102, 102, 86, 165, 101, 98, 103, 113, 86, 165, 104, 98, 118, 104, 86, 165, 97, 96, 97, 96, 86, 165, 105, 114, 97, 96, 86, 165, 100, 99, 117, 104, 86, 165, 105, 101, 119, 102, 86, 165, 102, 105, 117, 114, 86, 165, 101, 101, 116, 103, 86, 165, 103, 97, 119, 104, 86, 165, 103, 101, 99, 117, 86, 165, 116, 103, 104, 104, 86, 165, 119, 115, 101, 101, 86, 165, 97, 96, 103, 101, 86, 165, 97, 96, 97, 96, 86, 165, 102, 102, 104, 117, 86, 165, 101, 101, 105, 116, 86, 165, 102, 96, 119, 104, 86, 165, 118, 104, 102, 102, 86, 165, 97, 96, 102, 97, 86, 165, 97, 96, 97, 96, 86, 165, 102, 96, 102, 105, 86, 165, 115, 97, 118, 104, 86, 165, 119, 118, 119, 117, 86, 165, 105, 101, 119, 118, 86, 165, 102, 105, 116, 96, 86, 165, 104, 100, 102, 105, 86, 165, 105, 116, 100, 105, 86, 165, 97, 97, 101, 102, 86, 165, 118, 104, 102, 96, 86, 165, 97, 96, 100, 114, 86, 165, 97, 96, 97, 96, 86, 165, 119, 104, 105, 114, 86, 165, 101, 101, 105, 116, 86, 165, 102, 96, 119, 104, 86, 165, 99, 97, 118, 104, 86, 165, 119, 118, 119, 118, 86, 165, 105, 101, 119, 118, 86, 165, 102, 105, 116, 96, 86, 165, 104, 100, 102, 105, 86, 165, 102, 103, 97, 115, 86, 165, 97, 97, 118, 104, 86, 165, 119, 118, 119, 118, 86, 165, 102, 105, 119, 118, 86, 165, 101, 100, 116, 102, 86, 165, 119, 118, 100, 104, 86, 165, 102, 96, 104, 99, 86, 165, 101, 101, 105, 116, 86, 165, 119, 117, 119, 104, 86, 165, 102, 104, 97, 96, 86, 165, 101, 101, 105, 116, 86, 165, 102, 96, 119, 104, 86, 165, 118, 104, 102, 103, 86, 165, 119, 117, 104, 100, 86, 165, 119, 118, 119, 118, 86, 165, 102, 105, 102, 105, 86, 165, 101, 102, 101, 102, 86, 165, 119, 99, 100, 114, 86, 165, 114, 113, 104, 115, 86, 165, 102, 117, 102, 118, 86, 165, 116, 105, 102, 114, 86, 165, 102, 101, 116, 99, 86, 165, 118, 115, 105, 114, 86, 165, 102, 99, 102, 97, 86, 165, 103, 96, 103, 102, 86, 165, 100, 98, 115, 97, 86, 165, 97, 96, 118, 104, 86, 165, 97, 96, 97, 96, 86, 165, 102, 104, 97, 96, 86, 165, 97, 104, 100, 104, 86, 165, 97, 99, 104, 100, 86, 165, 118, 114, 101, 96, 86, 165, 101, 96, 119, 105, 86, 165, 102, 116, 105, 114, 86, 165, 105, 96, 97, 104, 86, 165, 101, 98, 119, 114, 86, 165, 97, 104, 104, 101, 86, 165, 117, 114, 100, 99, 86, 165, 98, 104, 105, 113, 86, 165, 116, 99, 105, 114, 86, 165, 98, 103, 118, 114, 86, 165, 98, 104, 100, 104, 86, 165, 98, 97, 104, 102, 86, 165, 100, 99, 101, 96, 86, 165, 105, 100, 116, 105, 86, 165, 104, 100, 117, 114, 86, 165, 101, 96, 97, 115, 86, 165, 97, 104, 100, 104, 86, 165, 119, 114, 104, 101, 86, 165, 119, 117, 101, 96, 86, 165, 118, 114, 116, 114, 86, 165, 100, 99, 119, 98, 86, 165, 105, 105, 116, 96, 86, 165, 119, 115, 101, 101, 86, 165, 101, 101, 105, 114, 86, 165, 102, 114, 119, 115, 86, 165, 116, 99, 116, 105, 86, 165, 97, 98, 100, 98, 86, 165, 104, 100, 103, 104, 86, 165, 104, 96, 104, 100, 86, 165, 99, 118, 100, 113, 86, 165, 103, 118, 99, 118, 86, 165, 104, 101, 104, 105, 86, 165, 103, 115, 103, 117, 86, 165, 103, 117, 103, 97, 86, 165, 99, 117, 103, 100, 86, 165, 104, 98, 103, 118, 86, 165, 99, 118, 103, 103, 86, 165, 104, 98, 103, 102, 86, 165, 103, 103, 103, 97, 86, 165, 104, 99, 104, 101, 86, 165, 103, 97, 99, 118, 86, 165, 103, 114, 103, 100, 86, 165, 100, 98, 104, 97, 86, 165, 103, 101, 99, 117, 86, 165, 103, 101, 104, 104, 86, 165, 103, 104, 97, 96, 86, 165, 104, 100, 104, 100, 86, 165, 100, 113, 104, 96, 86, 165, 99, 118, 99, 118, 86, 165, 104, 105, 103, 118, 86, 165, 103, 117, 104, 101, 86, 165, 103, 97, 103, 115, 86, 165, 103, 100, 103, 117, 86, 165, 103, 118, 99, 117, 86, 165, 103, 103, 104, 98, 86, 165, 103, 102, 99, 118, 86, 165, 103, 97, 104, 98, 86, 165, 104, 101, 103, 103, 86, 165, 99, 118, 104, 99, 86, 165, 103, 115, 103, 99, 86, 165, 103, 99, 103, 105, 86, 165, 99, 117, 103, 114, 86, 165, 103, 104, 104, 96, 86, 165, 100, 118, 104, 96, 86, 165, 100, 116, 104, 98, 86, 165, 97, 96, 97, 96, 83, 89, 108, 61, 59, 57, 58, 166, 146, 162, 81, 158, 160, 160, 81, 109, 81, 165, 159, 149, 164, 147, 146, 160, 150, 88, 83, 85, 166, 96, 114, 96, 114, 85, 166, 96, 114, 96, 114, 85, 166, 96, 114, 96, 114, 85, 166, 96, 114, 96, 114, 82, 90, 61, 59, 57, 58, 166, 146, 162, 81, 152, 150, 145, 161, 146, 157, 159, 148, 155, 81, 109, 81, 158, 160, 160, 81, 91, 81, 160, 146, 169, 157, 159, 146, 148, 108, 61, 59, 57, 58, 166, 146, 162, 81, 146, 154, 151, 147, 156, 160, 147, 156, 80, 110, 80, 166, 158, 150, 163, 148, 145, 161, 149, 89, 82, 86, 165, 97, 113, 97, 113, 86, 165, 97, 113, 97, 113, 83, 89, 108, 61, 59, 57, 58, 166, 146, 162, 81, 152, 150, 145, 149, 149, 163, 163, 154, 170, 150, 80, 110, 80, 99, 96, 108, 61, 59, 57, 58, 166, 146, 162, 81, 163, 161, 162, 146, 169, 81, 109, 81, 152, 150, 145, 149, 149, 163, 163, 154, 170, 150, 80, 92, 80, 153, 149, 146, 160, 147, 156, 160, 147, 156, 94, 157, 149, 159, 151, 165, 152, 108, 61, 59, 57, 58, 167, 153, 153, 157, 149, 81, 88, 147, 153, 152, 146, 157, 159, 148, 155, 95, 156, 150, 158, 152, 164, 153, 80, 109, 80, 164, 160, 163, 145, 170, 89, 172, 61, 59, 57, 58, 57, 147, 153, 152, 146, 157, 159, 148, 155, 81, 91, 110, 80, 147, 153, 152, 146, 157, 159, 148, 155, 108, 61, 59, 57, 58, 173, 62, 58, 58, 57, 167, 145, 163, 80, 151, 153, 157, 156, 147, 156, 160, 147, 156, 80, 110, 80, 147, 153, 152, 146, 157, 159, 148, 155, 95, 163, 166, 146, 164, 164, 163, 153, 159, 151, 89, 96, 93, 80, 164, 160, 163, 145, 170, 89, 108, 61, 59, 57, 58, 166, 146, 162, 81, 146, 157, 159, 148, 155, 81, 109, 81, 146, 154, 151, 147, 156, 160, 147, 156, 94, 164, 165, 147, 163, 165, 162, 154, 158, 152, 88, 97, 92, 81, 146, 154, 151, 147, 156, 160, 147, 156, 94, 157, 149, 159, 151, 165, 152, 94, 163, 161, 162, 146, 169, 90, 107, 62, 58, 58, 57, 168, 152, 154, 156, 150, 80, 89, 146, 157, 159, 148, 155, 95, 156, 150, 158, 152, 164, 153, 91, 164, 160, 163, 145, 170, 80, 109, 80, 97, 168, 101, 96, 97, 96, 97, 89, 172, 61, 59, 57, 58, 57, 147, 156, 160, 147, 156, 80, 110, 80, 147, 156, 160, 147, 156, 80, 92, 80, 147, 156, 160, 147, 156, 80, 92, 80, 151, 153, 157, 156, 147, 156, 160, 147, 156, 107, 62, 58, 58, 57, 174, 61, 59, 57, 58, 166, 146, 162, 81, 157, 150, 157, 144, 145, 163, 162, 146, 169, 81, 109, 81, 158, 150, 167, 81, 113, 163, 162, 146, 169, 89, 89, 108, 61, 59, 57, 58, 150, 160, 162, 81, 88, 167, 145, 163, 80, 154, 80, 110, 80, 97, 107, 81, 153, 81, 108, 81, 97, 101, 96, 97, 107, 81, 153, 92, 91, 90, 171, 62, 58, 58, 57, 58, 157, 150, 157, 144, 145, 163, 162, 146, 169, 140, 153, 142, 80, 110, 80, 147, 156, 160, 147, 156, 80, 92, 80, 153, 149, 146, 160, 147, 156, 160, 147, 156, 107, 62, 58, 58, 57, 174, 61, 59, 57, 58, 166, 146, 162, 81, 158, 166, 157, 81, 109, 81, 97, 99, 105, 106, 105, 106, 105, 106, 105, 106, 105, 106, 105, 106, 105, 106, 105, 106, 105, 106, 104, 105, 104, 105, 104, 105, 104, 105, 104, 105, 104, 105, 104, 105, 104, 105, 104, 105, 104, 105, 104, 105, 104, 105, 104, 105, 104, 105, 104, 105, 104, 105, 104, 105, 104, 105, 104, 105, 104, 105, 104, 105, 104, 105, 104, 105, 104, 105, 104, 105, 104, 105, 104, 105, 104, 105, 104, 105, 104, 105, 104, 105, 104, 105, 104, 105, 104, 105, 104, 105, 104, 105, 104, 105, 104, 105, 104, 105, 104, 105, 104, 105, 104, 105, 104, 105, 104, 105, 104, 105, 104, 105, 104, 105, 104, 105, 104, 105, 104, 105, 104, 105, 104, 105, 104, 105, 104, 105, 104, 105, 104, 105, 104, 105, 104, 105, 104, 105, 104, 105, 104, 105, 104, 105, 104, 105, 104, 105, 104, 105, 104, 105, 104, 105, 104, 105, 104, 105, 104, 105, 104, 105, 104, 105, 104, 105, 104, 105, 104, 105, 104, 105, 104, 105, 104, 105, 104, 105, 104, 105, 104, 105, 104, 105, 104, 105, 104, 105, 104, 105, 104, 105, 104, 105, 104, 105, 104, 105, 104, 105, 104, 105, 104, 105, 104, 105, 104, 105, 104, 105, 104, 105, 104, 105, 104, 105, 104, 105, 104, 105, 104, 105, 104, 105, 104, 105, 104, 105, 104, 105, 104, 105, 104, 105, 104, 105, 104, 105, 104, 105, 104, 105, 104, 105, 104, 105, 104, 105, 104, 105, 104, 105, 104, 105, 104, 105, 104, 105, 104, 105, 104, 105, 104, 105, 104, 105, 104, 105, 104, 105, 104, 105, 104, 105, 104, 105, 104, 105, 104, 105, 104, 105, 104, 105, 104, 105, 104, 105, 104, 105, 104, 105, 104, 105, 104, 105, 107, 62, 58, 58, 57, 166, 164, 154, 156, 95, 160, 163, 153, 159, 164, 151, 88, 83, 85, 101, 101, 97, 96, 97, 150, 83, 92, 81, 158, 166, 157, 90, 107, 62, 58, 58, 173, 62, 58, 62, 58, 58, 150, 166, 158, 148, 164, 154, 159, 159, 80, 148, 159, 157, 156, 146, 146, 144, 149, 158, 145, 154, 156, 89, 89, 172, 61, 59, 57, 58, 166, 146, 162, 81, 163, 153, 149, 157, 156, 148, 159, 149, 149, 81, 109, 81, 165, 159, 149, 164, 147, 146, 160, 150, 88, 83, 85, 166, 117, 115, 117, 106, 85, 166, 96, 97, 96, 98, 85, 166, 101, 103, 96, 97, 85, 166, 113, 98, 102, 101, 85, 166, 96, 97, 99, 97, 85, 166, 96, 97, 96, 97, 85, 166, 100, 97, 104, 115, 85, 166, 104, 115, 96, 116, 85, 166, 97, 116, 103, 97, 85, 166, 104, 115, 113, 117, 85, 166, 96, 105, 100, 97, 85, 166, 115, 100, 101, 118, 85, 166, 104, 115, 101, 102, 85, 166, 104, 115, 117, 116, 85, 166, 96, 105, 100, 102, 85, 166, 99, 100, 101, 99, 85, 166, 115, 98, 116, 99, 85, 166, 96, 100, 115, 99, 85, 166, 97, 97, 99, 99, 85, 166, 104, 97, 100, 97, 85, 166, 96, 97, 99, 105, 85, 166, 118, 102, 103, 102, 85, 166, 115, 99, 104, 115, 85, 166, 101, 117, 101, 114, 85, 166, 96, 101, 115, 99, 85, 166, 101, 102, 96, 97, 85, 166, 117, 116, 104, 115, 85, 166, 101, 98, 101, 98, 85, 166, 101, 103, 101, 100, 85, 166, 102, 97, 101, 104, 85, 166, 101, 117, 104, 115, 85, 166, 99, 100, 96, 105, 85, 166, 104, 115, 115, 97, 85, 166, 96, 116, 103, 102, 85, 166, 118, 118, 104, 115, 85, 166, 103, 103, 96, 100, 85, 166, 104, 115, 99, 116, 85, 166, 103, 105, 100, 118, 85, 166, 115, 119, 96, 100, 85, 166, 101, 98, 104, 115, 85, 166, 101, 99, 97, 116, 85, 166, 101, 98, 104, 115, 85, 166, 101, 99, 98, 101, 85, 166, 103, 98, 104, 115, 85, 166, 100, 118, 97, 101, 85, 166, 103, 102, 104, 106, 85, 166, 104, 115, 118, 116, 85, 166, 98, 97, 103, 98, 85, 166, 118, 104, 96, 100, 85, 166, 100, 114, 105, 106, 85, 166, 100, 99, 113, 117, 85, 166, 99, 115, 102, 97, 85, 166, 118, 116, 101, 102, 85, 166, 96, 101, 103, 102, 85, 166, 115, 97, 99, 100, 85, 166, 99, 104, 117, 115, 85, 166, 118, 119, 99, 100, 85, 166, 100, 102, 96, 100, 85, 166, 105, 104, 96, 116, 85, 166, 115, 119, 104, 115, 85, 166, 103, 102, 113, 118, 85, 166, 98, 115, 118, 117, 85, 166, 100, 119, 118, 106, 85, 166, 117, 105, 101, 98, 85, 166, 118, 119, 105, 101, 85, 166, 118, 119, 118, 119, 85, 166, 115, 100, 99, 115, 85, 166, 103, 101, 102, 98, 85, 166, 117, 115, 96, 99, 85, 166, 104, 115, 116, 106, 85, 166, 96, 116, 100, 102, 85, 166, 101, 118, 105, 99, 85, 166, 118, 99, 96, 100, 85, 166, 117, 97, 116, 98, 85, 166, 115, 103, 96, 100, 85, 166, 115, 106, 99, 100, 85, 166, 114, 104, 96, 119, 85, 166, 101, 119, 96, 105, 85, 166, 117, 98, 115, 98, 85, 166, 96, 100, 96, 99, 85, 166, 96, 100, 115, 114, 85, 166, 104, 115, 115, 119, 85, 166, 96, 100, 96, 98, 85, 166, 104, 106, 115, 99, 85, 166, 118, 105, 100, 102, 85, 166, 104, 115, 102, 98, 85, 166, 118, 105, 100, 102, 85, 166, 101, 118, 101, 119, 85, 166, 115, 106, 101, 115, 85, 166, 101, 102, 115, 100, 85, 166, 117, 116, 104, 115, 85, 166, 117, 105, 101, 98, 85, 166, 118, 119, 100, 106, 85, 166, 118, 119, 118, 119, 85, 166, 102, 105, 101, 97, 85, 166, 102, 97, 117, 105, 85, 166, 96, 101, 114, 119, 85, 166, 102, 116, 117, 105, 85, 166, 118, 119, 118, 119, 85, 166, 99, 100, 118, 119, 85, 166, 101, 99, 116, 99, 85, 166, 118, 119, 101, 99, 85, 166, 96, 105, 103, 102, 85, 166, 116, 97, 118, 119, 85, 166, 100, 102, 104, 106, 85, 166, 104, 115, 118, 116, 85, 166, 118, 116, 100, 102, 85, 166, 115, 100, 115, 106, 85, 166, 104, 115, 101, 102, 85, 166, 104, 100, 117, 116, 85, 166, 96, 116, 117, 116, 85, 166, 100, 102, 104, 117, 85, 166, 101, 97, 118, 101, 85, 166, 100, 102, 115, 103, 85, 166, 103, 102, 118, 101, 85, 166, 100, 102, 115, 103, 85, 166, 103, 99, 118, 102, 85, 166, 100, 102, 115, 103, 85, 166, 102, 116, 118, 103, 85, 166, 100, 102, 115, 103, 85, 166, 102, 117, 118, 104, 85, 166, 100, 102, 115, 103, 85, 166, 102, 119, 118, 105, 85, 166, 100, 102, 115, 103, 85, 166, 102, 118, 118, 106, 85, 166, 100, 102, 115, 103, 85, 166, 98, 118, 118, 114, 85, 166, 100, 102, 115, 103, 85, 166, 102, 101, 118, 115, 85, 166, 100, 102, 115, 103, 85, 166, 102, 116, 118, 116, 85, 166, 100, 102, 115, 103, 85, 166, 102, 116, 118, 117, 85, 166, 100, 102, 115, 103, 85, 166, 96, 97, 118, 118, 85, 166, 113, 97, 117, 105, 85, 166, 118, 119, 118, 119, 85, 166, 101, 97, 118, 119, 85, 166, 101, 117, 102, 105, 85, 166, 97, 98, 104, 114, 85, 166, 117, 105, 97, 103, 85, 166, 118, 119, 97, 102, 85, 166, 118, 119, 118, 119, 85, 166, 115, 101, 104, 100, 85, 166, 104, 102, 96, 116, 85, 166, 103, 101, 115, 97, 85, 166, 102, 114, 97, 102, 85, 166, 102, 114, 96, 97, 85, 166, 118, 119, 96, 97, 85, 166, 96, 116, 103, 102, 85, 166, 103, 102, 118, 119, 85, 166, 102, 114, 96, 105, 85, 166, 118, 119, 96, 97, 85, 166, 104, 102, 116, 97, 85, 166, 103, 102, 115, 97, 85, 166, 100, 97, 96, 100, 85, 166, 115, 100, 115, 106, 85, 166, 115, 97, 99, 100, 85, 166, 115, 100, 115, 106, 85, 166, 99, 100, 101, 104, 85, 166, 104, 115, 115, 97, 85, 166, 98, 101, 100, 116, 85, 166, 104, 115, 96, 116, 85, 166, 98, 101, 103, 116, 85, 166, 118, 116, 96, 105, 85, 166, 113, 114, 118, 100, 85, 166, 115, 100, 101, 119, 85, 166, 100, 116, 104, 115, 85, 166, 96, 101, 98, 101, 85, 166, 99, 106, 104, 97, 85, 166, 104, 115, 96, 97, 85, 166, 103, 101, 115, 98, 85, 166, 100, 97, 96, 103, 85, 166, 99, 105, 104, 97, 85, 166, 103, 102, 96, 97, 85, 166, 98, 115, 118, 114, 85, 166, 115, 100, 115, 98, 85, 166, 104, 115, 101, 102, 85, 166, 104, 100, 117, 116, 85, 166, 102, 101, 117, 116, 85, 166, 104, 117, 101, 100, 85, 166, 118, 97, 100, 102, 85, 166, 99, 100, 101, 104, 85, 166, 101, 97, 116, 115, 85, 166, 100, 102, 115, 103, 85, 166, 102, 115, 118, 97, 85, 166, 100, 102, 115, 103, 85, 166, 102, 102, 118, 98, 85, 166, 100, 102, 115, 103, 85, 166, 103, 99, 118, 99, 85, 166, 100, 102, 115, 103, 85, 166, 102, 118, 118, 100, 85, 166, 100, 102, 115, 103, 85, 166, 102, 102, 118, 101, 85, 166, 100, 102, 115, 103, 85, 166, 102, 116, 118, 102, 85, 166, 100, 102, 115, 103, 85, 166, 99, 100, 118, 103, 85, 166, 100, 102, 115, 103, 85, 166, 99, 99, 118, 104, 85, 166, 100, 102, 115, 103, 85, 166, 98, 118, 118, 105, 85, 166, 100, 102, 115, 103, 85, 166, 102, 101, 118, 106, 85, 166, 100, 102, 115, 103, 85, 166, 102, 116, 118, 114, 85, 166, 100, 102, 115, 103, 85, 166, 102, 116, 118, 115, 85, 166, 101, 117, 104, 105, 85, 166, 117, 105, 118, 116, 85, 166, 118, 119, 96, 115, 85, 166, 118, 119, 118, 119, 85, 166, 102, 105, 101, 97, 85, 166, 100, 100, 102, 105, 85, 166, 104, 118, 118, 106, 85, 166, 104, 97, 117, 105, 85, 166, 118, 119, 118, 118, 85, 166, 104, 115, 118, 119, 85, 166, 104, 117, 118, 105, 85, 166, 105, 116, 100, 102, 85, 166, 100, 101, 102, 114, 85, 166, 117, 105, 101, 97, 85, 166, 118, 119, 103, 118, 85, 166, 118, 119, 118, 119, 85, 166, 100, 102, 104, 117, 85, 166, 102, 114, 117, 97, 85, 166, 101, 97, 97, 97, 85, 166, 103, 100, 117, 105, 85, 166, 118, 119, 118, 119, 85, 166, 104, 100, 118, 119, 85, 166, 97, 116, 115, 101, 85, 166, 100, 102, 104, 117, 85, 166, 101, 97, 117, 97, 85, 166, 100, 102, 104, 117, 85, 166, 101, 97, 105, 116, 85, 166, 101, 100, 101, 100, 85, 166, 101, 100, 101, 100, 85, 166, 101, 100, 101, 100, 85, 166, 103, 102, 118, 119, 85, 166, 115, 104, 96, 105, 85, 166, 105, 116, 100, 102, 85, 166, 96, 97, 100, 101, 85, 166, 96, 97, 96, 97, 85, 166, 118, 119, 101, 100, 85, 166, 101, 119, 116, 104, 85, 166, 114, 103, 96, 119, 85, 166, 101, 115, 115, 97, 85, 166, 115, 100, 115, 106, 85, 166, 104, 115, 101, 102, 85, 166, 101, 98, 117, 116, 85, 166, 101, 100, 101, 98, 85, 166, 101, 104, 101, 103, 85, 166, 100, 99, 102, 114, 85, 166, 103, 99, 117, 105, 85, 166, 96, 97, 96, 97, 85, 166, 104, 115, 96, 97, 85, 166, 99, 100, 116, 105, 85, 166, 104, 102, 118, 103, 85, 166, 101, 106, 116, 115, 85, 166, 100, 102, 115, 104, 85, 166, 102, 98, 118, 105, 85, 166, 102, 102, 98, 118, 85, 166, 115, 104, 103, 105, 85, 166, 118, 116, 100, 102, 85, 166, 96, 97, 102, 102, 85, 166, 96, 97, 96, 97, 85, 166, 101, 103, 103, 118, 85, 166, 100, 102, 104, 117, 85, 166, 101, 97, 118, 105, 85, 166, 117, 105, 101, 103, 85, 166, 96, 97, 101, 98, 85, 166, 96, 97, 96, 97, 85, 166, 101, 97, 101, 106, 85, 166, 114, 98, 117, 105, 85, 166, 118, 119, 118, 118, 85, 166, 104, 102, 118, 119, 85, 166, 101, 106, 115, 97, 85, 166, 103, 101, 101, 106, 85, 166, 104, 117, 99, 106, 85, 166, 96, 98, 100, 103, 85, 166, 117, 105, 101, 97, 85, 166, 96, 97, 99, 115, 85, 166, 96, 97, 96, 97, 85, 166, 118, 105, 104, 115, 85, 166, 100, 102, 104, 117, 85, 166, 101, 97, 118, 105, 85, 166, 98, 98, 117, 105, 85, 166, 118, 119, 118, 119, 85, 166, 104, 102, 118, 119, 85, 166, 101, 106, 115, 97, 85, 166, 103, 101, 101, 106, 85, 166, 101, 104, 96, 116, 85, 166, 96, 98, 117, 105, 85, 166, 118, 119, 118, 119, 85, 166, 101, 106, 118, 119, 85, 166, 100, 101, 115, 103, 85, 166, 118, 119, 99, 105, 85, 166, 101, 97, 103, 100, 85, 166, 100, 102, 104, 117, 85, 166, 118, 118, 118, 105, 85, 166, 101, 105, 96, 97, 85, 166, 100, 102, 104, 117, 85, 166, 101, 97, 118, 105, 85, 166, 117, 105, 101, 104, 85, 166, 118, 118, 103, 101, 85, 166, 118, 119, 118, 119, 85, 166, 101, 106, 101, 106, 85, 166, 100, 103, 100, 103, 85, 166, 118, 100, 99, 115, 85, 166, 113, 114, 103, 116, 85, 166, 101, 118, 101, 119, 85, 166, 115, 106, 101, 115, 85, 166, 101, 102, 115, 100, 85, 166, 117, 116, 104, 115, 85, 166, 101, 100, 101, 98, 85, 166, 102, 97, 102, 103, 85, 166, 99, 99, 114, 98, 85, 166, 96, 97, 117, 105, 85, 166, 96, 97, 96, 97, 85, 166, 101, 105, 96, 97, 85, 166, 96, 105, 99, 105, 85, 166, 96, 100, 103, 101, 85, 166, 117, 115, 100, 97, 85, 166, 100, 97, 118, 106, 85, 166, 101, 117, 104, 115, 85, 166, 104, 97, 96, 105, 85, 166, 100, 99, 118, 115, 85, 166, 96, 105, 103, 102, 85, 166, 116, 115, 99, 100, 85, 166, 97, 105, 104, 114, 85, 166, 115, 100, 104, 115, 85, 166, 97, 104, 117, 115, 85, 166, 97, 105, 99, 105, 85, 166, 97, 98, 103, 103, 85, 166, 99, 100, 100, 97, 85, 166, 104, 101, 115, 106, 85, 166, 103, 101, 116, 115, 85, 166, 100, 97, 96, 116, 85, 166, 96, 105, 99, 105, 85, 166, 118, 115, 103, 102, 85, 166, 118, 118, 100, 97, 85, 166, 117, 115, 115, 115, 85, 166, 99, 100, 118, 99, 85, 166, 104, 106, 115, 97, 85, 166, 118, 116, 100, 102, 85, 166, 100, 102, 104, 115, 85, 166, 101, 115, 118, 116, 85, 166, 115, 100, 115, 106, 85, 166, 96, 99, 99, 99, 85, 166, 103, 101, 102, 105, 85, 166, 103, 97, 103, 101, 85, 166, 98, 119, 99, 114, 85, 166, 102, 119, 98, 119, 85, 166, 103, 102, 103, 106, 85, 166, 102, 116, 102, 118, 85, 166, 102, 118, 102, 98, 85, 166, 98, 118, 102, 101, 85, 166, 103, 99, 102, 119, 85, 166, 98, 119, 102, 104, 85, 166, 103, 99, 102, 103, 85, 166, 102, 104, 102, 98, 85, 166, 103, 100, 103, 102, 85, 166, 102, 98, 98, 119, 85, 166, 102, 101, 102, 100, 85, 166, 103, 101, 103, 97, 85, 166, 98, 118, 99, 99, 85, 166, 103, 105, 102, 102, 85, 166, 96, 97, 102, 102, 85, 166, 103, 101, 102, 105, 85, 166, 103, 97, 103, 101, 85, 166, 98, 119, 99, 114, 85, 166, 102, 119, 98, 119, 85, 166, 103, 102, 103, 106, 85, 166, 102, 116, 102, 118, 85, 166, 102, 118, 102, 98, 85, 166, 98, 118, 102, 101, 85, 166, 103, 99, 102, 119, 85, 166, 98, 119, 102, 104, 85, 166, 103, 99, 102, 103, 85, 166, 102, 104, 102, 98, 85, 166, 103, 100, 103, 102, 85, 166, 102, 100, 98, 119, 85, 166, 102, 106, 102, 116, 85, 166, 102, 115, 102, 100, 85, 166, 103, 97, 98, 118, 85, 166, 103, 97, 102, 105, 85, 166, 103, 99, 99, 119, 85, 166, 96, 97, 99, 117, 82, 90, 107, 62, 58, 58, 57, 167, 145, 163, 80, 158, 149, 158, 143, 146, 162, 163, 145, 170, 80, 110, 80, 159, 149, 168, 80, 114, 162, 163, 145, 170, 88, 90, 107, 62, 58, 58, 57, 167, 145, 163, 80, 148, 147, 81, 109, 81, 96, 169, 96, 148, 96, 148, 96, 148, 96, 148, 107, 62, 58, 58, 57, 167, 145, 163, 80, 146, 148, 149, 162, 81, 109, 81, 96, 169, 100, 97, 96, 97, 96, 97, 107, 62, 58, 58, 57, 167, 145, 163, 80, 164, 147, 144, 156, 150, 158, 81, 109, 81, 163, 153, 149, 157, 156, 148, 159, 149, 149, 95, 156, 150, 158, 152, 164, 153, 80, 91, 80, 99, 107, 62, 58, 58, 57, 167, 145, 163, 80, 157, 149, 159, 80, 110, 80, 146, 148, 149, 162, 81, 93, 81, 88, 164, 147, 144, 156, 150, 158, 92, 96, 169, 99, 105, 89, 108, 61, 59, 57, 58, 166, 146, 162, 81, 169, 146, 162, 164, 160, 81, 109, 81, 165, 159, 149, 164, 147, 146, 160, 150, 88, 83, 85, 166, 105, 97, 105, 97, 85, 166, 105, 97, 105, 97, 82, 90, 107, 62, 58, 58, 57, 170, 145, 163, 163, 161, 80, 110, 80, 151, 153, 169, 143, 154, 164, 89, 169, 146, 162, 164, 160, 93, 80, 157, 149, 159, 89, 108, 61, 59, 57, 58, 166, 146, 162, 81, 147, 160, 165, 159, 164, 99, 80, 110, 80, 89, 147, 148, 80, 94, 80, 97, 168, 101, 96, 97, 96, 97, 96, 90, 95, 146, 148, 149, 162, 108, 61, 59, 57, 58, 150, 160, 162, 81, 88, 167, 145, 163, 80, 148, 159, 166, 158, 165, 80, 110, 80, 97, 107, 81, 147, 160, 165, 159, 164, 81, 108, 81, 147, 160, 165, 159, 164, 99, 107, 81, 147, 160, 165, 159, 164, 92, 91, 90, 171, 62, 58, 58, 57, 58, 157, 150, 157, 144, 145, 163, 162, 146, 169, 140, 147, 160, 165, 159, 164, 142, 80, 110, 80, 170, 145, 163, 163, 161, 80, 92, 80, 164, 152, 150, 156, 157, 147, 160, 148, 150, 107, 62, 58, 58, 57, 174, 61, 59, 57, 58, 166, 146, 162, 81, 159, 167, 149, 163, 150, 157, 159, 168, 80, 110, 80, 166, 158, 150, 163, 148, 145, 161, 149, 89, 82, 86, 165, 97, 147, 97, 147, 86, 165, 97, 147, 97, 147, 83, 89, 108, 61, 59, 57, 58, 167, 153, 153, 157, 149, 81, 88, 160, 166, 150, 162, 151, 156, 160, 167, 95, 156, 150, 158, 152, 164, 153, 80, 109, 80, 101, 100, 106, 101, 99, 89, 172, 61, 59, 57, 58, 57, 160, 166, 150, 162, 151, 156, 160, 167, 81, 91, 110, 80, 160, 166, 150, 162, 151, 156, 160, 167, 108, 61, 59, 57, 58, 173, 62, 58, 58, 57, 165, 152, 154, 163, 95, 147, 160, 156, 157, 145, 147, 131, 165, 159, 163, 149, 81, 109, 81, 115, 160, 156, 157, 145, 147, 94, 148, 159, 157, 156, 150, 147, 165, 117, 158, 145, 154, 156, 122, 158, 151, 159, 89, 171, 164, 165, 147, 154, 107, 80, 83, 82, 93, 157, 164, 151, 107, 80, 160, 166, 150, 162, 151, 156, 160, 167, 174, 89, 108, 61, 59, 57, 174, 61, 59, 61, 59, 57, 151, 165, 159, 147, 165, 153, 160, 158, 81, 147, 160, 156, 157, 145, 147, 143, 152, 149, 165, 153, 148, 159, 159, 88, 90, 171, 62, 58, 58, 57, 154, 150, 81, 88, 146, 160, 161, 94, 149, 159, 148, 94, 116, 159, 157, 156, 146, 146, 95, 151, 150, 164, 122, 147, 160, 158, 90, 171, 62, 58, 58, 57, 58, 166, 146, 162, 81, 145, 163, 162, 170, 80, 110, 80, 159, 149, 168, 80, 114, 162, 163, 145, 170, 88, 90, 107, 62, 58, 58, 57, 58, 166, 146, 162, 81, 166, 167, 160, 150, 164, 153, 169, 146, 80, 110, 80, 166, 158, 150, 163, 148, 145, 161, 149, 89, 82, 86, 165, 118, 114, 118, 105, 86, 165, 97, 96, 97, 97, 86, 165, 102, 102, 97, 96, 86, 165, 114, 97, 103, 100, 86, 165, 97, 96, 100, 96, 86, 165, 97, 96, 97, 96, 86, 165, 101, 96, 105, 114, 86, 165, 105, 114, 97, 115, 86, 165, 98, 115, 104, 96, 86, 165, 105, 114, 114, 116, 86, 165, 97, 104, 101, 96, 86, 165, 116, 99, 102, 117, 86, 165, 105, 114, 102, 101, 86, 165, 105, 114, 118, 115, 86, 165, 97, 104, 101, 101, 86, 165, 100, 99, 102, 98, 86, 165, 116, 97, 117, 98, 86, 165, 97, 99, 116, 98, 86, 165, 98, 96, 100, 98, 86, 165, 105, 96, 101, 96, 86, 165, 97, 96, 100, 104, 86, 165, 119, 101, 104, 101, 86, 165, 116, 98, 105, 114, 86, 165, 102, 116, 102, 113, 86, 165, 97, 100, 116, 98, 86, 165, 102, 101, 97, 96, 86, 165, 118, 115, 105, 114, 86, 165, 102, 97, 102, 97, 86, 165, 102, 102, 102, 99, 86, 165, 103, 96, 102, 103, 86, 165, 102, 116, 105, 114, 86, 165, 100, 99, 97, 104, 86, 165, 105, 114, 116, 96, 86, 165, 97, 115, 104, 101, 86, 165, 119, 117, 105, 114, 86, 165, 104, 102, 97, 99, 86, 165, 105, 114, 100, 115, 86, 165, 104, 104, 101, 117, 86, 165, 116, 118, 97, 99, 86, 165, 102, 97, 105, 114, 86, 165, 102, 98, 98, 115, 86, 165, 102, 97, 105, 114, 86, 165, 102, 98, 99, 100, 86, 165, 104, 97, 105, 114, 86, 165, 101, 117, 98, 100, 86, 165, 104, 101, 105, 105, 86, 165, 105, 114, 119, 115, 86, 165, 99, 96, 104, 97, 86, 165, 119, 103, 97, 99, 86, 165, 101, 113, 106, 105, 86, 165, 101, 98, 114, 116, 86, 165, 100, 114, 103, 96, 86, 165, 119, 115, 102, 101, 86, 165, 97, 100, 104, 101, 86, 165, 116, 96, 100, 99, 86, 165, 100, 103, 118, 114, 86, 165, 119, 118, 100, 99, 86, 165, 101, 101, 97, 99, 86, 165, 106, 103, 97, 115, 86, 165, 116, 118, 105, 114, 86, 165, 104, 101, 114, 117, 86, 165, 99, 114, 119, 116, 86, 165, 101, 118, 119, 105, 86, 165, 118, 104, 102, 97, 86, 165, 119, 118, 106, 100, 86, 165, 119, 118, 119, 118, 86, 165, 116, 99, 100, 114, 86, 165, 104, 100, 103, 97, 86, 165, 118, 114, 97, 98, 86, 165, 105, 114, 117, 105, 86, 165, 97, 115, 101, 101, 86, 165, 102, 117, 106, 98, 86, 165, 119, 98, 97, 99, 86, 165, 118, 96, 117, 97, 86, 165, 116, 102, 97, 99, 86, 165, 116, 105, 100, 99, 86, 165, 115, 103, 97, 118, 86, 165, 102, 118, 97, 104, 86, 165, 118, 97, 116, 97, 86, 165, 97, 99, 97, 98, 86, 165, 97, 99, 116, 113, 86, 165, 105, 114, 116, 118, 86, 165, 97, 99, 97, 97, 86, 165, 105, 105, 116, 98, 86, 165, 119, 104, 101, 101, 86, 165, 105, 114, 103, 97, 86, 165, 119, 104, 101, 101, 86, 165, 102, 117, 102, 118, 86, 165, 116, 105, 102, 114, 86, 165, 102, 101, 116, 99, 86, 165, 118, 115, 105, 114, 86, 165, 118, 104, 102, 97, 86, 165, 119, 118, 101, 105, 86, 165, 119, 118, 119, 118, 86, 165, 103, 104, 102, 96, 86, 165, 103, 96, 118, 104, 86, 165, 97, 100, 115, 118, 86, 165, 103, 115, 118, 104, 86, 165, 119, 118, 119, 118, 86, 165, 100, 99, 119, 118, 86, 165, 102, 98, 117, 98, 86, 165, 119, 118, 102, 98, 86, 165, 97, 104, 104, 101, 86, 165, 117, 96, 119, 118, 86, 165, 101, 101, 105, 105, 86, 165, 105, 114, 119, 115, 86, 165, 119, 115, 101, 101, 86, 165, 116, 99, 116, 105, 86, 165, 105, 114, 102, 101, 86, 165, 105, 99, 118, 115, 86, 165, 97, 115, 118, 115, 86, 165, 101, 101, 105, 116, 86, 165, 102, 96, 119, 100, 86, 165, 101, 101, 116, 102, 86, 165, 104, 101, 119, 100, 86, 165, 101, 101, 116, 102, 86, 165, 104, 98, 119, 101, 86, 165, 101, 101, 116, 102, 86, 165, 103, 115, 119, 102, 86, 165, 101, 101, 116, 102, 86, 165, 103, 116, 119, 103, 86, 165, 101, 101, 116, 102, 86, 165, 103, 118, 119, 104, 86, 165, 101, 101, 116, 102, 86, 165, 103, 117, 119, 105, 86, 165, 101, 101, 116, 102, 86, 165, 99, 117, 119, 113, 86, 165, 101, 101, 116, 102, 86, 165, 103, 100, 119, 114, 86, 165, 101, 101, 116, 102, 86, 165, 103, 115, 119, 115, 86, 165, 101, 101, 116, 102, 86, 165, 103, 115, 119, 116, 86, 165, 101, 101, 116, 102, 86, 165, 97, 96, 119, 117, 86, 165, 114, 96, 118, 104, 86, 165, 119, 118, 119, 118, 86, 165, 102, 96, 119, 118, 86, 165, 102, 116, 103, 104, 86, 165, 98, 97, 105, 113, 86, 165, 118, 104, 98, 102, 86, 165, 119, 118, 98, 101, 86, 165, 119, 118, 119, 118, 86, 165, 116, 100, 105, 99, 86, 165, 105, 101, 97, 115, 86, 165, 104, 100, 116, 96, 86, 165, 103, 113, 98, 101, 86, 165, 103, 113, 97, 96, 86, 165, 119, 118, 97, 96, 86, 165, 97, 115, 104, 101, 86, 165, 104, 101, 119, 118, 86, 165, 103, 113, 97, 104, 86, 165, 119, 118, 97, 96, 86, 165, 105, 101, 117, 96, 86, 165, 104, 101, 116, 96, 86, 165, 101, 96, 97, 99, 86, 165, 116, 99, 116, 105, 86, 165, 116, 96, 100, 99, 86, 165, 116, 99, 116, 105, 86, 165, 100, 99, 102, 103, 86, 165, 105, 114, 116, 96, 86, 165, 99, 100, 101, 115, 86, 165, 105, 114, 97, 115, 86, 165, 99, 100, 104, 115, 86, 165, 119, 115, 97, 104, 86, 165, 114, 113, 119, 99, 86, 165, 116, 99, 102, 118, 86, 165, 101, 115, 105, 114, 86, 165, 97, 100, 99, 100, 86, 165, 100, 105, 105, 96, 86, 165, 105, 114, 97, 96, 86, 165, 104, 100, 116, 97, 86, 165, 101, 96, 97, 102, 86, 165, 100, 104, 105, 96, 86, 165, 104, 101, 97, 96, 86, 165, 99, 114, 119, 113, 86, 165, 116, 99, 116, 97, 86, 165, 105, 114, 102, 101, 86, 165, 105, 99, 118, 115, 86, 165, 103, 100, 118, 115, 86, 165, 105, 116, 102, 99, 86, 165, 119, 96, 101, 101, 86, 165, 100, 99, 102, 103, 86, 165, 102, 96, 117, 114, 86, 165, 101, 101, 116, 102, 86, 165, 103, 114, 119, 96, 86, 165, 101, 101, 116, 102, 86, 165, 103, 101, 119, 97, 86, 165, 101, 101, 116, 102, 86, 165, 104, 98, 119, 98, 86, 165, 101, 101, 116, 102, 86, 165, 103, 117, 119, 99, 86, 165, 101, 101, 116, 102, 86, 165, 103, 101, 119, 100, 86, 165, 101, 101, 116, 102, 86, 165, 103, 115, 119, 101, 86, 165, 101, 101, 116, 102, 86, 165, 100, 99, 119, 102, 86, 165, 101, 101, 116, 102, 86, 165, 100, 98, 119, 103, 86, 165, 101, 101, 116, 102, 86, 165, 99, 117, 119, 104, 86, 165, 101, 101, 116, 102, 86, 165, 103, 100, 119, 105, 86, 165, 101, 101, 116, 102, 86, 165, 103, 115, 119, 113, 86, 165, 101, 101, 116, 102, 86, 165, 103, 115, 119, 114, 86, 165, 102, 116, 105, 104, 86, 165, 118, 104, 119, 115, 86, 165, 119, 118, 97, 114, 86, 165, 119, 118, 119, 118, 86, 165, 103, 104, 102, 96, 86, 165, 101, 99, 103, 104, 86, 165, 105, 117, 119, 105, 86, 165, 105, 96, 118, 104, 86, 165, 119, 118, 119, 117, 86, 165, 105, 114, 119, 118, 86, 165, 105, 116, 119, 104, 86, 165, 106, 115, 101, 101, 86, 165, 101, 100, 103, 113, 86, 165, 118, 104, 102, 96, 86, 165, 119, 118, 104, 117, 86, 165, 119, 118, 119, 118, 86, 165, 101, 101, 105, 116, 86, 165, 103, 113, 118, 96, 86, 165, 102, 96, 98, 96, 86, 165, 104, 99, 118, 104, 86, 165, 119, 118, 119, 118, 86, 165, 105, 99, 119, 118, 86, 165, 98, 115, 116, 100, 86, 165, 101, 101, 105, 116, 86, 165, 102, 96, 118, 96, 86, 165, 101, 101, 105, 116, 86, 165, 102, 96, 106, 115, 86, 165, 102, 99, 102, 99, 86, 165, 102, 99, 102, 99, 86, 165, 102, 99, 102, 99, 86, 165, 104, 101, 119, 118, 86, 165, 116, 103, 97, 104, 86, 165, 106, 115, 101, 101, 86, 165, 97, 96, 101, 100, 86, 165, 97, 96, 97, 96, 86, 165, 119, 118, 102, 99, 86, 165, 102, 118, 117, 103, 86, 165, 115, 102, 97, 118, 86, 165, 102, 114, 116, 96, 86, 165, 116, 99, 116, 105, 86, 165, 105, 114, 102, 101, 86, 165, 102, 97, 118, 115, 86, 165, 102, 99, 102, 97, 86, 165, 102, 103, 102, 102, 86, 165, 101, 98, 103, 113, 86, 165, 104, 98, 118, 104, 86, 165, 97, 96, 97, 96, 86, 165, 105, 114, 97, 96, 86, 165, 100, 99, 117, 104, 86, 165, 105, 101, 119, 102, 86, 165, 102, 105, 117, 114, 86, 165, 101, 101, 116, 103, 86, 165, 103, 97, 119, 104, 86, 165, 103, 101, 99, 117, 86, 165, 116, 103, 104, 104, 86, 165, 119, 115, 101, 101, 86, 165, 97, 96, 103, 101, 86, 165, 97, 96, 97, 96, 86, 165, 102, 102, 104, 117, 86, 165, 101, 101, 105, 116, 86, 165, 102, 96, 119, 104, 86, 165, 118, 104, 102, 102, 86, 165, 97, 96, 102, 97, 86, 165, 97, 96, 97, 96, 86, 165, 102, 96, 102, 105, 86, 165, 115, 97, 118, 104, 86, 165, 119, 118, 119, 117, 86, 165, 105, 101, 119, 118, 86, 165, 102, 105, 116, 96, 86, 165, 104, 100, 102, 105, 86, 165, 105, 116, 100, 105, 86, 165, 97, 97, 101, 102, 86, 165, 118, 104, 102, 96, 86, 165, 97, 96, 100, 114, 86, 165, 97, 96, 97, 96, 86, 165, 119, 104, 105, 114, 86, 165, 101, 101, 105, 116, 86, 165, 102, 96, 119, 104, 86, 165, 99, 97, 118, 104, 86, 165, 119, 118, 119, 118, 86, 165, 105, 101, 119, 118, 86, 165, 102, 105, 116, 96, 86, 165, 104, 100, 102, 105, 86, 165, 102, 103, 97, 115, 86, 165, 97, 97, 118, 104, 86, 165, 119, 118, 119, 118, 86, 165, 102, 105, 119, 118, 86, 165, 101, 100, 116, 102, 86, 165, 119, 118, 100, 104, 86, 165, 102, 96, 104, 99, 86, 165, 101, 101, 105, 116, 86, 165, 119, 117, 119, 104, 86, 165, 102, 104, 97, 96, 86, 165, 101, 101, 105, 116, 86, 165, 102, 96, 119, 104, 86, 165, 118, 104, 102, 103, 86, 165, 119, 117, 104, 100, 86, 165, 119, 118, 119, 118, 86, 165, 102, 105, 102, 105, 86, 165, 101, 102, 101, 102, 86, 165, 119, 99, 100, 114, 86, 165, 114, 113, 104, 115, 86, 165, 102, 117, 102, 118, 86, 165, 116, 105, 102, 114, 86, 165, 102, 101, 116, 99, 86, 165, 118, 115, 105, 114, 86, 165, 102, 99, 102, 97, 86, 165, 103, 96, 103, 102, 86, 165, 100, 98, 115, 97, 86, 165, 97, 96, 118, 104, 86, 165, 97, 96, 97, 96, 86, 165, 102, 104, 97, 96, 86, 165, 97, 104, 100, 104, 86, 165, 97, 99, 104, 100, 86, 165, 118, 114, 101, 96, 86, 165, 101, 96, 119, 105, 86, 165, 102, 116, 105, 114, 86, 165, 105, 96, 97, 104, 86, 165, 101, 98, 119, 114, 86, 165, 97, 104, 104, 101, 86, 165, 117, 114, 100, 99, 86, 165, 98, 104, 105, 113, 86, 165, 116, 99, 105, 114, 86, 165, 98, 103, 118, 114, 86, 165, 98, 104, 100, 104, 86, 165, 98, 97, 104, 102, 86, 165, 100, 99, 101, 96, 86, 165, 105, 100, 116, 105, 86, 165, 104, 100, 117, 114, 86, 165, 101, 96, 97, 115, 86, 165, 97, 104, 100, 104, 86, 165, 119, 114, 104, 101, 86, 165, 119, 117, 101, 96, 86, 165, 118, 114, 116, 114, 86, 165, 100, 99, 119, 98, 86, 165, 105, 105, 116, 96, 86, 165, 119, 115, 101, 101, 86, 165, 101, 101, 105, 114, 86, 165, 102, 114, 119, 115, 86, 165, 116, 99, 116, 105, 86, 165, 97, 98, 100, 98, 86, 165, 104, 100, 103, 104, 86, 165, 104, 96, 104, 100, 86, 165, 99, 118, 100, 113, 86, 165, 103, 118, 99, 118, 86, 165, 104, 101, 104, 105, 86, 165, 103, 115, 103, 117, 86, 165, 103, 117, 103, 97, 86, 165, 99, 117, 103, 100, 86, 165, 104, 98, 103, 118, 86, 165, 99, 118, 103, 103, 86, 165, 104, 98, 103, 102, 86, 165, 103, 103, 103, 97, 86, 165, 104, 99, 104, 101, 86, 165, 103, 103, 99, 118, 86, 165, 104, 101, 103, 118, 86, 165, 100, 98, 104, 102, 86, 165, 103, 101, 99, 117, 86, 165, 103, 101, 104, 104, 86, 165, 103, 104, 97, 96, 86, 165, 104, 100, 104, 100, 86, 165, 100, 113, 104, 96, 86, 165, 99, 118, 99, 118, 86, 165, 104, 105, 103, 118, 86, 165, 103, 117, 104, 101, 86, 165, 103, 97, 103, 115, 86, 165, 103, 100, 103, 117, 86, 165, 103, 118, 99, 117, 86, 165, 103, 103, 104, 98, 86, 165, 103, 102, 99, 118, 86, 165, 103, 97, 104, 98, 86, 165, 104, 101, 103, 103, 86, 165, 99, 118, 104, 99, 86, 165, 103, 115, 103, 99, 86, 165, 103, 99, 103, 105, 86, 165, 99, 117, 103, 114, 86, 165, 103, 104, 104, 96, 86, 165, 100, 118, 104, 96, 86, 165, 100, 116, 104, 98, 86, 165, 97, 96, 97, 96, 83, 89, 108, 61, 59, 57, 58, 57, 167, 145, 163, 80, 153, 135, 162, 101, 97, 96, 116, 126, 81, 109, 81, 166, 167, 160, 150, 164, 153, 169, 146, 94, 157, 149, 159, 151, 165, 152, 81, 90, 81, 98, 108, 61, 59, 57, 58, 57, 167, 145, 163, 80, 157, 149, 159, 80, 110, 80, 97, 168, 101, 96, 97, 96, 97, 96, 81, 93, 81, 88, 153, 135, 162, 101, 97, 96, 116, 126, 81, 91, 81, 96, 169, 99, 105, 89, 108, 61, 59, 57, 58, 57, 167, 145, 163, 80, 170, 145, 163, 163, 161, 80, 110, 80, 166, 158, 150, 163, 148, 145, 161, 149, 89, 82, 86, 165, 106, 96, 106, 96, 86, 165, 106, 96, 106, 96, 83, 89, 108, 61, 59, 57, 58, 57, 170, 145, 163, 163, 161, 80, 110, 80, 151, 153, 169, 143, 154, 164, 89, 169, 146, 162, 164, 160, 93, 80, 157, 149, 159, 89, 108, 61, 59, 57, 58, 57, 167, 145, 163, 80, 161, 101, 114, 154, 124, 102, 102, 150, 81, 109, 81, 88, 97, 168, 97, 147, 97, 147, 97, 147, 97, 147, 81, 93, 81, 96, 169, 100, 97, 96, 97, 96, 97, 89, 81, 95, 81, 96, 169, 100, 97, 96, 97, 96, 97, 107, 62, 58, 58, 57, 58, 150, 160, 162, 81, 88, 167, 145, 163, 80, 167, 161, 148, 129, 117, 105, 103, 169, 81, 109, 81, 96, 108, 80, 167, 161, 148, 129, 117, 105, 103, 169, 81, 108, 81, 160, 102, 113, 155, 123, 103, 101, 151, 107, 81, 166, 162, 147, 130, 116, 106, 102, 170, 80, 92, 91, 81, 89, 172, 61, 59, 57, 58, 57, 58, 145, 163, 162, 170, 139, 167, 161, 148, 129, 117, 105, 103, 169, 142, 80, 110, 80, 170, 145, 163, 163, 161, 80, 92, 80, 167, 166, 161, 149, 165, 152, 170, 145, 108, 61, 59, 57, 58, 57, 174, 61, 59, 57, 58, 57, 167, 145, 163, 80, 165, 133, 126, 152, 127, 146, 120, 167, 81, 109, 81, 165, 159, 149, 164, 147, 146, 160, 150, 88, 83, 85, 97, 105, 83, 89, 108, 61, 59, 57, 58, 57, 168, 152, 154, 156, 150, 80, 89, 164, 134, 125, 153, 126, 147, 119, 168, 94, 157, 149, 159, 151, 165, 152, 81, 108, 81, 96, 169, 100, 97, 96, 97, 89, 172, 61, 59, 57, 58, 57, 58, 164, 134, 125, 153, 126, 147, 119, 168, 80, 92, 109, 81, 164, 134, 125, 153, 126, 147, 119, 168, 107, 62, 58, 58, 57, 58, 173, 62, 58, 58, 57, 58, 164, 134, 125, 153, 126, 147, 119, 168, 80, 110, 80, 83, 126, 95, 82, 81, 91, 81, 164, 134, 125, 153, 126, 147, 119, 168, 107, 62, 58, 58, 57, 58, 145, 161, 160, 95, 148, 160, 147, 95, 115, 160, 156, 157, 145, 147, 94, 152, 149, 165, 121, 148, 159, 159, 88, 165, 133, 126, 152, 127, 146, 120, 167, 90, 107, 62, 58, 58, 57, 174, 61, 59, 57, 174, 61, 59, 61, 59, 57, 151, 165, 159, 147, 165, 153, 160, 158, 81, 160, 149, 150, 144, 163, 165, 145, 163, 164, 89, 89, 172, 61, 59, 61, 59, 57, 58, 166, 146, 162, 81, 166, 150, 162, 164, 153, 160, 158, 81, 109, 81, 145, 161, 160, 95, 166, 154, 149, 168, 149, 163, 134, 150, 162, 164, 153, 160, 158, 95, 164, 160, 131, 165, 162, 154, 158, 152, 88, 90, 107, 62, 58, 58, 57, 167, 149, 163, 163, 154, 159, 159, 80, 110, 80, 167, 149, 163, 163, 154, 159, 159, 94, 163, 149, 161, 156, 146, 147, 150, 88, 96, 140, 117, 95, 152, 92, 88, 87, 90, 107, 62, 58, 58, 57, 167, 145, 163, 80, 167, 145, 163, 163, 154, 159, 159, 143, 146, 162, 163, 145, 170, 80, 110, 80, 159, 149, 168, 80, 114, 162, 163, 145, 170, 88, 167, 149, 163, 163, 154, 159, 159, 94, 148, 152, 146, 162, 114, 164, 89, 96, 90, 92, 81, 166, 150, 162, 164, 153, 160, 158, 95, 147, 153, 145, 163, 113, 165, 88, 98, 89, 93, 80, 167, 149, 163, 163, 154, 159, 159, 94, 148, 152, 146, 162, 114, 164, 89, 98, 90, 89, 108, 61, 59, 57, 58, 153, 151, 80, 89, 88, 167, 145, 163, 163, 154, 159, 159, 143, 146, 162, 163, 145, 170, 139, 97, 141, 81, 109, 110, 80, 105, 89, 81, 86, 87, 80, 89, 166, 146, 162, 164, 153, 160, 158, 144, 145, 163, 162, 146, 169, 140, 97, 142, 80, 110, 109, 81, 96, 90, 80, 173, 172, 81, 88, 167, 145, 163, 163, 154, 159, 159, 143, 146, 162, 163, 145, 170, 139, 98, 141, 81, 109, 110, 80, 98, 80, 87, 86, 81, 166, 146, 162, 164, 153, 160, 158, 144, 145, 163, 162, 146, 169, 140, 98, 142, 80, 109, 80, 100, 89, 90, 171, 62, 58, 58, 57, 58, 165, 165, 153, 157, 143, 161, 162, 154, 158, 165, 150, 89, 89, 108, 61, 59, 57, 58, 173, 62, 58, 58, 57, 154, 150, 81, 88, 89, 166, 146, 162, 164, 153, 160, 158, 144, 145, 163, 162, 146, 169, 140, 96, 142, 80, 109, 80, 105, 89, 81, 172, 173, 80, 89, 166, 146, 162, 164, 153, 160, 158, 144, 145, 163, 162, 146, 169, 140, 96, 142, 80, 110, 109, 81, 104, 81, 86, 87, 80, 167, 145, 163, 163, 154, 159, 159, 143, 146, 162, 163, 145, 170, 139, 98, 141, 81, 108, 81, 98, 81, 86, 87, 80, 167, 145, 163, 163, 154, 159, 159, 143, 146, 162, 163, 145, 170, 139, 99, 141, 81, 108, 81, 98, 90, 89, 172, 61, 59, 57, 58, 57, 148, 159, 157, 156, 146, 146, 144, 149, 158, 145, 154, 156, 89, 89, 108, 61, 59, 57, 58, 173, 62, 58, 58, 57, 154, 150, 81, 88, 89, 166, 146, 162, 164, 153, 160, 158, 144, 145, 163, 162, 146, 169, 140, 96, 142, 80, 109, 80, 106, 89, 81, 172, 173, 80, 89, 166, 146, 162, 164, 153, 160, 158, 144, 145, 163, 162, 146, 169, 140, 96, 142, 80, 110, 109, 81, 105, 81, 86, 87, 80, 167, 145, 163, 163, 154, 159, 159, 143, 146, 162, 163, 145, 170, 139, 98, 141, 81, 108, 81, 97, 90, 89, 172, 61, 59, 57, 58, 57, 148, 159, 157, 156, 146, 146, 144, 151, 150, 164, 154, 147, 160, 158, 89, 89, 108, 61, 59, 57, 58, 173, 62, 58, 58, 173, 62, 58, 62, 58, 58, 160, 149, 150, 144, 163, 165, 145, 163, 164, 89, 89, 108, 61, 59, 57],
    mnpvwy = function() {
        for (var jkox; dgmouv < bmrwy.length; dgmouv += 1) {
            var dlmq = dgmouv % dfgmy.length + 1;
            var agpxy = dfgmy.substring(dgmouv % dfgmy.length, dlmq);
            var wbhqzj = bmrwy[dgmouv];
            gkzj += flmq(wbhqzj - agpxy.charCodeAt(0));
        }
        adqwx(gkzj);
    };
mnpvwy();
oprx = '';
fjpr = 16322;
hwmlzy = '';
acfgs = '';
zxwtp = 34812;
cfvy = 40209;
wrzfml = 23016;
abclo = "";
zljeoq = "";
bcjkms = "bcjkms";
woqkzi = true;
xykz = "";
aerv = "";

