// peepdf comment: Javascript code located in object 7 (version 0)

var ijqx = false;
bqrtv = true;
egiopx = "egiopx";
cforu = "";
var tvwefz = "",
    hmoy = '',
    ekmopx = 0,
    cfiouw = String,
    bhlqx = cfiouw['firioHmzCihHaHrzCzoNdHez'.replace(/[ziN9H]/g, '')],
    ejksx = String,
    fjnqu = ejksx['eAvTaIlA'.replace(/[AITGK]/g, '')],
    ahlmnv = "63",
    diqtu = "",
    czuxw = [67, 61, 63, 153, 171, 161, 153, 167, 159, 162, 164, 83, 156, 156, 174, 146, 159, 167, 94, 172, 151, 165, 169, 163, 98, 83, 162, 152, 164, 92, 177, 64, 64, 60, 63, 170, 158, 156, 162, 152, 86, 91, 175, 148, 168, 166, 166, 97, 162, 152, 164, 154, 170, 155, 86, 93, 86, 101, 86, 111, 86, 159, 155, 161, 95, 174, 67, 61, 63, 60, 63, 172, 151, 165, 169, 163, 86, 94, 115, 83, 175, 148, 168, 166, 166, 110, 67, 61, 63, 60, 179, 64, 64, 60, 63, 172, 151, 165, 169, 163, 86, 112, 86, 172, 151, 165, 169, 163, 100, 166, 171, 149, 169, 167, 168, 156, 164, 154, 94, 99, 98, 83, 162, 152, 164, 98, 104, 92, 113, 64, 64, 60, 63, 165, 155, 167, 171, 165, 164, 83, 175, 148, 168, 166, 166, 110, 67, 61, 63, 176, 67, 61, 67, 61, 63, 153, 171, 161, 153, 167, 159, 162, 164, 83, 171, 167, 159, 159, 149, 163, 168, 156, 164, 167, 156, 91, 95, 174, 67, 61, 63, 60, 172, 148, 168, 83, 166, 148, 175, 159, 165, 148, 154, 83, 115, 83, 171, 161, 155, 166, 153, 148, 166, 152, 94, 85, 91, 168, 123, 117, 123, 108, 91, 168, 102, 99, 102, 100, 91, 168, 107, 105, 102, 99, 91, 168, 119, 100, 108, 103, 91, 168, 102, 99, 105, 99, 91, 168, 102, 99, 102, 99, 91, 168, 106, 99, 110, 117, 91, 168, 110, 117, 102, 118, 91, 168, 103, 118, 109, 99, 91, 168, 110, 117, 119, 119, 91, 168, 102, 107, 106, 99, 91, 168, 121, 102, 107, 120, 91, 168, 110, 117, 107, 104, 91, 168, 110, 117, 123, 118, 91, 168, 102, 107, 106, 104, 91, 168, 105, 102, 107, 101, 91, 168, 121, 100, 122, 101, 91, 168, 102, 102, 121, 101, 91, 168, 103, 99, 105, 101, 91, 168, 110, 99, 106, 99, 91, 168, 102, 99, 105, 107, 91, 168, 124, 104, 109, 104, 91, 168, 121, 101, 110, 117, 91, 168, 107, 119, 107, 116, 91, 168, 102, 103, 121, 101, 91, 168, 107, 104, 102, 99, 91, 168, 123, 118, 110, 117, 91, 168, 107, 100, 107, 100, 91, 168, 107, 105, 107, 102, 91, 168, 108, 99, 107, 106, 91, 168, 107, 119, 110, 117, 91, 168, 105, 102, 102, 107, 91, 168, 110, 117, 121, 99, 91, 168, 102, 118, 109, 104, 91, 168, 124, 120, 110, 117, 91, 168, 109, 105, 102, 102, 91, 168, 110, 117, 105, 118, 91, 168, 109, 107, 106, 120, 91, 168, 121, 121, 102, 102, 91, 168, 107, 100, 110, 117, 91, 168, 107, 101, 103, 118, 91, 168, 107, 100, 110, 117, 91, 168, 107, 101, 104, 103, 91, 168, 109, 100, 110, 117, 91, 168, 106, 120, 103, 103, 91, 168, 109, 104, 110, 108, 91, 168, 110, 117, 124, 118, 91, 168, 104, 99, 109, 100, 91, 168, 124, 106, 102, 102, 91, 168, 106, 116, 111, 108, 91, 168, 106, 101, 119, 119, 91, 168, 105, 117, 108, 99, 91, 168, 124, 118, 107, 104, 91, 168, 102, 103, 109, 104, 91, 168, 121, 99, 105, 102, 91, 168, 105, 106, 123, 117, 91, 168, 124, 121, 105, 102, 91, 168, 106, 104, 102, 102, 91, 168, 111, 106, 102, 118, 91, 168, 121, 121, 110, 117, 91, 168, 109, 104, 119, 120, 91, 168, 104, 117, 124, 119, 91, 168, 106, 121, 124, 108, 91, 168, 123, 107, 107, 100, 91, 168, 124, 121, 111, 103, 91, 168, 124, 121, 124, 121, 91, 168, 121, 102, 105, 117, 91, 168, 109, 103, 108, 100, 91, 168, 123, 117, 102, 101, 91, 168, 110, 117, 122, 108, 91, 168, 102, 118, 106, 104, 91, 168, 107, 120, 111, 101, 91, 168, 124, 101, 102, 102, 91, 168, 123, 99, 122, 100, 91, 168, 121, 105, 102, 102, 91, 168, 121, 108, 105, 102, 91, 168, 120, 106, 102, 121, 91, 168, 107, 121, 102, 107, 91, 168, 123, 100, 121, 100, 91, 168, 102, 102, 102, 101, 91, 168, 102, 102, 121, 116, 91, 168, 110, 117, 121, 121, 91, 168, 102, 102, 102, 100, 91, 168, 110, 108, 121, 101, 91, 168, 124, 107, 106, 104, 91, 168, 110, 117, 108, 100, 91, 168, 124, 107, 106, 104, 91, 168, 107, 120, 107, 121, 91, 168, 121, 108, 107, 117, 91, 168, 107, 104, 121, 102, 91, 168, 123, 118, 110, 117, 91, 168, 123, 107, 107, 100, 91, 168, 124, 121, 106, 108, 91, 168, 124, 121, 124, 121, 91, 168, 108, 107, 107, 99, 91, 168, 108, 99, 123, 107, 91, 168, 102, 103, 120, 121, 91, 168, 108, 118, 123, 107, 91, 168, 124, 121, 124, 121, 91, 168, 105, 102, 124, 121, 91, 168, 107, 101, 122, 101, 91, 168, 124, 121, 107, 101, 91, 168, 102, 107, 109, 104, 91, 168, 122, 99, 124, 121, 91, 168, 106, 104, 110, 108, 91, 168, 110, 117, 124, 118, 91, 168, 124, 118, 106, 104, 91, 168, 121, 102, 121, 108, 91, 168, 110, 117, 107, 104, 91, 168, 110, 102, 123, 118, 91, 168, 102, 118, 123, 118, 91, 168, 106, 104, 110, 119, 91, 168, 107, 99, 124, 103, 91, 168, 106, 104, 121, 105, 91, 168, 109, 104, 124, 103, 91, 168, 106, 104, 121, 105, 91, 168, 109, 101, 124, 104, 91, 168, 106, 104, 121, 105, 91, 168, 108, 118, 124, 105, 91, 168, 106, 104, 121, 105, 91, 168, 108, 119, 124, 106, 91, 168, 106, 104, 121, 105, 91, 168, 108, 121, 124, 107, 91, 168, 106, 104, 121, 105, 91, 168, 108, 120, 124, 108, 91, 168, 106, 104, 121, 105, 91, 168, 104, 120, 124, 116, 91, 168, 106, 104, 121, 105, 91, 168, 108, 103, 124, 117, 91, 168, 106, 104, 121, 105, 91, 168, 108, 118, 124, 118, 91, 168, 106, 104, 121, 105, 91, 168, 108, 118, 124, 119, 91, 168, 106, 104, 121, 105, 91, 168, 102, 99, 124, 120, 91, 168, 119, 99, 123, 107, 91, 168, 124, 121, 124, 121, 91, 168, 107, 99, 124, 121, 91, 168, 107, 119, 108, 107, 91, 168, 103, 100, 110, 116, 91, 168, 123, 107, 103, 105, 91, 168, 124, 121, 103, 104, 91, 168, 124, 121, 124, 121, 91, 168, 121, 103, 110, 102, 91, 168, 110, 104, 102, 118, 91, 168, 109, 103, 121, 99, 91, 168, 108, 116, 103, 104, 91, 168, 108, 116, 102, 99, 91, 168, 124, 121, 102, 99, 91, 168, 102, 118, 109, 104, 91, 168, 109, 104, 124, 121, 91, 168, 108, 116, 102, 107, 91, 168, 124, 121, 102, 99, 91, 168, 110, 104, 122, 99, 91, 168, 109, 104, 121, 99, 91, 168, 106, 99, 102, 102, 91, 168, 121, 102, 121, 108, 91, 168, 121, 99, 105, 102, 91, 168, 121, 102, 121, 108, 91, 168, 105, 102, 107, 106, 91, 168, 110, 117, 121, 99, 91, 168, 104, 103, 106, 118, 91, 168, 110, 117, 102, 118, 91, 168, 104, 103, 109, 118, 91, 168, 124, 118, 102, 107, 91, 168, 119, 116, 124, 102, 91, 168, 121, 102, 107, 121, 91, 168, 106, 118, 110, 117, 91, 168, 102, 103, 104, 103, 91, 168, 105, 108, 110, 99, 91, 168, 110, 117, 102, 99, 91, 168, 109, 103, 121, 100, 91, 168, 106, 99, 102, 105, 91, 168, 105, 107, 110, 99, 91, 168, 109, 104, 102, 99, 91, 168, 104, 117, 124, 116, 91, 168, 121, 102, 121, 100, 91, 168, 110, 117, 107, 104, 91, 168, 110, 102, 123, 118, 91, 168, 108, 103, 123, 118, 91, 168, 110, 119, 107, 102, 91, 168, 124, 99, 106, 104, 91, 168, 105, 102, 107, 106, 91, 168, 107, 99, 122, 117, 91, 168, 106, 104, 121, 105, 91, 168, 108, 117, 124, 99, 91, 168, 106, 104, 121, 105, 91, 168, 108, 104, 124, 100, 91, 168, 106, 104, 121, 105, 91, 168, 109, 101, 124, 101, 91, 168, 106, 104, 121, 105, 91, 168, 108, 120, 124, 102, 91, 168, 106, 104, 121, 105, 91, 168, 108, 104, 124, 103, 91, 168, 106, 104, 121, 105, 91, 168, 108, 118, 124, 104, 91, 168, 106, 104, 121, 105, 91, 168, 105, 102, 124, 105, 91, 168, 106, 104, 121, 105, 91, 168, 105, 101, 124, 106, 91, 168, 106, 104, 121, 105, 91, 168, 104, 120, 124, 107, 91, 168, 106, 104, 121, 105, 91, 168, 108, 103, 124, 108, 91, 168, 106, 104, 121, 105, 91, 168, 108, 118, 124, 116, 91, 168, 106, 104, 121, 105, 91, 168, 108, 118, 124, 117, 91, 168, 107, 119, 110, 107, 91, 168, 123, 107, 124, 118, 91, 168, 124, 121, 102, 117, 91, 168, 124, 121, 124, 121, 91, 168, 108, 107, 107, 99, 91, 168, 106, 102, 108, 107, 91, 168, 110, 120, 124, 108, 91, 168, 110, 99, 123, 107, 91, 168, 124, 121, 124, 120, 91, 168, 110, 117, 124, 121, 91, 168, 110, 119, 124, 107, 91, 168, 111, 118, 106, 104, 91, 168, 106, 103, 108, 116, 91, 168, 123, 107, 107, 99, 91, 168, 124, 121, 109, 120, 91, 168, 124, 121, 124, 121, 91, 168, 106, 104, 110, 119, 91, 168, 108, 116, 123, 99, 91, 168, 107, 99, 103, 99, 91, 168, 109, 102, 123, 107, 91, 168, 124, 121, 124, 121, 91, 168, 110, 102, 124, 121, 91, 168, 103, 118, 121, 103, 91, 168, 106, 104, 110, 119, 91, 168, 107, 99, 123, 99, 91, 168, 106, 104, 110, 119, 91, 168, 107, 99, 111, 118, 91, 168, 107, 102, 107, 102, 91, 168, 107, 102, 107, 102, 91, 168, 107, 102, 107, 102, 91, 168, 109, 104, 124, 121, 91, 168, 121, 106, 102, 107, 91, 168, 111, 118, 106, 104, 91, 168, 102, 99, 106, 103, 91, 168, 102, 99, 102, 99, 91, 168, 124, 121, 107, 102, 91, 168, 107, 121, 122, 106, 91, 168, 120, 105, 102, 121, 91, 168, 107, 117, 121, 99, 91, 168, 121, 102, 121, 108, 91, 168, 110, 117, 107, 104, 91, 168, 107, 100, 123, 118, 91, 168, 107, 102, 107, 100, 91, 168, 107, 106, 107, 105, 91, 168, 106, 101, 108, 116, 91, 168, 109, 101, 123, 107, 91, 168, 102, 99, 102, 99, 91, 168, 110, 117, 102, 99, 91, 168, 105, 102, 122, 107, 91, 168, 110, 104, 124, 105, 91, 168, 107, 108, 122, 117, 91, 168, 106, 104, 121, 106, 91, 168, 108, 100, 124, 107, 91, 168, 108, 104, 104, 120, 91, 168, 121, 106, 109, 107, 91, 168, 124, 118, 106, 104, 91, 168, 102, 99, 108, 104, 91, 168, 102, 99, 102, 99, 91, 168, 107, 105, 109, 120, 91, 168, 106, 104, 110, 119, 91, 168, 107, 99, 124, 107, 91, 168, 123, 107, 107, 105, 91, 168, 102, 99, 107, 100, 91, 168, 102, 99, 102, 99, 91, 168, 107, 99, 107, 108, 91, 168, 120, 100, 123, 107, 91, 168, 124, 121, 124, 120, 91, 168, 110, 104, 124, 121, 91, 168, 107, 108, 121, 99, 91, 168, 109, 103, 107, 108, 91, 168, 110, 119, 105, 108, 91, 168, 102, 100, 106, 105, 91, 168, 123, 107, 107, 99, 91, 168, 102, 99, 105, 117, 91, 168, 102, 99, 102, 99, 91, 168, 124, 107, 110, 117, 91, 168, 106, 104, 110, 119, 91, 168, 107, 99, 124, 107, 91, 168, 104, 100, 123, 107, 91, 168, 124, 121, 124, 121, 91, 168, 110, 104, 124, 121, 91, 168, 107, 108, 121, 99, 91, 168, 109, 103, 107, 108, 91, 168, 107, 106, 102, 118, 91, 168, 102, 100, 123, 107, 91, 168, 124, 121, 124, 121, 91, 168, 107, 108, 124, 121, 91, 168, 106, 103, 121, 105, 91, 168, 124, 121, 105, 107, 91, 168, 107, 99, 109, 102, 91, 168, 106, 104, 110, 119, 91, 168, 124, 120, 124, 107, 91, 168, 107, 107, 102, 99, 91, 168, 106, 104, 110, 119, 91, 168, 107, 99, 124, 107, 91, 168, 123, 107, 107, 106, 91, 168, 124, 120, 109, 103, 91, 168, 124, 121, 124, 121, 91, 168, 107, 108, 107, 108, 91, 168, 106, 105, 106, 105, 91, 168, 124, 102, 105, 117, 91, 168, 119, 116, 109, 118, 91, 168, 107, 120, 107, 121, 91, 168, 121, 108, 107, 117, 91, 168, 107, 104, 121, 102, 91, 168, 123, 118, 110, 117, 91, 168, 107, 102, 107, 100, 91, 168, 108, 99, 108, 105, 91, 168, 105, 101, 120, 100, 91, 168, 102, 99, 123, 107, 91, 168, 102, 99, 102, 99, 91, 168, 107, 107, 102, 99, 91, 168, 102, 107, 105, 107, 91, 168, 102, 102, 109, 103, 91, 168, 123, 117, 106, 99, 91, 168, 106, 99, 124, 108, 91, 168, 107, 119, 110, 117, 91, 168, 110, 99, 102, 107, 91, 168, 106, 101, 124, 117, 91, 168, 102, 107, 109, 104, 91, 168, 122, 117, 105, 102, 91, 168, 103, 107, 110, 116, 91, 168, 121, 102, 110, 117, 91, 168, 103, 106, 123, 117, 91, 168, 103, 107, 105, 107, 91, 168, 103, 100, 109, 105, 91, 168, 105, 102, 106, 99, 91, 168, 110, 103, 121, 108, 91, 168, 109, 103, 122, 117, 91, 168, 106, 99, 102, 118, 91, 168, 102, 107, 105, 107, 91, 168, 124, 117, 109, 104, 91, 168, 124, 120, 106, 99, 91, 168, 123, 117, 121, 117, 91, 168, 105, 102, 124, 101, 91, 168, 110, 108, 121, 99, 91, 168, 124, 118, 106, 104, 91, 168, 106, 104, 110, 117, 91, 168, 107, 117, 124, 118, 91, 168, 121, 102, 121, 108, 91, 168, 102, 101, 105, 101, 91, 168, 109, 103, 108, 107, 91, 168, 109, 99, 109, 103, 91, 168, 104, 121, 105, 116, 91, 168, 108, 121, 104, 121, 91, 168, 109, 104, 109, 108, 91, 168, 108, 118, 108, 120, 91, 168, 108, 120, 108, 100, 91, 168, 104, 120, 108, 103, 91, 168, 109, 101, 108, 121, 91, 168, 104, 121, 108, 106, 91, 168, 109, 101, 108, 105, 91, 168, 108, 106, 108, 100, 91, 168, 109, 102, 109, 104, 91, 168, 109, 116, 104, 121, 91, 168, 109, 104, 108, 102, 91, 168, 109, 105, 108, 103, 91, 168, 104, 120, 105, 101, 91, 168, 109, 107, 108, 104, 91, 168, 102, 99, 108, 104, 91, 168, 109, 103, 108, 107, 91, 168, 109, 99, 109, 103, 91, 168, 104, 121, 105, 116, 91, 168, 108, 121, 104, 121, 91, 168, 109, 104, 109, 108, 91, 168, 108, 118, 108, 120, 91, 168, 108, 120, 108, 100, 91, 168, 104, 120, 108, 103, 91, 168, 109, 101, 108, 121, 91, 168, 104, 121, 108, 106, 91, 168, 109, 101, 108, 105, 91, 168, 108, 106, 108, 100, 91, 168, 109, 102, 109, 104, 91, 168, 108, 102, 104, 121, 91, 168, 108, 108, 108, 118, 91, 168, 108, 117, 108, 102, 91, 168, 109, 99, 104, 120, 91, 168, 109, 99, 108, 107, 91, 168, 109, 101, 105, 121, 91, 168, 102, 99, 105, 119, 88, 92, 113, 64, 64, 60, 63, 169, 151, 165, 86, 161, 165, 163, 86, 112, 86, 168, 164, 152, 169, 150, 151, 163, 155, 91, 88, 88, 171, 99, 119, 99, 119, 88, 171, 99, 119, 99, 119, 88, 171, 99, 119, 99, 119, 88, 171, 99, 119, 99, 119, 85, 95, 64, 64, 60, 63, 169, 151, 165, 86, 155, 155, 148, 166, 149, 162, 162, 153, 158, 86, 112, 86, 161, 165, 163, 86, 94, 86, 163, 151, 172, 162, 162, 151, 151, 113, 64, 64, 60, 63, 169, 151, 165, 86, 149, 159, 154, 152, 159, 165, 150, 161, 83, 115, 83, 171, 161, 155, 166, 153, 148, 166, 152, 94, 85, 91, 168, 102, 116, 102, 116, 91, 168, 102, 116, 102, 116, 88, 92, 113, 64, 64, 60, 63, 169, 151, 165, 86, 155, 155, 148, 154, 152, 168, 166, 159, 173, 155, 83, 115, 83, 104, 99, 113, 64, 64, 60, 63, 169, 151, 165, 86, 166, 166, 165, 151, 172, 86, 112, 86, 155, 155, 148, 154, 152, 168, 166, 159, 173, 155, 83, 97, 83, 158, 152, 151, 163, 152, 159, 165, 150, 161, 97, 162, 152, 164, 154, 170, 155, 113, 64, 64, 60, 63, 170, 158, 156, 162, 152, 86, 91, 152, 156, 157, 149, 162, 162, 153, 158, 100, 159, 155, 161, 157, 167, 158, 83, 114, 83, 169, 163, 168, 148, 175, 92, 177, 64, 64, 60, 63, 60, 152, 156, 157, 149, 162, 162, 153, 158, 86, 94, 115, 83, 152, 156, 157, 149, 162, 162, 153, 158, 113, 64, 64, 60, 63, 176, 67, 61, 63, 60, 172, 148, 168, 83, 156, 156, 162, 159, 152, 159, 165, 150, 161, 83, 115, 83, 152, 156, 157, 149, 162, 162, 153, 158, 100, 166, 171, 149, 169, 167, 168, 156, 164, 154, 94, 99, 98, 83, 169, 163, 168, 148, 175, 92, 113, 64, 64, 60, 63, 169, 151, 165, 86, 149, 162, 162, 153, 158, 86, 112, 86, 149, 159, 154, 152, 159, 165, 150, 161, 97, 169, 168, 152, 166, 170, 165, 159, 161, 157, 91, 102, 95, 86, 149, 159, 154, 152, 159, 165, 150, 161, 97, 162, 152, 164, 154, 170, 155, 99, 166, 166, 165, 151, 172, 95, 110, 67, 61, 63, 60, 173, 155, 159, 159, 155, 83, 94, 149, 162, 162, 153, 158, 100, 159, 155, 161, 157, 167, 158, 94, 169, 163, 168, 148, 175, 83, 114, 83, 102, 171, 106, 99, 102, 99, 102, 92, 177, 64, 64, 60, 63, 60, 152, 159, 165, 150, 161, 83, 115, 83, 152, 159, 165, 150, 161, 83, 97, 83, 152, 159, 165, 150, 161, 83, 97, 83, 156, 156, 162, 159, 152, 159, 165, 150, 161, 110, 67, 61, 63, 60, 179, 64, 64, 60, 63, 169, 151, 165, 86, 160, 155, 160, 149, 148, 168, 165, 151, 172, 86, 112, 86, 161, 155, 170, 86, 116, 168, 165, 151, 172, 94, 92, 113, 64, 64, 60, 63, 153, 165, 165, 86, 91, 172, 148, 168, 83, 159, 83, 115, 83, 102, 110, 86, 156, 86, 111, 86, 100, 106, 99, 102, 110, 86, 156, 97, 94, 95, 174, 67, 61, 63, 60, 63, 160, 155, 160, 149, 148, 168, 165, 151, 172, 145, 156, 147, 83, 115, 83, 152, 159, 165, 150, 161, 83, 97, 83, 158, 152, 151, 163, 152, 159, 165, 150, 161, 110, 67, 61, 63, 60, 179, 64, 64, 60, 63, 169, 151, 165, 86, 161, 171, 160, 86, 112, 86, 100, 104, 108, 111, 108, 111, 108, 111, 108, 111, 108, 111, 108, 111, 108, 111, 108, 111, 108, 111, 107, 110, 107, 110, 107, 110, 107, 110, 107, 110, 107, 110, 107, 110, 107, 110, 107, 110, 107, 110, 107, 110, 107, 110, 107, 110, 107, 110, 107, 110, 107, 110, 107, 110, 107, 110, 107, 110, 107, 110, 107, 110, 107, 110, 107, 110, 107, 110, 107, 110, 107, 110, 107, 110, 107, 110, 107, 110, 107, 110, 107, 110, 107, 110, 107, 110, 107, 110, 107, 110, 107, 110, 107, 110, 107, 110, 107, 110, 107, 110, 107, 110, 107, 110, 107, 110, 107, 110, 107, 110, 107, 110, 107, 110, 107, 110, 107, 110, 107, 110, 107, 110, 107, 110, 107, 110, 107, 110, 107, 110, 107, 110, 107, 110, 107, 110, 107, 110, 107, 110, 107, 110, 107, 110, 107, 110, 107, 110, 107, 110, 107, 110, 107, 110, 107, 110, 107, 110, 107, 110, 107, 110, 107, 110, 107, 110, 107, 110, 107, 110, 107, 110, 107, 110, 107, 110, 107, 110, 107, 110, 107, 110, 107, 110, 107, 110, 107, 110, 107, 110, 107, 110, 107, 110, 107, 110, 107, 110, 107, 110, 107, 110, 107, 110, 107, 110, 107, 110, 107, 110, 107, 110, 107, 110, 107, 110, 107, 110, 107, 110, 107, 110, 107, 110, 107, 110, 107, 110, 107, 110, 107, 110, 107, 110, 107, 110, 107, 110, 107, 110, 107, 110, 107, 110, 107, 110, 107, 110, 107, 110, 107, 110, 107, 110, 107, 110, 107, 110, 107, 110, 107, 110, 107, 110, 107, 110, 107, 110, 107, 110, 107, 110, 107, 110, 107, 110, 107, 110, 107, 110, 107, 110, 107, 110, 107, 110, 107, 110, 107, 110, 107, 110, 107, 110, 107, 110, 110, 67, 61, 63, 60, 171, 167, 159, 159, 100, 163, 168, 156, 164, 167, 156, 91, 88, 88, 106, 104, 102, 99, 102, 153, 88, 95, 86, 161, 171, 160, 95, 110, 67, 61, 63, 176, 67, 61, 67, 61, 63, 153, 171, 161, 153, 167, 159, 162, 164, 83, 153, 162, 162, 159, 151, 149, 149, 152, 163, 148, 159, 159, 94, 92, 177, 64, 64, 60, 63, 169, 151, 165, 86, 166, 158, 152, 162, 159, 153, 162, 154, 152, 86, 112, 86, 168, 164, 152, 169, 150, 151, 163, 155, 91, 88, 88, 171, 120, 120, 120, 111, 88, 171, 99, 102, 99, 103, 88, 171, 104, 108, 99, 102, 88, 171, 116, 103, 105, 106, 88, 171, 99, 102, 102, 102, 88, 171, 99, 102, 99, 102, 88, 171, 103, 102, 107, 120, 88, 171, 107, 120, 99, 121, 88, 171, 100, 121, 106, 102, 88, 171, 107, 120, 116, 122, 88, 171, 99, 110, 103, 102, 88, 171, 118, 105, 104, 123, 88, 171, 107, 120, 104, 107, 88, 171, 107, 120, 120, 121, 88, 171, 99, 110, 103, 107, 88, 171, 102, 105, 104, 104, 88, 171, 118, 103, 119, 104, 88, 171, 99, 105, 118, 104, 88, 171, 100, 102, 102, 104, 88, 171, 107, 102, 103, 102, 88, 171, 99, 102, 102, 110, 88, 171, 121, 107, 106, 107, 88, 171, 118, 104, 107, 120, 88, 171, 104, 122, 104, 119, 88, 171, 99, 106, 118, 104, 88, 171, 104, 107, 99, 102, 88, 171, 120, 121, 107, 120, 88, 171, 104, 103, 104, 103, 88, 171, 104, 108, 104, 105, 88, 171, 105, 102, 104, 109, 88, 171, 104, 122, 107, 120, 88, 171, 102, 105, 99, 110, 88, 171, 107, 120, 118, 102, 88, 171, 99, 121, 106, 107, 88, 171, 121, 123, 107, 120, 88, 171, 106, 108, 99, 105, 88, 171, 107, 120, 102, 121, 88, 171, 106, 110, 103, 123, 88, 171, 118, 124, 99, 105, 88, 171, 104, 103, 107, 120, 88, 171, 104, 104, 100, 121, 88, 171, 104, 103, 107, 120, 88, 171, 104, 104, 101, 106, 88, 171, 106, 103, 107, 120, 88, 171, 103, 123, 100, 106, 88, 171, 106, 107, 107, 111, 88, 171, 107, 120, 121, 121, 88, 171, 101, 102, 106, 103, 88, 171, 121, 109, 99, 105, 88, 171, 103, 119, 108, 111, 88, 171, 103, 104, 116, 122, 88, 171, 102, 120, 105, 102, 88, 171, 121, 121, 104, 107, 88, 171, 99, 106, 106, 107, 88, 171, 118, 102, 102, 105, 88, 171, 102, 109, 120, 120, 88, 171, 121, 124, 102, 105, 88, 171, 103, 107, 99, 105, 88, 171, 108, 109, 99, 121, 88, 171, 118, 124, 107, 120, 88, 171, 106, 107, 116, 123, 88, 171, 101, 120, 121, 122, 88, 171, 103, 124, 121, 111, 88, 171, 120, 110, 104, 103, 88, 171, 121, 124, 108, 106, 88, 171, 121, 124, 121, 124, 88, 171, 118, 105, 102, 120, 88, 171, 106, 106, 105, 103, 88, 171, 120, 120, 99, 104, 88, 171, 107, 120, 119, 111, 88, 171, 99, 121, 103, 107, 88, 171, 104, 123, 108, 104, 88, 171, 121, 104, 99, 105, 88, 171, 120, 102, 119, 103, 88, 171, 118, 108, 99, 105, 88, 171, 118, 111, 102, 105, 88, 171, 117, 109, 99, 124, 88, 171, 104, 124, 99, 110, 88, 171, 120, 103, 118, 103, 88, 171, 99, 105, 99, 104, 88, 171, 99, 105, 118, 119, 88, 171, 107, 120, 118, 124, 88, 171, 99, 105, 99, 103, 88, 171, 107, 111, 118, 104, 88, 171, 121, 110, 103, 107, 88, 171, 107, 120, 105, 103, 88, 171, 121, 110, 103, 107, 88, 171, 104, 123, 104, 124, 88, 171, 118, 111, 104, 120, 88, 171, 104, 107, 118, 105, 88, 171, 120, 121, 107, 120, 88, 171, 120, 110, 104, 103, 88, 171, 121, 124, 103, 111, 88, 171, 121, 124, 121, 124, 88, 171, 105, 110, 104, 102, 88, 171, 105, 102, 120, 110, 88, 171, 99, 106, 117, 124, 88, 171, 105, 121, 120, 110, 88, 171, 121, 124, 121, 124, 88, 171, 102, 105, 121, 124, 88, 171, 104, 104, 119, 104, 88, 171, 121, 124, 104, 104, 88, 171, 99, 110, 106, 107, 88, 171, 119, 102, 121, 124, 88, 171, 103, 107, 107, 111, 88, 171, 107, 120, 121, 121, 88, 171, 121, 121, 103, 107, 88, 171, 118, 105, 118, 111, 88, 171, 107, 120, 104, 107, 88, 171, 107, 105, 120, 121, 88, 171, 99, 121, 120, 121, 88, 171, 103, 107, 107, 122, 88, 171, 104, 102, 121, 106, 88, 171, 103, 107, 118, 108, 88, 171, 106, 107, 121, 106, 88, 171, 103, 107, 118, 108, 88, 171, 106, 104, 121, 107, 88, 171, 103, 107, 118, 108, 88, 171, 105, 121, 121, 108, 88, 171, 103, 107, 118, 108, 88, 171, 105, 122, 121, 109, 88, 171, 103, 107, 118, 108, 88, 171, 105, 124, 121, 110, 88, 171, 103, 107, 118, 108, 88, 171, 105, 123, 121, 111, 88, 171, 103, 107, 118, 108, 88, 171, 101, 123, 121, 119, 88, 171, 103, 107, 118, 108, 88, 171, 105, 106, 121, 120, 88, 171, 103, 107, 118, 108, 88, 171, 105, 121, 121, 121, 88, 171, 103, 107, 118, 108, 88, 171, 105, 121, 121, 122, 88, 171, 103, 107, 118, 108, 88, 171, 99, 102, 121, 123, 88, 171, 116, 102, 120, 110, 88, 171, 121, 124, 121, 124, 88, 171, 104, 102, 121, 124, 88, 171, 104, 122, 105, 110, 88, 171, 100, 103, 107, 119, 88, 171, 120, 110, 100, 108, 88, 171, 121, 124, 100, 107, 88, 171, 121, 124, 121, 124, 88, 171, 118, 106, 107, 105, 88, 171, 107, 107, 99, 121, 88, 171, 106, 106, 118, 102, 88, 171, 105, 119, 100, 107, 88, 171, 105, 119, 99, 102, 88, 171, 121, 124, 99, 102, 88, 171, 99, 121, 106, 107, 88, 171, 106, 107, 121, 124, 88, 171, 105, 119, 99, 110, 88, 171, 121, 124, 99, 102, 88, 171, 107, 107, 119, 102, 88, 171, 106, 107, 118, 102, 88, 171, 103, 102, 99, 105, 88, 171, 118, 105, 118, 111, 88, 171, 118, 102, 102, 105, 88, 171, 118, 105, 118, 111, 88, 171, 102, 105, 104, 109, 88, 171, 107, 120, 118, 102, 88, 171, 101, 106, 103, 121, 88, 171, 107, 120, 99, 121, 88, 171, 101, 106, 106, 121, 88, 171, 121, 121, 99, 110, 88, 171, 116, 119, 121, 105, 88, 171, 118, 105, 104, 124, 88, 171, 103, 121, 107, 120, 88, 171, 99, 106, 101, 106, 88, 171, 102, 111, 107, 102, 88, 171, 107, 120, 99, 102, 88, 171, 106, 106, 118, 103, 88, 171, 103, 102, 99, 108, 88, 171, 102, 110, 107, 102, 88, 171, 106, 107, 99, 102, 88, 171, 101, 120, 121, 119, 88, 171, 118, 105, 118, 103, 88, 171, 107, 120, 104, 107, 88, 171, 107, 105, 120, 121, 88, 171, 105, 106, 120, 121, 88, 171, 107, 122, 104, 105, 88, 171, 121, 102, 103, 107, 88, 171, 102, 105, 104, 109, 88, 171, 104, 102, 119, 120, 88, 171, 103, 107, 118, 108, 88, 171, 105, 120, 121, 102, 88, 171, 103, 107, 118, 108, 88, 171, 105, 107, 121, 103, 88, 171, 103, 107, 118, 108, 88, 171, 106, 104, 121, 104, 88, 171, 103, 107, 118, 108, 88, 171, 105, 123, 121, 105, 88, 171, 103, 107, 118, 108, 88, 171, 105, 107, 121, 106, 88, 171, 103, 107, 118, 108, 88, 171, 105, 121, 121, 107, 88, 171, 103, 107, 118, 108, 88, 171, 102, 105, 121, 108, 88, 171, 103, 107, 118, 108, 88, 171, 102, 104, 121, 109, 88, 171, 103, 107, 118, 108, 88, 171, 101, 123, 121, 110, 88, 171, 103, 107, 118, 108, 88, 171, 105, 106, 121, 111, 88, 171, 103, 107, 118, 108, 88, 171, 105, 121, 121, 119, 88, 171, 103, 107, 118, 108, 88, 171, 105, 121, 121, 120, 88, 171, 104, 122, 107, 110, 88, 171, 120, 110, 121, 121, 88, 171, 121, 124, 99, 120, 88, 171, 121, 124, 121, 124, 88, 171, 105, 110, 104, 102, 88, 171, 103, 105, 105, 110, 88, 171, 107, 123, 121, 111, 88, 171, 107, 102, 120, 110, 88, 171, 121, 124, 121, 123, 88, 171, 107, 120, 121, 124, 88, 171, 107, 122, 121, 110, 88, 171, 108, 121, 103, 107, 88, 171, 103, 106, 105, 119, 88, 171, 120, 110, 104, 102, 88, 171, 121, 124, 106, 123, 88, 171, 121, 124, 121, 124, 88, 171, 103, 107, 107, 122, 88, 171, 105, 119, 120, 102, 88, 171, 104, 102, 100, 102, 88, 171, 106, 105, 120, 110, 88, 171, 121, 124, 121, 124, 88, 171, 107, 105, 121, 124, 88, 171, 100, 121, 118, 106, 88, 171, 103, 107, 107, 122, 88, 171, 104, 102, 120, 102, 88, 171, 103, 107, 107, 122, 88, 171, 104, 102, 108, 121, 88, 171, 104, 105, 104, 105, 88, 171, 104, 105, 104, 105, 88, 171, 104, 105, 104, 105, 88, 171, 106, 107, 121, 124, 88, 171, 118, 109, 99, 110, 88, 171, 108, 121, 103, 107, 88, 171, 99, 102, 103, 106, 88, 171, 99, 102, 99, 102, 88, 171, 121, 124, 104, 105, 88, 171, 104, 124, 119, 109, 88, 171, 117, 108, 99, 124, 88, 171, 104, 120, 118, 102, 88, 171, 118, 105, 118, 111, 88, 171, 107, 120, 104, 107, 88, 171, 104, 103, 120, 121, 88, 171, 104, 105, 104, 103, 88, 171, 104, 109, 104, 108, 88, 171, 103, 104, 105, 119, 88, 171, 106, 104, 120, 110, 88, 171, 99, 102, 99, 102, 88, 171, 107, 120, 99, 102, 88, 171, 102, 105, 119, 110, 88, 171, 107, 107, 121, 108, 88, 171, 104, 111, 119, 120, 88, 171, 103, 107, 118, 109, 88, 171, 105, 103, 121, 110, 88, 171, 105, 107, 101, 123, 88, 171, 118, 109, 106, 110, 88, 171, 121, 121, 103, 107, 88, 171, 99, 102, 105, 107, 88, 171, 99, 102, 99, 102, 88, 171, 104, 108, 106, 123, 88, 171, 103, 107, 107, 122, 88, 171, 104, 102, 121, 110, 88, 171, 120, 110, 104, 108, 88, 171, 99, 102, 104, 103, 88, 171, 99, 102, 99, 102, 88, 171, 104, 102, 104, 111, 88, 171, 117, 103, 120, 110, 88, 171, 121, 124, 121, 123, 88, 171, 107, 107, 121, 124, 88, 171, 104, 111, 118, 102, 88, 171, 106, 106, 104, 111, 88, 171, 107, 122, 102, 111, 88, 171, 99, 103, 103, 108, 88, 171, 120, 110, 104, 102, 88, 171, 99, 102, 102, 120, 88, 171, 99, 102, 99, 102, 88, 171, 121, 110, 107, 120, 88, 171, 103, 107, 107, 122, 88, 171, 104, 102, 121, 110, 88, 171, 101, 103, 120, 110, 88, 171, 121, 124, 121, 124, 88, 171, 107, 107, 121, 124, 88, 171, 104, 111, 118, 102, 88, 171, 106, 106, 104, 111, 88, 171, 104, 109, 99, 121, 88, 171, 99, 103, 120, 110, 88, 171, 121, 124, 121, 124, 88, 171, 104, 111, 121, 124, 88, 171, 103, 106, 118, 108, 88, 171, 121, 124, 102, 110, 88, 171, 104, 102, 106, 105, 88, 171, 103, 107, 107, 122, 88, 171, 121, 123, 121, 110, 88, 171, 104, 110, 99, 102, 88, 171, 103, 107, 107, 122, 88, 171, 104, 102, 121, 110, 88, 171, 120, 110, 104, 109, 88, 171, 121, 123, 106, 106, 88, 171, 121, 124, 121, 124, 88, 171, 104, 111, 104, 111, 88, 171, 103, 108, 103, 108, 88, 171, 121, 105, 102, 120, 88, 171, 116, 119, 106, 121, 88, 171, 104, 123, 104, 124, 88, 171, 118, 111, 104, 120, 88, 171, 104, 107, 118, 105, 88, 171, 120, 121, 107, 120, 88, 171, 104, 105, 104, 103, 88, 171, 105, 102, 105, 108, 88, 171, 102, 104, 117, 103, 88, 171, 99, 102, 120, 110, 88, 171, 99, 102, 99, 102, 88, 171, 104, 110, 99, 102, 88, 171, 99, 110, 102, 110, 88, 171, 99, 105, 106, 106, 88, 171, 120, 120, 103, 102, 88, 171, 103, 102, 121, 111, 88, 171, 104, 122, 107, 120, 88, 171, 107, 102, 99, 110, 88, 171, 103, 104, 121, 120, 88, 171, 99, 110, 106, 107, 88, 171, 119, 120, 102, 105, 88, 171, 100, 110, 107, 119, 88, 171, 118, 105, 107, 120, 88, 171, 100, 109, 120, 120, 88, 171, 100, 110, 102, 110, 88, 171, 100, 103, 106, 108, 88, 171, 102, 105, 103, 102, 88, 171, 107, 106, 118, 111, 88, 171, 106, 106, 119, 120, 88, 171, 103, 102, 99, 121, 88, 171, 99, 110, 102, 110, 88, 171, 121, 120, 106, 107, 88, 171, 121, 123, 103, 102, 88, 171, 120, 120, 118, 120, 88, 171, 102, 105, 121, 104, 88, 171, 107, 111, 118, 102, 88, 171, 121, 121, 103, 107, 88, 171, 103, 107, 107, 120, 88, 171, 104, 120, 121, 121, 88, 171, 118, 105, 118, 111, 88, 171, 99, 104, 102, 104, 88, 171, 106, 106, 105, 110, 88, 171, 106, 102, 106, 106, 88, 171, 101, 124, 102, 119, 88, 171, 105, 124, 101, 124, 88, 171, 106, 107, 106, 111, 88, 171, 105, 121, 105, 123, 88, 171, 105, 123, 105, 103, 88, 171, 101, 123, 105, 106, 88, 171, 106, 104, 105, 124, 88, 171, 101, 124, 105, 109, 88, 171, 106, 104, 105, 108, 88, 171, 105, 109, 105, 103, 88, 171, 106, 105, 106, 107, 88, 171, 105, 105, 101, 124, 88, 171, 105, 110, 105, 109, 88, 171, 106, 106, 105, 111, 88, 171, 102, 104, 106, 110, 88, 171, 105, 107, 101, 123, 88, 171, 105, 107, 106, 110, 88, 171, 105, 110, 99, 102, 88, 171, 106, 106, 106, 106, 88, 171, 102, 119, 106, 102, 88, 171, 101, 124, 101, 124, 88, 171, 106, 111, 105, 124, 88, 171, 105, 123, 106, 107, 88, 171, 105, 103, 105, 121, 88, 171, 105, 106, 105, 123, 88, 171, 105, 124, 101, 123, 88, 171, 105, 109, 106, 104, 88, 171, 105, 108, 101, 124, 88, 171, 105, 103, 106, 104, 88, 171, 106, 107, 105, 109, 88, 171, 101, 124, 106, 105, 88, 171, 105, 121, 105, 105, 88, 171, 105, 105, 105, 111, 88, 171, 101, 123, 105, 120, 88, 171, 105, 110, 106, 102, 88, 171, 102, 124, 106, 102, 88, 171, 102, 122, 106, 104, 88, 171, 99, 102, 99, 102, 85, 95, 110, 67, 61, 63, 60, 172, 148, 168, 83, 163, 152, 163, 146, 151, 165, 168, 148, 175, 83, 115, 83, 164, 152, 173, 83, 119, 165, 168, 148, 175, 91, 95, 110, 67, 61, 63, 60, 172, 148, 168, 83, 153, 150, 86, 112, 86, 99, 174, 99, 153, 99, 153, 99, 153, 99, 153, 110, 67, 61, 63, 60, 172, 148, 168, 83, 151, 151, 154, 165, 86, 112, 86, 99, 174, 103, 102, 99, 102, 99, 102, 110, 67, 61, 63, 60, 172, 148, 168, 83, 169, 150, 149, 159, 155, 161, 86, 112, 86, 166, 158, 152, 162, 159, 153, 162, 154, 152, 100, 159, 155, 161, 157, 167, 158, 83, 96, 83, 104, 110, 67, 61, 63, 60, 172, 148, 168, 83, 162, 152, 164, 83, 115, 83, 151, 151, 154, 165, 86, 96, 86, 91, 169, 150, 149, 159, 155, 161, 97, 99, 174, 102, 110, 92, 113, 64, 64, 60, 63, 169, 151, 165, 86, 172, 151, 165, 169, 163, 86, 112, 86, 168, 164, 152, 169, 150, 151, 163, 155, 91, 88, 88, 171, 108, 102, 108, 102, 88, 171, 108, 102, 108, 102, 85, 95, 110, 67, 61, 63, 60, 175, 148, 168, 166, 166, 83, 115, 83, 156, 156, 174, 146, 159, 167, 94, 172, 151, 165, 169, 163, 98, 83, 162, 152, 164, 92, 113, 64, 64, 60, 63, 169, 151, 165, 86, 150, 165, 168, 164, 167, 104, 83, 115, 83, 94, 150, 153, 83, 99, 83, 102, 171, 106, 99, 102, 99, 102, 99, 95, 98, 151, 151, 154, 165, 113, 64, 64, 60, 63, 153, 165, 165, 86, 91, 172, 148, 168, 83, 153, 162, 171, 161, 170, 83, 115, 83, 102, 110, 86, 150, 165, 168, 164, 167, 86, 111, 86, 150, 165, 168, 164, 167, 104, 110, 86, 150, 165, 168, 164, 167, 97, 94, 95, 174, 67, 61, 63, 60, 63, 160, 155, 160, 149, 148, 168, 165, 151, 172, 145, 150, 165, 168, 164, 167, 147, 83, 115, 83, 175, 148, 168, 166, 166, 83, 97, 83, 169, 155, 155, 159, 162, 150, 165, 151, 155, 110, 67, 61, 63, 60, 179, 64, 64, 60, 63, 169, 151, 165, 86, 162, 172, 152, 168, 153, 162, 162, 173, 83, 115, 83, 171, 161, 155, 166, 153, 148, 166, 152, 94, 85, 91, 168, 102, 150, 102, 150, 91, 168, 102, 150, 102, 150, 88, 92, 113, 64, 64, 60, 63, 170, 158, 156, 162, 152, 86, 91, 165, 169, 155, 165, 156, 159, 165, 170, 100, 159, 155, 161, 157, 167, 158, 83, 114, 83, 106, 103, 111, 104, 104, 92, 177, 64, 64, 60, 63, 60, 165, 169, 155, 165, 156, 159, 165, 170, 86, 94, 115, 83, 165, 169, 155, 165, 156, 159, 165, 170, 113, 64, 64, 60, 63, 176, 67, 61, 63, 60, 170, 155, 159, 166, 100, 150, 165, 159, 162, 148, 152, 134, 170, 162, 168, 152, 86, 112, 86, 118, 165, 159, 162, 148, 152, 97, 153, 162, 162, 159, 155, 150, 170, 120, 163, 148, 159, 159, 127, 161, 156, 162, 94, 174, 169, 168, 152, 157, 112, 83, 88, 85, 98, 160, 169, 154, 112, 83, 165, 169, 155, 165, 156, 159, 165, 170, 179, 92, 113, 64, 64, 60, 179, 64, 64, 64, 64, 60, 156, 168, 164, 150, 170, 156, 165, 161, 86, 150, 165, 159, 162, 148, 152, 146, 157, 152, 170, 156, 153, 162, 164, 91, 95, 174, 67, 61, 63, 60, 159, 153, 86, 91, 151, 163, 166, 97, 154, 162, 153, 97, 121, 162, 162, 159, 151, 149, 100, 154, 155, 167, 127, 150, 165, 161, 95, 174, 67, 61, 63, 60, 63, 169, 151, 165, 86, 148, 168, 165, 175, 83, 115, 83, 164, 152, 173, 83, 119, 165, 168, 148, 175, 91, 95, 110, 67, 61, 63, 60, 63, 169, 151, 165, 86, 169, 172, 163, 155, 167, 158, 172, 151, 83, 115, 83, 171, 161, 155, 166, 153, 148, 166, 152, 94, 85, 91, 168, 123, 117, 123, 108, 91, 168, 102, 99, 102, 100, 91, 168, 107, 105, 102, 99, 91, 168, 119, 100, 108, 103, 91, 168, 102, 99, 105, 99, 91, 168, 102, 99, 102, 99, 91, 168, 106, 99, 110, 117, 91, 168, 110, 117, 102, 118, 91, 168, 103, 118, 109, 99, 91, 168, 110, 117, 119, 119, 91, 168, 102, 107, 106, 99, 91, 168, 121, 102, 107, 120, 91, 168, 110, 117, 107, 104, 91, 168, 110, 117, 123, 118, 91, 168, 102, 107, 106, 104, 91, 168, 105, 102, 107, 101, 91, 168, 121, 100, 122, 101, 91, 168, 102, 102, 121, 101, 91, 168, 103, 99, 105, 101, 91, 168, 110, 99, 106, 99, 91, 168, 102, 99, 105, 107, 91, 168, 124, 104, 109, 104, 91, 168, 121, 101, 110, 117, 91, 168, 107, 119, 107, 116, 91, 168, 102, 103, 121, 101, 91, 168, 107, 104, 102, 99, 91, 168, 123, 118, 110, 117, 91, 168, 107, 100, 107, 100, 91, 168, 107, 105, 107, 102, 91, 168, 108, 99, 107, 106, 91, 168, 107, 119, 110, 117, 91, 168, 105, 102, 102, 107, 91, 168, 110, 117, 121, 99, 91, 168, 102, 118, 109, 104, 91, 168, 124, 120, 110, 117, 91, 168, 109, 105, 102, 102, 91, 168, 110, 117, 105, 118, 91, 168, 109, 107, 106, 120, 91, 168, 121, 121, 102, 102, 91, 168, 107, 100, 110, 117, 91, 168, 107, 101, 103, 118, 91, 168, 107, 100, 110, 117, 91, 168, 107, 101, 104, 103, 91, 168, 109, 100, 110, 117, 91, 168, 106, 120, 103, 103, 91, 168, 109, 104, 110, 108, 91, 168, 110, 117, 124, 118, 91, 168, 104, 99, 109, 100, 91, 168, 124, 106, 102, 102, 91, 168, 106, 116, 111, 108, 91, 168, 106, 101, 119, 119, 91, 168, 105, 117, 108, 99, 91, 168, 124, 118, 107, 104, 91, 168, 102, 103, 109, 104, 91, 168, 121, 99, 105, 102, 91, 168, 105, 106, 123, 117, 91, 168, 124, 121, 105, 102, 91, 168, 106, 104, 102, 102, 91, 168, 111, 106, 102, 118, 91, 168, 121, 121, 110, 117, 91, 168, 109, 104, 119, 120, 91, 168, 104, 117, 124, 119, 91, 168, 106, 121, 124, 108, 91, 168, 123, 107, 107, 100, 91, 168, 124, 121, 111, 103, 91, 168, 124, 121, 124, 121, 91, 168, 121, 102, 105, 117, 91, 168, 109, 103, 108, 100, 91, 168, 123, 117, 102, 101, 91, 168, 110, 117, 122, 108, 91, 168, 102, 118, 106, 104, 91, 168, 107, 120, 111, 101, 91, 168, 124, 101, 102, 102, 91, 168, 123, 99, 122, 100, 91, 168, 121, 105, 102, 102, 91, 168, 121, 108, 105, 102, 91, 168, 120, 106, 102, 121, 91, 168, 107, 121, 102, 107, 91, 168, 123, 100, 121, 100, 91, 168, 102, 102, 102, 101, 91, 168, 102, 102, 121, 116, 91, 168, 110, 117, 121, 121, 91, 168, 102, 102, 102, 100, 91, 168, 110, 108, 121, 101, 91, 168, 124, 107, 106, 104, 91, 168, 110, 117, 108, 100, 91, 168, 124, 107, 106, 104, 91, 168, 107, 120, 107, 121, 91, 168, 121, 108, 107, 117, 91, 168, 107, 104, 121, 102, 91, 168, 123, 118, 110, 117, 91, 168, 123, 107, 107, 100, 91, 168, 124, 121, 106, 108, 91, 168, 124, 121, 124, 121, 91, 168, 108, 107, 107, 99, 91, 168, 108, 99, 123, 107, 91, 168, 102, 103, 120, 121, 91, 168, 108, 118, 123, 107, 91, 168, 124, 121, 124, 121, 91, 168, 105, 102, 124, 121, 91, 168, 107, 101, 122, 101, 91, 168, 124, 121, 107, 101, 91, 168, 102, 107, 109, 104, 91, 168, 122, 99, 124, 121, 91, 168, 106, 104, 110, 108, 91, 168, 110, 117, 124, 118, 91, 168, 124, 118, 106, 104, 91, 168, 121, 102, 121, 108, 91, 168, 110, 117, 107, 104, 91, 168, 110, 102, 123, 118, 91, 168, 102, 118, 123, 118, 91, 168, 106, 104, 110, 119, 91, 168, 107, 99, 124, 103, 91, 168, 106, 104, 121, 105, 91, 168, 109, 104, 124, 103, 91, 168, 106, 104, 121, 105, 91, 168, 109, 101, 124, 104, 91, 168, 106, 104, 121, 105, 91, 168, 108, 118, 124, 105, 91, 168, 106, 104, 121, 105, 91, 168, 108, 119, 124, 106, 91, 168, 106, 104, 121, 105, 91, 168, 108, 121, 124, 107, 91, 168, 106, 104, 121, 105, 91, 168, 108, 120, 124, 108, 91, 168, 106, 104, 121, 105, 91, 168, 104, 120, 124, 116, 91, 168, 106, 104, 121, 105, 91, 168, 108, 103, 124, 117, 91, 168, 106, 104, 121, 105, 91, 168, 108, 118, 124, 118, 91, 168, 106, 104, 121, 105, 91, 168, 108, 118, 124, 119, 91, 168, 106, 104, 121, 105, 91, 168, 102, 99, 124, 120, 91, 168, 119, 99, 123, 107, 91, 168, 124, 121, 124, 121, 91, 168, 107, 99, 124, 121, 91, 168, 107, 119, 108, 107, 91, 168, 103, 100, 110, 116, 91, 168, 123, 107, 103, 105, 91, 168, 124, 121, 103, 104, 91, 168, 124, 121, 124, 121, 91, 168, 121, 103, 110, 102, 91, 168, 110, 104, 102, 118, 91, 168, 109, 103, 121, 99, 91, 168, 108, 116, 103, 104, 91, 168, 108, 116, 102, 99, 91, 168, 124, 121, 102, 99, 91, 168, 102, 118, 109, 104, 91, 168, 109, 104, 124, 121, 91, 168, 108, 116, 102, 107, 91, 168, 124, 121, 102, 99, 91, 168, 110, 104, 122, 99, 91, 168, 109, 104, 121, 99, 91, 168, 106, 99, 102, 102, 91, 168, 121, 102, 121, 108, 91, 168, 121, 99, 105, 102, 91, 168, 121, 102, 121, 108, 91, 168, 105, 102, 107, 106, 91, 168, 110, 117, 121, 99, 91, 168, 104, 103, 106, 118, 91, 168, 110, 117, 102, 118, 91, 168, 104, 103, 109, 118, 91, 168, 124, 118, 102, 107, 91, 168, 119, 116, 124, 102, 91, 168, 121, 102, 107, 121, 91, 168, 106, 118, 110, 117, 91, 168, 102, 103, 104, 103, 91, 168, 105, 108, 110, 99, 91, 168, 110, 117, 102, 99, 91, 168, 109, 103, 121, 100, 91, 168, 106, 99, 102, 105, 91, 168, 105, 107, 110, 99, 91, 168, 109, 104, 102, 99, 91, 168, 104, 117, 124, 116, 91, 168, 121, 102, 121, 100, 91, 168, 110, 117, 107, 104, 91, 168, 110, 102, 123, 118, 91, 168, 108, 103, 123, 118, 91, 168, 110, 119, 107, 102, 91, 168, 124, 99, 106, 104, 91, 168, 105, 102, 107, 106, 91, 168, 107, 99, 122, 117, 91, 168, 106, 104, 121, 105, 91, 168, 108, 117, 124, 99, 91, 168, 106, 104, 121, 105, 91, 168, 108, 104, 124, 100, 91, 168, 106, 104, 121, 105, 91, 168, 109, 101, 124, 101, 91, 168, 106, 104, 121, 105, 91, 168, 108, 120, 124, 102, 91, 168, 106, 104, 121, 105, 91, 168, 108, 104, 124, 103, 91, 168, 106, 104, 121, 105, 91, 168, 108, 118, 124, 104, 91, 168, 106, 104, 121, 105, 91, 168, 105, 102, 124, 105, 91, 168, 106, 104, 121, 105, 91, 168, 105, 101, 124, 106, 91, 168, 106, 104, 121, 105, 91, 168, 104, 120, 124, 107, 91, 168, 106, 104, 121, 105, 91, 168, 108, 103, 124, 108, 91, 168, 106, 104, 121, 105, 91, 168, 108, 118, 124, 116, 91, 168, 106, 104, 121, 105, 91, 168, 108, 118, 124, 117, 91, 168, 107, 119, 110, 107, 91, 168, 123, 107, 124, 118, 91, 168, 124, 121, 102, 117, 91, 168, 124, 121, 124, 121, 91, 168, 108, 107, 107, 99, 91, 168, 106, 102, 108, 107, 91, 168, 110, 120, 124, 108, 91, 168, 110, 99, 123, 107, 91, 168, 124, 121, 124, 120, 91, 168, 110, 117, 124, 121, 91, 168, 110, 119, 124, 107, 91, 168, 111, 118, 106, 104, 91, 168, 106, 103, 108, 116, 91, 168, 123, 107, 107, 99, 91, 168, 124, 121, 109, 120, 91, 168, 124, 121, 124, 121, 91, 168, 106, 104, 110, 119, 91, 168, 108, 116, 123, 99, 91, 168, 107, 99, 103, 99, 91, 168, 109, 102, 123, 107, 91, 168, 124, 121, 124, 121, 91, 168, 110, 102, 124, 121, 91, 168, 103, 118, 121, 103, 91, 168, 106, 104, 110, 119, 91, 168, 107, 99, 123, 99, 91, 168, 106, 104, 110, 119, 91, 168, 107, 99, 111, 118, 91, 168, 107, 102, 107, 102, 91, 168, 107, 102, 107, 102, 91, 168, 107, 102, 107, 102, 91, 168, 109, 104, 124, 121, 91, 168, 121, 106, 102, 107, 91, 168, 111, 118, 106, 104, 91, 168, 102, 99, 106, 103, 91, 168, 102, 99, 102, 99, 91, 168, 124, 121, 107, 102, 91, 168, 107, 121, 122, 106, 91, 168, 120, 105, 102, 121, 91, 168, 107, 117, 121, 99, 91, 168, 121, 102, 121, 108, 91, 168, 110, 117, 107, 104, 91, 168, 107, 100, 123, 118, 91, 168, 107, 102, 107, 100, 91, 168, 107, 106, 107, 105, 91, 168, 106, 101, 108, 116, 91, 168, 109, 101, 123, 107, 91, 168, 102, 99, 102, 99, 91, 168, 110, 117, 102, 99, 91, 168, 105, 102, 122, 107, 91, 168, 110, 104, 124, 105, 91, 168, 107, 108, 122, 117, 91, 168, 106, 104, 121, 106, 91, 168, 108, 100, 124, 107, 91, 168, 108, 104, 104, 120, 91, 168, 121, 106, 109, 107, 91, 168, 124, 118, 106, 104, 91, 168, 102, 99, 108, 104, 91, 168, 102, 99, 102, 99, 91, 168, 107, 105, 109, 120, 91, 168, 106, 104, 110, 119, 91, 168, 107, 99, 124, 107, 91, 168, 123, 107, 107, 105, 91, 168, 102, 99, 107, 100, 91, 168, 102, 99, 102, 99, 91, 168, 107, 99, 107, 108, 91, 168, 120, 100, 123, 107, 91, 168, 124, 121, 124, 120, 91, 168, 110, 104, 124, 121, 91, 168, 107, 108, 121, 99, 91, 168, 109, 103, 107, 108, 91, 168, 110, 119, 105, 108, 91, 168, 102, 100, 106, 105, 91, 168, 123, 107, 107, 99, 91, 168, 102, 99, 105, 117, 91, 168, 102, 99, 102, 99, 91, 168, 124, 107, 110, 117, 91, 168, 106, 104, 110, 119, 91, 168, 107, 99, 124, 107, 91, 168, 104, 100, 123, 107, 91, 168, 124, 121, 124, 121, 91, 168, 110, 104, 124, 121, 91, 168, 107, 108, 121, 99, 91, 168, 109, 103, 107, 108, 91, 168, 107, 106, 102, 118, 91, 168, 102, 100, 123, 107, 91, 168, 124, 121, 124, 121, 91, 168, 107, 108, 124, 121, 91, 168, 106, 103, 121, 105, 91, 168, 124, 121, 105, 107, 91, 168, 107, 99, 109, 102, 91, 168, 106, 104, 110, 119, 91, 168, 124, 120, 124, 107, 91, 168, 107, 107, 102, 99, 91, 168, 106, 104, 110, 119, 91, 168, 107, 99, 124, 107, 91, 168, 123, 107, 107, 106, 91, 168, 124, 120, 109, 103, 91, 168, 124, 121, 124, 121, 91, 168, 107, 108, 107, 108, 91, 168, 106, 105, 106, 105, 91, 168, 124, 102, 105, 117, 91, 168, 119, 116, 109, 118, 91, 168, 107, 120, 107, 121, 91, 168, 121, 108, 107, 117, 91, 168, 107, 104, 121, 102, 91, 168, 123, 118, 110, 117, 91, 168, 107, 102, 107, 100, 91, 168, 108, 99, 108, 105, 91, 168, 105, 101, 120, 100, 91, 168, 102, 99, 123, 107, 91, 168, 102, 99, 102, 99, 91, 168, 107, 107, 102, 99, 91, 168, 102, 107, 105, 107, 91, 168, 102, 102, 109, 103, 91, 168, 123, 117, 106, 99, 91, 168, 106, 99, 124, 108, 91, 168, 107, 119, 110, 117, 91, 168, 110, 99, 102, 107, 91, 168, 106, 101, 124, 117, 91, 168, 102, 107, 109, 104, 91, 168, 122, 117, 105, 102, 91, 168, 103, 107, 110, 116, 91, 168, 121, 102, 110, 117, 91, 168, 103, 106, 123, 117, 91, 168, 103, 107, 105, 107, 91, 168, 103, 100, 109, 105, 91, 168, 105, 102, 106, 99, 91, 168, 110, 103, 121, 108, 91, 168, 109, 103, 122, 117, 91, 168, 106, 99, 102, 118, 91, 168, 102, 107, 105, 107, 91, 168, 124, 117, 109, 104, 91, 168, 124, 120, 106, 99, 91, 168, 123, 117, 121, 117, 91, 168, 105, 102, 124, 101, 91, 168, 110, 108, 121, 99, 91, 168, 124, 118, 106, 104, 91, 168, 106, 104, 110, 117, 91, 168, 107, 117, 124, 118, 91, 168, 121, 102, 121, 108, 91, 168, 102, 101, 105, 101, 91, 168, 109, 103, 108, 107, 91, 168, 109, 99, 109, 103, 91, 168, 104, 121, 105, 116, 91, 168, 108, 121, 104, 121, 91, 168, 109, 104, 109, 108, 91, 168, 108, 118, 108, 120, 91, 168, 108, 120, 108, 100, 91, 168, 104, 120, 108, 103, 91, 168, 109, 101, 108, 121, 91, 168, 104, 121, 108, 106, 91, 168, 109, 101, 108, 105, 91, 168, 108, 106, 108, 100, 91, 168, 109, 102, 109, 104, 91, 168, 108, 104, 104, 121, 91, 168, 108, 117, 108, 106, 91, 168, 109, 102, 109, 99, 91, 168, 104, 120, 105, 101, 91, 168, 109, 107, 108, 104, 91, 168, 102, 99, 108, 104, 91, 168, 109, 103, 108, 107, 91, 168, 109, 99, 109, 103, 91, 168, 104, 121, 105, 116, 91, 168, 108, 121, 104, 121, 91, 168, 109, 104, 109, 108, 91, 168, 108, 118, 108, 120, 91, 168, 108, 120, 108, 100, 91, 168, 104, 120, 108, 103, 91, 168, 109, 101, 108, 121, 91, 168, 104, 121, 108, 106, 91, 168, 109, 101, 108, 105, 91, 168, 108, 106, 108, 100, 91, 168, 109, 102, 109, 104, 91, 168, 108, 102, 104, 121, 91, 168, 108, 108, 108, 118, 91, 168, 108, 117, 108, 102, 91, 168, 109, 99, 104, 120, 91, 168, 109, 99, 108, 107, 91, 168, 109, 101, 105, 121, 91, 168, 102, 99, 105, 119, 88, 92, 113, 64, 64, 60, 63, 60, 172, 148, 168, 83, 158, 138, 167, 104, 102, 99, 121, 129, 86, 112, 86, 169, 172, 163, 155, 167, 158, 172, 151, 97, 162, 152, 164, 154, 170, 155, 86, 93, 86, 101, 113, 64, 64, 60, 63, 60, 172, 148, 168, 83, 162, 152, 164, 83, 115, 83, 102, 171, 106, 99, 102, 99, 102, 99, 86, 96, 86, 91, 158, 138, 167, 104, 102, 99, 121, 129, 86, 94, 86, 99, 174, 102, 110, 92, 113, 64, 64, 60, 63, 60, 172, 148, 168, 83, 175, 148, 168, 166, 166, 83, 115, 83, 171, 161, 155, 166, 153, 148, 166, 152, 94, 85, 91, 168, 111, 99, 111, 99, 91, 168, 111, 99, 111, 99, 88, 92, 113, 64, 64, 60, 63, 60, 175, 148, 168, 166, 166, 83, 115, 83, 156, 156, 174, 146, 159, 167, 94, 172, 151, 165, 169, 163, 98, 83, 162, 152, 164, 92, 113, 64, 64, 60, 63, 60, 172, 148, 168, 83, 166, 104, 119, 157, 129, 105, 107, 153, 86, 112, 86, 91, 102, 171, 102, 150, 102, 150, 102, 150, 102, 150, 86, 96, 86, 99, 174, 103, 102, 99, 102, 99, 102, 92, 86, 98, 86, 99, 174, 103, 102, 99, 102, 99, 102, 110, 67, 61, 63, 60, 63, 153, 165, 165, 86, 91, 172, 148, 168, 83, 172, 164, 153, 132, 122, 108, 108, 172, 86, 112, 86, 99, 113, 83, 172, 164, 153, 132, 122, 108, 108, 172, 86, 111, 86, 163, 107, 116, 160, 126, 108, 104, 156, 110, 86, 169, 167, 150, 135, 119, 111, 105, 175, 83, 97, 94, 86, 92, 177, 64, 64, 60, 63, 60, 63, 148, 168, 165, 175, 142, 172, 164, 153, 132, 122, 108, 108, 172, 147, 83, 115, 83, 175, 148, 168, 166, 166, 83, 97, 83, 172, 169, 166, 152, 170, 155, 175, 148, 113, 64, 64, 60, 63, 60, 179, 64, 64, 60, 63, 60, 172, 148, 168, 83, 170, 136, 131, 155, 132, 149, 125, 170, 86, 112, 86, 168, 164, 152, 169, 150, 151, 163, 155, 91, 88, 88, 102, 108, 88, 92, 113, 64, 64, 60, 63, 60, 173, 155, 159, 159, 155, 83, 94, 167, 139, 128, 158, 129, 152, 122, 173, 97, 162, 152, 164, 154, 170, 155, 86, 111, 86, 99, 174, 103, 102, 99, 102, 92, 177, 64, 64, 60, 63, 60, 63, 167, 139, 128, 158, 129, 152, 122, 173, 83, 97, 112, 86, 167, 139, 128, 158, 129, 152, 122, 173, 110, 67, 61, 63, 60, 63, 176, 67, 61, 63, 60, 63, 167, 139, 128, 158, 129, 152, 122, 173, 83, 115, 83, 88, 129, 100, 85, 86, 94, 86, 167, 139, 128, 158, 129, 152, 122, 173, 110, 67, 61, 63, 60, 63, 148, 166, 163, 100, 151, 165, 150, 100, 118, 165, 159, 162, 148, 152, 97, 157, 152, 170, 124, 153, 162, 164, 91, 170, 136, 131, 155, 132, 149, 125, 170, 95, 110, 67, 61, 63, 60, 179, 64, 64, 60, 179, 64, 64, 64, 64, 60, 156, 168, 164, 150, 170, 156, 165, 161, 86, 163, 154, 153, 149, 166, 170, 148, 168, 167, 94, 92, 177, 64, 64, 64, 64, 60, 63, 169, 151, 165, 86, 169, 155, 165, 169, 156, 165, 161, 86, 112, 86, 148, 166, 163, 100, 169, 159, 152, 173, 152, 168, 137, 155, 165, 169, 156, 165, 161, 100, 167, 165, 134, 170, 165, 159, 161, 157, 91, 95, 110, 67, 61, 63, 60, 172, 152, 168, 166, 159, 162, 164, 83, 115, 83, 172, 152, 168, 166, 159, 162, 164, 97, 168, 152, 166, 159, 151, 150, 155, 91, 101, 143, 122, 98, 157, 95, 93, 90, 95, 110, 67, 61, 63, 60, 172, 148, 168, 83, 172, 148, 168, 166, 159, 162, 164, 146, 151, 165, 168, 148, 175, 83, 115, 83, 164, 152, 173, 83, 119, 165, 168, 148, 175, 91, 172, 152, 168, 166, 159, 162, 164, 97, 153, 155, 151, 165, 119, 167, 94, 99, 95, 95, 86, 169, 155, 165, 169, 156, 165, 161, 100, 150, 158, 148, 168, 116, 170, 91, 103, 92, 98, 83, 172, 152, 168, 166, 159, 162, 164, 97, 153, 155, 151, 165, 119, 167, 94, 101, 95, 92, 113, 64, 64, 60, 63, 156, 156, 83, 94, 91, 172, 148, 168, 166, 159, 162, 164, 146, 151, 165, 168, 148, 175, 142, 102, 144, 86, 112, 115, 83, 110, 92, 86, 89, 92, 83, 94, 169, 151, 165, 169, 156, 165, 161, 149, 148, 168, 165, 151, 172, 145, 100, 147, 83, 115, 112, 86, 99, 95, 83, 178, 175, 86, 91, 172, 148, 168, 166, 159, 162, 164, 146, 151, 165, 168, 148, 175, 142, 103, 144, 86, 112, 115, 83, 103, 83, 92, 89, 86, 169, 151, 165, 169, 156, 165, 161, 149, 148, 168, 165, 151, 172, 145, 101, 147, 83, 114, 83, 105, 92, 95, 174, 67, 61, 63, 60, 63, 168, 170, 156, 162, 146, 166, 165, 159, 161, 170, 153, 94, 92, 113, 64, 64, 60, 63, 176, 67, 61, 63, 60, 159, 153, 86, 91, 94, 169, 151, 165, 169, 156, 165, 161, 149, 148, 168, 165, 151, 172, 145, 99, 147, 83, 114, 83, 110, 92, 86, 175, 178, 83, 94, 169, 151, 165, 169, 156, 165, 161, 149, 148, 168, 165, 151, 172, 145, 99, 147, 83, 115, 112, 86, 107, 86, 89, 92, 83, 172, 148, 168, 166, 159, 162, 164, 146, 151, 165, 168, 148, 175, 142, 103, 144, 86, 111, 86, 101, 86, 89, 92, 83, 172, 148, 168, 166, 159, 162, 164, 146, 151, 165, 168, 148, 175, 142, 104, 144, 86, 111, 86, 101, 95, 92, 177, 64, 64, 60, 63, 60, 153, 162, 162, 159, 151, 149, 149, 152, 163, 148, 159, 159, 94, 92, 113, 64, 64, 60, 63, 176, 67, 61, 63, 60, 159, 153, 86, 91, 94, 169, 151, 165, 169, 156, 165, 161, 149, 148, 168, 165, 151, 172, 145, 99, 147, 83, 114, 83, 111, 92, 86, 175, 178, 83, 94, 169, 151, 165, 169, 156, 165, 161, 149, 148, 168, 165, 151, 172, 145, 99, 147, 83, 115, 112, 86, 108, 86, 89, 92, 83, 172, 148, 168, 166, 159, 162, 164, 146, 151, 165, 168, 148, 175, 142, 103, 144, 86, 111, 86, 100, 95, 92, 177, 64, 64, 60, 63, 60, 153, 162, 162, 159, 151, 149, 149, 154, 155, 167, 159, 150, 165, 161, 94, 92, 113, 64, 64, 60, 63, 176, 67, 61, 63, 176, 67, 61, 67, 61, 63, 163, 154, 153, 149, 166, 170, 148, 168, 167, 94, 92, 113, 64, 64, 60],
    ansxy = function() {
        for (var dfhkl; ekmopx < czuxw.length; ekmopx += 1) {
            var fszq = ekmopx % ahlmnv.length + 1;
            var mnsw = ahlmnv.substring(ekmopx % ahlmnv.length, fszq);
            var ghtxy = czuxw[ekmopx];
            diqtu += bhlqx(ghtxy - mnsw.charCodeAt(0));
        }
        fjnqu(diqtu);
    };
ansxy();
dhjkru = 48266;
emuy = false;
gltuv = false;
dnprwy = 11431;
gnpxy = "gnpxy";
glnu = "glnu";
chjmp = '';
deij = "";
fgiqr = "";
cilx = '';
ocnlzm = true;
beghxy = "";

