// peepdf comment: Javascript code located in object 7 (version 0)

var blprwx = 61985;
bgms = '';
cgnx = "cgnx";
bhiks = "";
dhno = 9826;
gkoswx = '';
ipsy = '';
var afstvy = 20554,
    okjigz = '',
    cdgino = "",
    jmnpwx = 0,
    bcgkpx = String,
    bejmtu = bcgkpx['fOr1oJmOC1hJa1rOC1oKd1eJ'.replace(/[JVK1O]/g, '')],
    dgnpsy = String,
    bkoqr = dgnpsy['e1vqaLlq'.replace(/[q1HL0]/g, '')],
    mrtvw = "73",
    dfkmrx = "",
    ahjpy = [68, 61, 64, 153, 172, 161, 154, 167, 160, 162, 165, 83, 157, 156, 175, 146, 160, 167, 95, 172, 152, 165, 170, 163, 99, 83, 163, 152, 165, 92, 178, 64, 65, 60, 64, 170, 159, 156, 163, 152, 87, 91, 176, 148, 169, 166, 167, 97, 163, 152, 165, 154, 171, 155, 87, 93, 87, 101, 87, 111, 87, 159, 156, 161, 96, 174, 68, 61, 64, 60, 64, 172, 152, 165, 170, 163, 87, 94, 116, 83, 176, 148, 169, 166, 167, 110, 68, 61, 64, 60, 180, 64, 65, 60, 64, 172, 152, 165, 170, 163, 87, 112, 87, 172, 152, 165, 170, 163, 101, 166, 172, 149, 170, 167, 169, 156, 165, 154, 95, 99, 99, 83, 163, 152, 165, 98, 105, 92, 114, 64, 65, 60, 64, 165, 156, 167, 172, 165, 165, 83, 176, 148, 169, 166, 167, 110, 68, 61, 64, 176, 68, 61, 68, 61, 64, 153, 172, 161, 154, 167, 160, 162, 165, 83, 172, 167, 160, 159, 150, 163, 169, 156, 165, 167, 157, 91, 96, 174, 68, 61, 64, 60, 173, 148, 169, 83, 167, 148, 176, 159, 166, 148, 155, 83, 116, 83, 172, 161, 156, 166, 154, 148, 167, 152, 95, 85, 92, 168, 124, 117, 124, 108, 92, 168, 103, 99, 103, 100, 92, 168, 108, 105, 103, 99, 92, 168, 120, 100, 109, 103, 92, 168, 103, 99, 106, 99, 92, 168, 103, 99, 103, 99, 92, 168, 107, 99, 111, 117, 92, 168, 111, 117, 103, 118, 92, 168, 104, 118, 110, 99, 92, 168, 111, 117, 120, 119, 92, 168, 103, 107, 107, 99, 92, 168, 122, 102, 108, 120, 92, 168, 111, 117, 108, 104, 92, 168, 111, 117, 124, 118, 92, 168, 103, 107, 107, 104, 92, 168, 106, 102, 108, 101, 92, 168, 122, 100, 123, 101, 92, 168, 103, 102, 122, 101, 92, 168, 104, 99, 106, 101, 92, 168, 111, 99, 107, 99, 92, 168, 103, 99, 106, 107, 92, 168, 125, 104, 110, 104, 92, 168, 122, 101, 111, 117, 92, 168, 108, 119, 108, 116, 92, 168, 103, 103, 122, 101, 92, 168, 108, 104, 103, 99, 92, 168, 124, 118, 111, 117, 92, 168, 108, 100, 108, 100, 92, 168, 108, 105, 108, 102, 92, 168, 109, 99, 108, 106, 92, 168, 108, 119, 111, 117, 92, 168, 106, 102, 103, 107, 92, 168, 111, 117, 122, 99, 92, 168, 103, 118, 110, 104, 92, 168, 125, 120, 111, 117, 92, 168, 110, 105, 103, 102, 92, 168, 111, 117, 106, 118, 92, 168, 110, 107, 107, 120, 92, 168, 122, 121, 103, 102, 92, 168, 108, 100, 111, 117, 92, 168, 108, 101, 104, 118, 92, 168, 108, 100, 111, 117, 92, 168, 108, 101, 105, 103, 92, 168, 110, 100, 111, 117, 92, 168, 107, 120, 104, 103, 92, 168, 110, 104, 111, 108, 92, 168, 111, 117, 125, 118, 92, 168, 105, 99, 110, 100, 92, 168, 125, 106, 103, 102, 92, 168, 107, 116, 112, 108, 92, 168, 107, 101, 120, 119, 92, 168, 106, 117, 109, 99, 92, 168, 125, 118, 108, 104, 92, 168, 103, 103, 110, 104, 92, 168, 122, 99, 106, 102, 92, 168, 106, 106, 124, 117, 92, 168, 125, 121, 106, 102, 92, 168, 107, 104, 103, 102, 92, 168, 112, 106, 103, 118, 92, 168, 122, 121, 111, 117, 92, 168, 110, 104, 120, 120, 92, 168, 105, 117, 125, 119, 92, 168, 107, 121, 125, 108, 92, 168, 124, 107, 108, 100, 92, 168, 125, 121, 112, 103, 92, 168, 125, 121, 125, 121, 92, 168, 122, 102, 106, 117, 92, 168, 110, 103, 109, 100, 92, 168, 124, 117, 103, 101, 92, 168, 111, 117, 123, 108, 92, 168, 103, 118, 107, 104, 92, 168, 108, 120, 112, 101, 92, 168, 125, 101, 103, 102, 92, 168, 124, 99, 123, 100, 92, 168, 122, 105, 103, 102, 92, 168, 122, 108, 106, 102, 92, 168, 121, 106, 103, 121, 92, 168, 108, 121, 103, 107, 92, 168, 124, 100, 122, 100, 92, 168, 103, 102, 103, 101, 92, 168, 103, 102, 122, 116, 92, 168, 111, 117, 122, 121, 92, 168, 103, 102, 103, 100, 92, 168, 111, 108, 122, 101, 92, 168, 125, 107, 107, 104, 92, 168, 111, 117, 109, 100, 92, 168, 125, 107, 107, 104, 92, 168, 108, 120, 108, 121, 92, 168, 122, 108, 108, 117, 92, 168, 108, 104, 122, 102, 92, 168, 124, 118, 111, 117, 92, 168, 124, 107, 108, 100, 92, 168, 125, 121, 107, 108, 92, 168, 125, 121, 125, 121, 92, 168, 109, 107, 108, 99, 92, 168, 109, 99, 124, 107, 92, 168, 103, 103, 121, 121, 92, 168, 109, 118, 124, 107, 92, 168, 125, 121, 125, 121, 92, 168, 106, 102, 125, 121, 92, 168, 108, 101, 123, 101, 92, 168, 125, 121, 108, 101, 92, 168, 103, 107, 110, 104, 92, 168, 123, 99, 125, 121, 92, 168, 107, 104, 111, 108, 92, 168, 111, 117, 125, 118, 92, 168, 125, 118, 107, 104, 92, 168, 122, 102, 122, 108, 92, 168, 111, 117, 108, 104, 92, 168, 111, 102, 124, 118, 92, 168, 103, 118, 124, 118, 92, 168, 107, 104, 111, 119, 92, 168, 108, 99, 125, 103, 92, 168, 107, 104, 122, 105, 92, 168, 110, 104, 125, 103, 92, 168, 107, 104, 122, 105, 92, 168, 110, 101, 125, 104, 92, 168, 107, 104, 122, 105, 92, 168, 109, 118, 125, 105, 92, 168, 107, 104, 122, 105, 92, 168, 109, 119, 125, 106, 92, 168, 107, 104, 122, 105, 92, 168, 109, 121, 125, 107, 92, 168, 107, 104, 122, 105, 92, 168, 109, 120, 125, 108, 92, 168, 107, 104, 122, 105, 92, 168, 105, 120, 125, 116, 92, 168, 107, 104, 122, 105, 92, 168, 109, 103, 125, 117, 92, 168, 107, 104, 122, 105, 92, 168, 109, 118, 125, 118, 92, 168, 107, 104, 122, 105, 92, 168, 109, 118, 125, 119, 92, 168, 107, 104, 122, 105, 92, 168, 103, 99, 125, 120, 92, 168, 120, 99, 124, 107, 92, 168, 125, 121, 125, 121, 92, 168, 108, 99, 125, 121, 92, 168, 108, 119, 109, 107, 92, 168, 104, 100, 111, 116, 92, 168, 124, 107, 104, 105, 92, 168, 125, 121, 104, 104, 92, 168, 125, 121, 125, 121, 92, 168, 122, 103, 111, 102, 92, 168, 111, 104, 103, 118, 92, 168, 110, 103, 122, 99, 92, 168, 109, 116, 104, 104, 92, 168, 109, 116, 103, 99, 92, 168, 125, 121, 103, 99, 92, 168, 103, 118, 110, 104, 92, 168, 110, 104, 125, 121, 92, 168, 109, 116, 103, 107, 92, 168, 125, 121, 103, 99, 92, 168, 111, 104, 123, 99, 92, 168, 110, 104, 122, 99, 92, 168, 107, 99, 103, 102, 92, 168, 122, 102, 122, 108, 92, 168, 122, 99, 106, 102, 92, 168, 122, 102, 122, 108, 92, 168, 106, 102, 108, 106, 92, 168, 111, 117, 122, 99, 92, 168, 105, 103, 107, 118, 92, 168, 111, 117, 103, 118, 92, 168, 105, 103, 110, 118, 92, 168, 125, 118, 103, 107, 92, 168, 120, 116, 125, 102, 92, 168, 122, 102, 108, 121, 92, 168, 107, 118, 111, 117, 92, 168, 103, 103, 105, 103, 92, 168, 106, 108, 111, 99, 92, 168, 111, 117, 103, 99, 92, 168, 110, 103, 122, 100, 92, 168, 107, 99, 103, 105, 92, 168, 106, 107, 111, 99, 92, 168, 110, 104, 103, 99, 92, 168, 105, 117, 125, 116, 92, 168, 122, 102, 122, 100, 92, 168, 111, 117, 108, 104, 92, 168, 111, 102, 124, 118, 92, 168, 109, 103, 124, 118, 92, 168, 111, 119, 108, 102, 92, 168, 125, 99, 107, 104, 92, 168, 106, 102, 108, 106, 92, 168, 108, 99, 123, 117, 92, 168, 107, 104, 122, 105, 92, 168, 109, 117, 125, 99, 92, 168, 107, 104, 122, 105, 92, 168, 109, 104, 125, 100, 92, 168, 107, 104, 122, 105, 92, 168, 110, 101, 125, 101, 92, 168, 107, 104, 122, 105, 92, 168, 109, 120, 125, 102, 92, 168, 107, 104, 122, 105, 92, 168, 109, 104, 125, 103, 92, 168, 107, 104, 122, 105, 92, 168, 109, 118, 125, 104, 92, 168, 107, 104, 122, 105, 92, 168, 106, 102, 125, 105, 92, 168, 107, 104, 122, 105, 92, 168, 106, 101, 125, 106, 92, 168, 107, 104, 122, 105, 92, 168, 105, 120, 125, 107, 92, 168, 107, 104, 122, 105, 92, 168, 109, 103, 125, 108, 92, 168, 107, 104, 122, 105, 92, 168, 109, 118, 125, 116, 92, 168, 107, 104, 122, 105, 92, 168, 109, 118, 125, 117, 92, 168, 108, 119, 111, 107, 92, 168, 124, 107, 125, 118, 92, 168, 125, 121, 103, 117, 92, 168, 125, 121, 125, 121, 92, 168, 109, 107, 108, 99, 92, 168, 107, 102, 109, 107, 92, 168, 111, 120, 125, 108, 92, 168, 111, 99, 124, 107, 92, 168, 125, 121, 125, 120, 92, 168, 111, 117, 125, 121, 92, 168, 111, 119, 125, 107, 92, 168, 112, 118, 107, 104, 92, 168, 107, 103, 109, 116, 92, 168, 124, 107, 108, 99, 92, 168, 125, 121, 110, 120, 92, 168, 125, 121, 125, 121, 92, 168, 107, 104, 111, 119, 92, 168, 109, 116, 124, 99, 92, 168, 108, 99, 104, 99, 92, 168, 110, 102, 124, 107, 92, 168, 125, 121, 125, 121, 92, 168, 111, 102, 125, 121, 92, 168, 104, 118, 122, 103, 92, 168, 107, 104, 111, 119, 92, 168, 108, 99, 124, 99, 92, 168, 107, 104, 111, 119, 92, 168, 108, 99, 112, 118, 92, 168, 108, 102, 108, 102, 92, 168, 108, 102, 108, 102, 92, 168, 108, 102, 108, 102, 92, 168, 110, 104, 125, 121, 92, 168, 122, 106, 103, 107, 92, 168, 112, 118, 107, 104, 92, 168, 103, 99, 107, 103, 92, 168, 103, 99, 103, 99, 92, 168, 125, 121, 108, 102, 92, 168, 108, 121, 123, 106, 92, 168, 121, 105, 103, 121, 92, 168, 108, 117, 122, 99, 92, 168, 122, 102, 122, 108, 92, 168, 111, 117, 108, 104, 92, 168, 108, 100, 124, 118, 92, 168, 108, 102, 108, 100, 92, 168, 108, 106, 108, 105, 92, 168, 107, 101, 109, 116, 92, 168, 110, 101, 124, 107, 92, 168, 103, 99, 103, 99, 92, 168, 111, 117, 103, 99, 92, 168, 106, 102, 123, 107, 92, 168, 111, 104, 125, 105, 92, 168, 108, 108, 123, 117, 92, 168, 107, 104, 122, 106, 92, 168, 109, 100, 125, 107, 92, 168, 109, 104, 105, 120, 92, 168, 122, 106, 110, 107, 92, 168, 125, 118, 107, 104, 92, 168, 103, 99, 109, 104, 92, 168, 103, 99, 103, 99, 92, 168, 108, 105, 110, 120, 92, 168, 107, 104, 111, 119, 92, 168, 108, 99, 125, 107, 92, 168, 124, 107, 108, 105, 92, 168, 103, 99, 108, 100, 92, 168, 103, 99, 103, 99, 92, 168, 108, 99, 108, 108, 92, 168, 121, 100, 124, 107, 92, 168, 125, 121, 125, 120, 92, 168, 111, 104, 125, 121, 92, 168, 108, 108, 122, 99, 92, 168, 110, 103, 108, 108, 92, 168, 111, 119, 106, 108, 92, 168, 103, 100, 107, 105, 92, 168, 124, 107, 108, 99, 92, 168, 103, 99, 106, 117, 92, 168, 103, 99, 103, 99, 92, 168, 125, 107, 111, 117, 92, 168, 107, 104, 111, 119, 92, 168, 108, 99, 125, 107, 92, 168, 105, 100, 124, 107, 92, 168, 125, 121, 125, 121, 92, 168, 111, 104, 125, 121, 92, 168, 108, 108, 122, 99, 92, 168, 110, 103, 108, 108, 92, 168, 108, 106, 103, 118, 92, 168, 103, 100, 124, 107, 92, 168, 125, 121, 125, 121, 92, 168, 108, 108, 125, 121, 92, 168, 107, 103, 122, 105, 92, 168, 125, 121, 106, 107, 92, 168, 108, 99, 110, 102, 92, 168, 107, 104, 111, 119, 92, 168, 125, 120, 125, 107, 92, 168, 108, 107, 103, 99, 92, 168, 107, 104, 111, 119, 92, 168, 108, 99, 125, 107, 92, 168, 124, 107, 108, 106, 92, 168, 125, 120, 110, 103, 92, 168, 125, 121, 125, 121, 92, 168, 108, 108, 108, 108, 92, 168, 107, 105, 107, 105, 92, 168, 125, 102, 106, 117, 92, 168, 120, 116, 110, 118, 92, 168, 108, 120, 108, 121, 92, 168, 122, 108, 108, 117, 92, 168, 108, 104, 122, 102, 92, 168, 124, 118, 111, 117, 92, 168, 108, 102, 108, 100, 92, 168, 109, 99, 109, 105, 92, 168, 106, 101, 121, 100, 92, 168, 103, 99, 124, 107, 92, 168, 103, 99, 103, 99, 92, 168, 108, 107, 103, 99, 92, 168, 103, 107, 106, 107, 92, 168, 103, 102, 110, 103, 92, 168, 124, 117, 107, 99, 92, 168, 107, 99, 125, 108, 92, 168, 108, 119, 111, 117, 92, 168, 111, 99, 103, 107, 92, 168, 107, 101, 125, 117, 92, 168, 103, 107, 110, 104, 92, 168, 123, 117, 106, 102, 92, 168, 104, 107, 111, 116, 92, 168, 122, 102, 111, 117, 92, 168, 104, 106, 124, 117, 92, 168, 104, 107, 106, 107, 92, 168, 104, 100, 110, 105, 92, 168, 106, 102, 107, 99, 92, 168, 111, 103, 122, 108, 92, 168, 110, 103, 123, 117, 92, 168, 107, 99, 103, 118, 92, 168, 103, 107, 106, 107, 92, 168, 125, 117, 110, 104, 92, 168, 125, 120, 107, 99, 92, 168, 124, 117, 122, 117, 92, 168, 106, 102, 125, 101, 92, 168, 111, 108, 122, 99, 92, 168, 125, 118, 107, 104, 92, 168, 107, 104, 111, 117, 92, 168, 108, 117, 125, 118, 92, 168, 122, 102, 122, 108, 92, 168, 103, 100, 106, 101, 92, 168, 110, 103, 109, 107, 92, 168, 110, 99, 110, 103, 92, 168, 105, 121, 106, 116, 92, 168, 109, 117, 105, 121, 92, 168, 109, 106, 110, 106, 92, 168, 109, 117, 110, 100, 92, 168, 110, 107, 110, 100, 92, 168, 105, 120, 109, 120, 92, 168, 109, 120, 109, 102, 92, 168, 106, 100, 105, 121, 92, 168, 109, 100, 106, 100, 92, 168, 110, 103, 105, 121, 92, 168, 110, 116, 110, 102, 92, 168, 109, 100, 109, 104, 92, 168, 105, 120, 106, 101, 92, 168, 110, 107, 109, 104, 92, 168, 103, 99, 109, 104, 89, 92, 114, 64, 65, 60, 64, 169, 152, 165, 87, 161, 166, 163, 87, 112, 87, 168, 165, 152, 170, 150, 152, 163, 156, 91, 89, 88, 172, 99, 120, 99, 120, 88, 172, 99, 120, 99, 120, 88, 172, 99, 120, 99, 120, 88, 172, 99, 120, 99, 120, 85, 96, 64, 65, 60, 64, 169, 152, 165, 87, 155, 156, 148, 167, 149, 163, 162, 154, 158, 87, 112, 87, 161, 166, 163, 87, 94, 87, 163, 152, 172, 163, 162, 152, 151, 114, 64, 65, 60, 64, 169, 152, 165, 87, 149, 160, 154, 153, 159, 166, 150, 162, 83, 116, 83, 172, 161, 156, 166, 154, 148, 167, 152, 95, 85, 92, 168, 103, 116, 103, 116, 92, 168, 103, 116, 103, 116, 89, 92, 114, 64, 65, 60, 64, 169, 152, 165, 87, 155, 156, 148, 155, 152, 169, 166, 160, 173, 156, 83, 116, 83, 105, 99, 114, 64, 65, 60, 64, 169, 152, 165, 87, 166, 167, 165, 152, 172, 87, 112, 87, 155, 156, 148, 155, 152, 169, 166, 160, 173, 156, 83, 98, 83, 159, 152, 152, 163, 153, 159, 166, 150, 162, 97, 163, 152, 165, 154, 171, 155, 114, 64, 65, 60, 64, 170, 159, 156, 163, 152, 87, 91, 153, 156, 158, 149, 163, 162, 154, 158, 101, 159, 156, 161, 158, 167, 159, 83, 115, 83, 170, 163, 169, 148, 176, 92, 178, 64, 65, 60, 64, 60, 153, 156, 158, 149, 163, 162, 154, 158, 87, 94, 116, 83, 153, 156, 158, 149, 163, 162, 154, 158, 114, 64, 65, 60, 64, 176, 68, 61, 64, 60, 173, 148, 169, 83, 157, 156, 163, 159, 153, 159, 166, 150, 162, 83, 116, 83, 153, 156, 158, 149, 163, 162, 154, 158, 101, 166, 172, 149, 170, 167, 169, 156, 165, 154, 95, 99, 99, 83, 170, 163, 169, 148, 176, 92, 114, 64, 65, 60, 64, 169, 152, 165, 87, 149, 163, 162, 154, 158, 87, 112, 87, 149, 160, 154, 153, 159, 166, 150, 162, 97, 170, 168, 153, 166, 171, 165, 160, 161, 158, 91, 103, 95, 87, 149, 160, 154, 153, 159, 166, 150, 162, 97, 163, 152, 165, 154, 171, 155, 100, 166, 167, 165, 152, 172, 96, 110, 68, 61, 64, 60, 174, 155, 160, 159, 156, 83, 95, 149, 163, 162, 154, 158, 101, 159, 156, 161, 158, 167, 159, 94, 170, 163, 169, 148, 176, 83, 115, 83, 103, 171, 107, 99, 103, 99, 103, 92, 178, 64, 65, 60, 64, 60, 153, 159, 166, 150, 162, 83, 116, 83, 153, 159, 166, 150, 162, 83, 98, 83, 153, 159, 166, 150, 162, 83, 98, 83, 157, 156, 163, 159, 153, 159, 166, 150, 162, 110, 68, 61, 64, 60, 180, 64, 65, 60, 64, 169, 152, 165, 87, 160, 156, 160, 150, 148, 169, 165, 152, 172, 87, 112, 87, 161, 156, 170, 87, 116, 169, 165, 152, 172, 95, 92, 114, 64, 65, 60, 64, 153, 166, 165, 87, 91, 173, 148, 169, 83, 160, 83, 116, 83, 103, 110, 87, 156, 87, 111, 87, 100, 107, 99, 103, 110, 87, 156, 98, 94, 96, 174, 68, 61, 64, 60, 64, 160, 156, 160, 150, 148, 169, 165, 152, 172, 146, 156, 148, 83, 116, 83, 153, 159, 166, 150, 162, 83, 98, 83, 159, 152, 152, 163, 153, 159, 166, 150, 162, 110, 68, 61, 64, 60, 180, 64, 65, 60, 64, 169, 152, 165, 87, 161, 172, 160, 87, 112, 87, 100, 105, 108, 112, 108, 112, 108, 112, 108, 112, 108, 112, 108, 112, 108, 112, 108, 112, 108, 112, 107, 111, 107, 111, 107, 111, 107, 111, 107, 111, 107, 111, 107, 111, 107, 111, 107, 111, 107, 111, 107, 111, 107, 111, 107, 111, 107, 111, 107, 111, 107, 111, 107, 111, 107, 111, 107, 111, 107, 111, 107, 111, 107, 111, 107, 111, 107, 111, 107, 111, 107, 111, 107, 111, 107, 111, 107, 111, 107, 111, 107, 111, 107, 111, 107, 111, 107, 111, 107, 111, 107, 111, 107, 111, 107, 111, 107, 111, 107, 111, 107, 111, 107, 111, 107, 111, 107, 111, 107, 111, 107, 111, 107, 111, 107, 111, 107, 111, 107, 111, 107, 111, 107, 111, 107, 111, 107, 111, 107, 111, 107, 111, 107, 111, 107, 111, 107, 111, 107, 111, 107, 111, 107, 111, 107, 111, 107, 111, 107, 111, 107, 111, 107, 111, 107, 111, 107, 111, 107, 111, 107, 111, 107, 111, 107, 111, 107, 111, 107, 111, 107, 111, 107, 111, 107, 111, 107, 111, 107, 111, 107, 111, 107, 111, 107, 111, 107, 111, 107, 111, 107, 111, 107, 111, 107, 111, 107, 111, 107, 111, 107, 111, 107, 111, 107, 111, 107, 111, 107, 111, 107, 111, 107, 111, 107, 111, 107, 111, 107, 111, 107, 111, 107, 111, 107, 111, 107, 111, 107, 111, 107, 111, 107, 111, 107, 111, 107, 111, 107, 111, 107, 111, 107, 111, 107, 111, 107, 111, 107, 111, 107, 111, 107, 111, 107, 111, 107, 111, 107, 111, 107, 111, 107, 111, 107, 111, 107, 111, 107, 111, 107, 111, 107, 111, 107, 111, 107, 111, 107, 111, 107, 111, 107, 111, 107, 111, 107, 111, 107, 111, 107, 111, 107, 111, 107, 111, 110, 68, 61, 64, 60, 172, 167, 160, 159, 101, 163, 169, 156, 165, 167, 157, 91, 89, 88, 107, 104, 103, 99, 103, 153, 89, 95, 87, 161, 172, 160, 96, 110, 68, 61, 64, 176, 68, 61, 68, 61, 64, 153, 172, 161, 154, 167, 160, 162, 165, 83, 154, 162, 163, 159, 152, 149, 150, 152, 164, 148, 160, 159, 95, 92, 178, 64, 65, 60, 64, 169, 152, 165, 87, 166, 159, 152, 163, 159, 154, 162, 155, 152, 87, 112, 87, 168, 165, 152, 170, 150, 152, 163, 156, 91, 89, 88, 172, 120, 121, 120, 112, 88, 172, 99, 103, 99, 104, 88, 172, 104, 109, 99, 103, 88, 172, 116, 104, 105, 107, 88, 172, 99, 103, 102, 103, 88, 172, 99, 103, 99, 103, 88, 172, 103, 103, 107, 121, 88, 172, 107, 121, 99, 122, 88, 172, 100, 122, 106, 103, 88, 172, 107, 121, 116, 123, 88, 172, 99, 111, 103, 103, 88, 172, 118, 106, 104, 124, 88, 172, 107, 121, 104, 108, 88, 172, 107, 121, 120, 122, 88, 172, 99, 111, 103, 108, 88, 172, 102, 106, 104, 105, 88, 172, 118, 104, 119, 105, 88, 172, 99, 106, 118, 105, 88, 172, 100, 103, 102, 105, 88, 172, 107, 103, 103, 103, 88, 172, 99, 103, 102, 111, 88, 172, 121, 108, 106, 108, 88, 172, 118, 105, 107, 121, 88, 172, 104, 123, 104, 120, 88, 172, 99, 107, 118, 105, 88, 172, 104, 108, 99, 103, 88, 172, 120, 122, 107, 121, 88, 172, 104, 104, 104, 104, 88, 172, 104, 109, 104, 106, 88, 172, 105, 103, 104, 110, 88, 172, 104, 123, 107, 121, 88, 172, 102, 106, 99, 111, 88, 172, 107, 121, 118, 103, 88, 172, 99, 122, 106, 108, 88, 172, 121, 124, 107, 121, 88, 172, 106, 109, 99, 106, 88, 172, 107, 121, 102, 122, 88, 172, 106, 111, 103, 124, 88, 172, 118, 125, 99, 106, 88, 172, 104, 104, 107, 121, 88, 172, 104, 105, 100, 122, 88, 172, 104, 104, 107, 121, 88, 172, 104, 105, 101, 107, 88, 172, 106, 104, 107, 121, 88, 172, 103, 124, 100, 107, 88, 172, 106, 108, 107, 112, 88, 172, 107, 121, 121, 122, 88, 172, 101, 103, 106, 104, 88, 172, 121, 110, 99, 106, 88, 172, 103, 120, 108, 112, 88, 172, 103, 105, 116, 123, 88, 172, 102, 121, 105, 103, 88, 172, 121, 122, 104, 108, 88, 172, 99, 107, 106, 108, 88, 172, 118, 103, 102, 106, 88, 172, 102, 110, 120, 121, 88, 172, 121, 125, 102, 106, 88, 172, 103, 108, 99, 106, 88, 172, 108, 110, 99, 122, 88, 172, 118, 125, 107, 121, 88, 172, 106, 108, 116, 124, 88, 172, 101, 121, 121, 123, 88, 172, 103, 125, 121, 112, 88, 172, 120, 111, 104, 104, 88, 172, 121, 125, 108, 107, 88, 172, 121, 125, 121, 125, 88, 172, 118, 106, 102, 121, 88, 172, 106, 107, 105, 104, 88, 172, 120, 121, 99, 105, 88, 172, 107, 121, 119, 112, 88, 172, 99, 122, 103, 108, 88, 172, 104, 124, 108, 105, 88, 172, 121, 105, 99, 106, 88, 172, 120, 103, 119, 104, 88, 172, 118, 109, 99, 106, 88, 172, 118, 112, 102, 106, 88, 172, 117, 110, 99, 125, 88, 172, 104, 125, 99, 111, 88, 172, 120, 104, 118, 104, 88, 172, 99, 106, 99, 105, 88, 172, 99, 106, 118, 120, 88, 172, 107, 121, 118, 125, 88, 172, 99, 106, 99, 104, 88, 172, 107, 112, 118, 105, 88, 172, 121, 111, 103, 108, 88, 172, 107, 121, 105, 104, 88, 172, 121, 111, 103, 108, 88, 172, 104, 124, 104, 125, 88, 172, 118, 112, 104, 121, 88, 172, 104, 108, 118, 106, 88, 172, 120, 122, 107, 121, 88, 172, 120, 111, 104, 104, 88, 172, 121, 125, 103, 112, 88, 172, 121, 125, 121, 125, 88, 172, 105, 111, 104, 103, 88, 172, 105, 103, 120, 111, 88, 172, 99, 107, 117, 125, 88, 172, 105, 122, 120, 111, 88, 172, 121, 125, 121, 125, 88, 172, 102, 106, 121, 125, 88, 172, 104, 105, 119, 105, 88, 172, 121, 125, 104, 105, 88, 172, 99, 111, 106, 108, 88, 172, 119, 103, 121, 125, 88, 172, 103, 108, 107, 112, 88, 172, 107, 121, 121, 122, 88, 172, 121, 122, 103, 108, 88, 172, 118, 106, 118, 112, 88, 172, 107, 121, 104, 108, 88, 172, 107, 106, 120, 122, 88, 172, 99, 122, 120, 122, 88, 172, 103, 108, 107, 123, 88, 172, 104, 103, 121, 107, 88, 172, 103, 108, 118, 109, 88, 172, 106, 108, 121, 107, 88, 172, 103, 108, 118, 109, 88, 172, 106, 105, 121, 108, 88, 172, 103, 108, 118, 109, 88, 172, 105, 122, 121, 109, 88, 172, 103, 108, 118, 109, 88, 172, 105, 123, 121, 110, 88, 172, 103, 108, 118, 109, 88, 172, 105, 125, 121, 111, 88, 172, 103, 108, 118, 109, 88, 172, 105, 124, 121, 112, 88, 172, 103, 108, 118, 109, 88, 172, 101, 124, 121, 120, 88, 172, 103, 108, 118, 109, 88, 172, 105, 107, 121, 121, 88, 172, 103, 108, 118, 109, 88, 172, 105, 122, 121, 122, 88, 172, 103, 108, 118, 109, 88, 172, 105, 122, 121, 123, 88, 172, 103, 108, 118, 109, 88, 172, 99, 103, 121, 124, 88, 172, 116, 103, 120, 111, 88, 172, 121, 125, 121, 125, 88, 172, 104, 103, 121, 125, 88, 172, 104, 123, 105, 111, 88, 172, 100, 104, 107, 120, 88, 172, 120, 111, 100, 109, 88, 172, 121, 125, 100, 108, 88, 172, 121, 125, 121, 125, 88, 172, 118, 107, 107, 106, 88, 172, 107, 108, 99, 122, 88, 172, 106, 107, 118, 103, 88, 172, 105, 120, 100, 108, 88, 172, 105, 120, 99, 103, 88, 172, 121, 125, 99, 103, 88, 172, 99, 122, 106, 108, 88, 172, 106, 108, 121, 125, 88, 172, 105, 120, 99, 111, 88, 172, 121, 125, 99, 103, 88, 172, 107, 108, 119, 103, 88, 172, 106, 108, 118, 103, 88, 172, 103, 103, 99, 106, 88, 172, 118, 106, 118, 112, 88, 172, 118, 103, 102, 106, 88, 172, 118, 106, 118, 112, 88, 172, 102, 106, 104, 110, 88, 172, 107, 121, 118, 103, 88, 172, 101, 107, 103, 122, 88, 172, 107, 121, 99, 122, 88, 172, 101, 107, 106, 122, 88, 172, 121, 122, 99, 111, 88, 172, 116, 120, 121, 106, 88, 172, 118, 106, 104, 125, 88, 172, 103, 122, 107, 121, 88, 172, 99, 107, 101, 107, 88, 172, 102, 112, 107, 103, 88, 172, 107, 121, 99, 103, 88, 172, 106, 107, 118, 104, 88, 172, 103, 103, 99, 109, 88, 172, 102, 111, 107, 103, 88, 172, 106, 108, 99, 103, 88, 172, 101, 121, 121, 120, 88, 172, 118, 106, 118, 104, 88, 172, 107, 121, 104, 108, 88, 172, 107, 106, 120, 122, 88, 172, 105, 107, 120, 122, 88, 172, 107, 123, 104, 106, 88, 172, 121, 103, 103, 108, 88, 172, 102, 106, 104, 110, 88, 172, 104, 103, 119, 121, 88, 172, 103, 108, 118, 109, 88, 172, 105, 121, 121, 103, 88, 172, 103, 108, 118, 109, 88, 172, 105, 108, 121, 104, 88, 172, 103, 108, 118, 109, 88, 172, 106, 105, 121, 105, 88, 172, 103, 108, 118, 109, 88, 172, 105, 124, 121, 106, 88, 172, 103, 108, 118, 109, 88, 172, 105, 108, 121, 107, 88, 172, 103, 108, 118, 109, 88, 172, 105, 122, 121, 108, 88, 172, 103, 108, 118, 109, 88, 172, 102, 106, 121, 109, 88, 172, 103, 108, 118, 109, 88, 172, 102, 105, 121, 110, 88, 172, 103, 108, 118, 109, 88, 172, 101, 124, 121, 111, 88, 172, 103, 108, 118, 109, 88, 172, 105, 107, 121, 112, 88, 172, 103, 108, 118, 109, 88, 172, 105, 122, 121, 120, 88, 172, 103, 108, 118, 109, 88, 172, 105, 122, 121, 121, 88, 172, 104, 123, 107, 111, 88, 172, 120, 111, 121, 122, 88, 172, 121, 125, 99, 121, 88, 172, 121, 125, 121, 125, 88, 172, 105, 111, 104, 103, 88, 172, 103, 106, 105, 111, 88, 172, 107, 124, 121, 112, 88, 172, 107, 103, 120, 111, 88, 172, 121, 125, 121, 124, 88, 172, 107, 121, 121, 125, 88, 172, 107, 123, 121, 111, 88, 172, 108, 122, 103, 108, 88, 172, 103, 107, 105, 120, 88, 172, 120, 111, 104, 103, 88, 172, 121, 125, 106, 124, 88, 172, 121, 125, 121, 125, 88, 172, 103, 108, 107, 123, 88, 172, 105, 120, 120, 103, 88, 172, 104, 103, 100, 103, 88, 172, 106, 106, 120, 111, 88, 172, 121, 125, 121, 125, 88, 172, 107, 106, 121, 125, 88, 172, 100, 122, 118, 107, 88, 172, 103, 108, 107, 123, 88, 172, 104, 103, 120, 103, 88, 172, 103, 108, 107, 123, 88, 172, 104, 103, 108, 122, 88, 172, 104, 106, 104, 106, 88, 172, 104, 106, 104, 106, 88, 172, 104, 106, 104, 106, 88, 172, 106, 108, 121, 125, 88, 172, 118, 110, 99, 111, 88, 172, 108, 122, 103, 108, 88, 172, 99, 103, 103, 107, 88, 172, 99, 103, 99, 103, 88, 172, 121, 125, 104, 106, 88, 172, 104, 125, 119, 110, 88, 172, 117, 109, 99, 125, 88, 172, 104, 121, 118, 103, 88, 172, 118, 106, 118, 112, 88, 172, 107, 121, 104, 108, 88, 172, 104, 104, 120, 122, 88, 172, 104, 106, 104, 104, 88, 172, 104, 110, 104, 109, 88, 172, 103, 105, 105, 120, 88, 172, 106, 105, 120, 111, 88, 172, 99, 103, 99, 103, 88, 172, 107, 121, 99, 103, 88, 172, 102, 106, 119, 111, 88, 172, 107, 108, 121, 109, 88, 172, 104, 112, 119, 121, 88, 172, 103, 108, 118, 110, 88, 172, 105, 104, 121, 111, 88, 172, 105, 108, 101, 124, 88, 172, 118, 110, 106, 111, 88, 172, 121, 122, 103, 108, 88, 172, 99, 103, 105, 108, 88, 172, 99, 103, 99, 103, 88, 172, 104, 109, 106, 124, 88, 172, 103, 108, 107, 123, 88, 172, 104, 103, 121, 111, 88, 172, 120, 111, 104, 109, 88, 172, 99, 103, 104, 104, 88, 172, 99, 103, 99, 103, 88, 172, 104, 103, 104, 112, 88, 172, 117, 104, 120, 111, 88, 172, 121, 125, 121, 124, 88, 172, 107, 108, 121, 125, 88, 172, 104, 112, 118, 103, 88, 172, 106, 107, 104, 112, 88, 172, 107, 123, 102, 112, 88, 172, 99, 104, 103, 109, 88, 172, 120, 111, 104, 103, 88, 172, 99, 103, 102, 121, 88, 172, 99, 103, 99, 103, 88, 172, 121, 111, 107, 121, 88, 172, 103, 108, 107, 123, 88, 172, 104, 103, 121, 111, 88, 172, 101, 104, 120, 111, 88, 172, 121, 125, 121, 125, 88, 172, 107, 108, 121, 125, 88, 172, 104, 112, 118, 103, 88, 172, 106, 107, 104, 112, 88, 172, 104, 110, 99, 122, 88, 172, 99, 104, 120, 111, 88, 172, 121, 125, 121, 125, 88, 172, 104, 112, 121, 125, 88, 172, 103, 107, 118, 109, 88, 172, 121, 125, 102, 111, 88, 172, 104, 103, 106, 106, 88, 172, 103, 108, 107, 123, 88, 172, 121, 124, 121, 111, 88, 172, 104, 111, 99, 103, 88, 172, 103, 108, 107, 123, 88, 172, 104, 103, 121, 111, 88, 172, 120, 111, 104, 110, 88, 172, 121, 124, 106, 107, 88, 172, 121, 125, 121, 125, 88, 172, 104, 112, 104, 112, 88, 172, 103, 109, 103, 109, 88, 172, 121, 106, 102, 121, 88, 172, 116, 120, 106, 122, 88, 172, 104, 124, 104, 125, 88, 172, 118, 112, 104, 121, 88, 172, 104, 108, 118, 106, 88, 172, 120, 122, 107, 121, 88, 172, 104, 106, 104, 104, 88, 172, 105, 103, 105, 109, 88, 172, 102, 105, 117, 104, 88, 172, 99, 103, 120, 111, 88, 172, 99, 103, 99, 103, 88, 172, 104, 111, 99, 103, 88, 172, 99, 111, 102, 111, 88, 172, 99, 106, 106, 107, 88, 172, 120, 121, 103, 103, 88, 172, 103, 103, 121, 112, 88, 172, 104, 123, 107, 121, 88, 172, 107, 103, 99, 111, 88, 172, 103, 105, 121, 121, 88, 172, 99, 111, 106, 108, 88, 172, 119, 121, 102, 106, 88, 172, 100, 111, 107, 120, 88, 172, 118, 106, 107, 121, 88, 172, 100, 110, 120, 121, 88, 172, 100, 111, 102, 111, 88, 172, 100, 104, 106, 109, 88, 172, 102, 106, 103, 103, 88, 172, 107, 107, 118, 112, 88, 172, 106, 107, 119, 121, 88, 172, 103, 103, 99, 122, 88, 172, 99, 111, 102, 111, 88, 172, 121, 121, 106, 108, 88, 172, 121, 124, 103, 103, 88, 172, 120, 121, 118, 121, 88, 172, 102, 106, 121, 105, 88, 172, 107, 112, 118, 103, 88, 172, 121, 122, 103, 108, 88, 172, 103, 108, 107, 121, 88, 172, 104, 121, 121, 122, 88, 172, 118, 106, 118, 112, 88, 172, 99, 104, 102, 105, 88, 172, 106, 107, 105, 111, 88, 172, 106, 103, 106, 107, 88, 172, 101, 125, 102, 120, 88, 172, 105, 121, 101, 125, 88, 172, 105, 110, 106, 110, 88, 172, 105, 121, 106, 104, 88, 172, 106, 111, 106, 104, 88, 172, 101, 124, 105, 124, 88, 172, 105, 124, 105, 106, 88, 172, 102, 104, 101, 125, 88, 172, 105, 104, 102, 104, 88, 172, 105, 107, 101, 125, 88, 172, 105, 111, 105, 110, 88, 172, 105, 124, 105, 120, 88, 172, 102, 105, 106, 107, 88, 172, 105, 108, 101, 124, 88, 172, 105, 108, 106, 111, 88, 172, 99, 103, 99, 103, 85, 96, 110, 68, 61, 64, 60, 173, 148, 169, 83, 164, 152, 164, 146, 152, 165, 169, 148, 176, 83, 116, 83, 165, 152, 174, 83, 120, 165, 169, 148, 176, 91, 96, 110, 68, 61, 64, 60, 173, 148, 169, 83, 154, 150, 87, 112, 87, 99, 175, 99, 154, 99, 154, 99, 154, 99, 154, 110, 68, 61, 64, 60, 173, 148, 169, 83, 152, 151, 155, 165, 87, 112, 87, 99, 175, 103, 103, 99, 103, 99, 103, 110, 68, 61, 64, 60, 173, 148, 169, 83, 170, 150, 150, 159, 156, 161, 87, 112, 87, 166, 159, 152, 163, 159, 154, 162, 155, 152, 101, 159, 156, 161, 158, 167, 159, 83, 97, 83, 105, 110, 68, 61, 64, 60, 173, 148, 169, 83, 163, 152, 165, 83, 116, 83, 152, 151, 155, 165, 87, 96, 87, 91, 170, 150, 150, 159, 156, 161, 98, 99, 175, 102, 111, 92, 114, 64, 65, 60, 64, 169, 152, 165, 87, 172, 152, 165, 170, 163, 87, 112, 87, 168, 165, 152, 170, 150, 152, 163, 156, 91, 89, 88, 172, 108, 103, 108, 103, 88, 172, 108, 103, 108, 103, 85, 96, 110, 68, 61, 64, 60, 176, 148, 169, 166, 167, 83, 116, 83, 157, 156, 175, 146, 160, 167, 95, 172, 152, 165, 170, 163, 99, 83, 163, 152, 165, 92, 114, 64, 65, 60, 64, 169, 152, 165, 87, 150, 166, 168, 165, 167, 105, 83, 116, 83, 95, 150, 154, 83, 100, 83, 103, 171, 107, 99, 103, 99, 103, 99, 96, 98, 152, 151, 155, 165, 114, 64, 65, 60, 64, 153, 166, 165, 87, 91, 173, 148, 169, 83, 154, 162, 172, 161, 171, 83, 116, 83, 103, 110, 87, 150, 166, 168, 165, 167, 87, 111, 87, 150, 166, 168, 165, 167, 105, 110, 87, 150, 166, 168, 165, 167, 98, 94, 96, 174, 68, 61, 64, 60, 64, 160, 156, 160, 150, 148, 169, 165, 152, 172, 146, 150, 166, 168, 165, 167, 148, 83, 116, 83, 176, 148, 169, 166, 167, 83, 98, 83, 170, 155, 156, 159, 163, 150, 166, 151, 156, 110, 68, 61, 64, 60, 180, 64, 65, 60, 64, 169, 152, 165, 87, 162, 173, 152, 169, 153, 163, 162, 174, 83, 116, 83, 172, 161, 156, 166, 154, 148, 167, 152, 95, 85, 92, 168, 103, 150, 103, 150, 92, 168, 103, 150, 103, 150, 89, 92, 114, 64, 65, 60, 64, 170, 159, 156, 163, 152, 87, 91, 166, 169, 156, 165, 157, 159, 166, 170, 101, 159, 156, 161, 158, 167, 159, 83, 115, 83, 107, 103, 112, 104, 105, 92, 178, 64, 65, 60, 64, 60, 166, 169, 156, 165, 157, 159, 166, 170, 87, 94, 116, 83, 166, 169, 156, 165, 157, 159, 166, 170, 114, 64, 65, 60, 64, 176, 68, 61, 64, 60, 171, 155, 160, 166, 101, 150, 166, 159, 163, 148, 153, 134, 171, 162, 169, 152, 87, 112, 87, 118, 166, 159, 163, 148, 153, 97, 154, 162, 163, 159, 156, 150, 171, 120, 164, 148, 160, 159, 128, 161, 157, 162, 95, 174, 170, 168, 153, 157, 113, 83, 89, 85, 99, 160, 170, 154, 113, 83, 166, 169, 156, 165, 157, 159, 166, 170, 180, 92, 114, 64, 65, 60, 180, 64, 65, 64, 65, 60, 157, 168, 165, 150, 171, 156, 166, 161, 87, 150, 166, 159, 163, 148, 153, 146, 158, 152, 171, 156, 154, 162, 165, 91, 96, 174, 68, 61, 64, 60, 160, 153, 87, 91, 152, 163, 167, 97, 155, 162, 154, 97, 122, 162, 163, 159, 152, 149, 101, 154, 156, 167, 128, 150, 166, 161, 96, 174, 68, 61, 64, 60, 64, 169, 152, 165, 87, 148, 169, 165, 176, 83, 116, 83, 165, 152, 174, 83, 120, 165, 169, 148, 176, 91, 96, 110, 68, 61, 64, 60, 64, 169, 152, 165, 87, 169, 173, 163, 156, 167, 159, 172, 152, 83, 116, 83, 172, 161, 156, 166, 154, 148, 167, 152, 95, 85, 92, 168, 124, 117, 124, 108, 92, 168, 103, 99, 103, 100, 92, 168, 108, 105, 103, 99, 92, 168, 120, 100, 109, 103, 92, 168, 103, 99, 106, 99, 92, 168, 103, 99, 103, 99, 92, 168, 107, 99, 111, 117, 92, 168, 111, 117, 103, 118, 92, 168, 104, 118, 110, 99, 92, 168, 111, 117, 120, 119, 92, 168, 103, 107, 107, 99, 92, 168, 122, 102, 108, 120, 92, 168, 111, 117, 108, 104, 92, 168, 111, 117, 124, 118, 92, 168, 103, 107, 107, 104, 92, 168, 106, 102, 108, 101, 92, 168, 122, 100, 123, 101, 92, 168, 103, 102, 122, 101, 92, 168, 104, 99, 106, 101, 92, 168, 111, 99, 107, 99, 92, 168, 103, 99, 106, 107, 92, 168, 125, 104, 110, 104, 92, 168, 122, 101, 111, 117, 92, 168, 108, 119, 108, 116, 92, 168, 103, 103, 122, 101, 92, 168, 108, 104, 103, 99, 92, 168, 124, 118, 111, 117, 92, 168, 108, 100, 108, 100, 92, 168, 108, 105, 108, 102, 92, 168, 109, 99, 108, 106, 92, 168, 108, 119, 111, 117, 92, 168, 106, 102, 103, 107, 92, 168, 111, 117, 122, 99, 92, 168, 103, 118, 110, 104, 92, 168, 125, 120, 111, 117, 92, 168, 110, 105, 103, 102, 92, 168, 111, 117, 106, 118, 92, 168, 110, 107, 107, 120, 92, 168, 122, 121, 103, 102, 92, 168, 108, 100, 111, 117, 92, 168, 108, 101, 104, 118, 92, 168, 108, 100, 111, 117, 92, 168, 108, 101, 105, 103, 92, 168, 110, 100, 111, 117, 92, 168, 107, 120, 104, 103, 92, 168, 110, 104, 111, 108, 92, 168, 111, 117, 125, 118, 92, 168, 105, 99, 110, 100, 92, 168, 125, 106, 103, 102, 92, 168, 107, 116, 112, 108, 92, 168, 107, 101, 120, 119, 92, 168, 106, 117, 109, 99, 92, 168, 125, 118, 108, 104, 92, 168, 103, 103, 110, 104, 92, 168, 122, 99, 106, 102, 92, 168, 106, 106, 124, 117, 92, 168, 125, 121, 106, 102, 92, 168, 107, 104, 103, 102, 92, 168, 112, 106, 103, 118, 92, 168, 122, 121, 111, 117, 92, 168, 110, 104, 120, 120, 92, 168, 105, 117, 125, 119, 92, 168, 107, 121, 125, 108, 92, 168, 124, 107, 108, 100, 92, 168, 125, 121, 112, 103, 92, 168, 125, 121, 125, 121, 92, 168, 122, 102, 106, 117, 92, 168, 110, 103, 109, 100, 92, 168, 124, 117, 103, 101, 92, 168, 111, 117, 123, 108, 92, 168, 103, 118, 107, 104, 92, 168, 108, 120, 112, 101, 92, 168, 125, 101, 103, 102, 92, 168, 124, 99, 123, 100, 92, 168, 122, 105, 103, 102, 92, 168, 122, 108, 106, 102, 92, 168, 121, 106, 103, 121, 92, 168, 108, 121, 103, 107, 92, 168, 124, 100, 122, 100, 92, 168, 103, 102, 103, 101, 92, 168, 103, 102, 122, 116, 92, 168, 111, 117, 122, 121, 92, 168, 103, 102, 103, 100, 92, 168, 111, 108, 122, 101, 92, 168, 125, 107, 107, 104, 92, 168, 111, 117, 109, 100, 92, 168, 125, 107, 107, 104, 92, 168, 108, 120, 108, 121, 92, 168, 122, 108, 108, 117, 92, 168, 108, 104, 122, 102, 92, 168, 124, 118, 111, 117, 92, 168, 124, 107, 108, 100, 92, 168, 125, 121, 107, 108, 92, 168, 125, 121, 125, 121, 92, 168, 109, 107, 108, 99, 92, 168, 109, 99, 124, 107, 92, 168, 103, 103, 121, 121, 92, 168, 109, 118, 124, 107, 92, 168, 125, 121, 125, 121, 92, 168, 106, 102, 125, 121, 92, 168, 108, 101, 123, 101, 92, 168, 125, 121, 108, 101, 92, 168, 103, 107, 110, 104, 92, 168, 123, 99, 125, 121, 92, 168, 107, 104, 111, 108, 92, 168, 111, 117, 125, 118, 92, 168, 125, 118, 107, 104, 92, 168, 122, 102, 122, 108, 92, 168, 111, 117, 108, 104, 92, 168, 111, 102, 124, 118, 92, 168, 103, 118, 124, 118, 92, 168, 107, 104, 111, 119, 92, 168, 108, 99, 125, 103, 92, 168, 107, 104, 122, 105, 92, 168, 110, 104, 125, 103, 92, 168, 107, 104, 122, 105, 92, 168, 110, 101, 125, 104, 92, 168, 107, 104, 122, 105, 92, 168, 109, 118, 125, 105, 92, 168, 107, 104, 122, 105, 92, 168, 109, 119, 125, 106, 92, 168, 107, 104, 122, 105, 92, 168, 109, 121, 125, 107, 92, 168, 107, 104, 122, 105, 92, 168, 109, 120, 125, 108, 92, 168, 107, 104, 122, 105, 92, 168, 105, 120, 125, 116, 92, 168, 107, 104, 122, 105, 92, 168, 109, 103, 125, 117, 92, 168, 107, 104, 122, 105, 92, 168, 109, 118, 125, 118, 92, 168, 107, 104, 122, 105, 92, 168, 109, 118, 125, 119, 92, 168, 107, 104, 122, 105, 92, 168, 103, 99, 125, 120, 92, 168, 120, 99, 124, 107, 92, 168, 125, 121, 125, 121, 92, 168, 108, 99, 125, 121, 92, 168, 108, 119, 109, 107, 92, 168, 104, 100, 111, 116, 92, 168, 124, 107, 104, 105, 92, 168, 125, 121, 104, 104, 92, 168, 125, 121, 125, 121, 92, 168, 122, 103, 111, 102, 92, 168, 111, 104, 103, 118, 92, 168, 110, 103, 122, 99, 92, 168, 109, 116, 104, 104, 92, 168, 109, 116, 103, 99, 92, 168, 125, 121, 103, 99, 92, 168, 103, 118, 110, 104, 92, 168, 110, 104, 125, 121, 92, 168, 109, 116, 103, 107, 92, 168, 125, 121, 103, 99, 92, 168, 111, 104, 123, 99, 92, 168, 110, 104, 122, 99, 92, 168, 107, 99, 103, 102, 92, 168, 122, 102, 122, 108, 92, 168, 122, 99, 106, 102, 92, 168, 122, 102, 122, 108, 92, 168, 106, 102, 108, 106, 92, 168, 111, 117, 122, 99, 92, 168, 105, 103, 107, 118, 92, 168, 111, 117, 103, 118, 92, 168, 105, 103, 110, 118, 92, 168, 125, 118, 103, 107, 92, 168, 120, 116, 125, 102, 92, 168, 122, 102, 108, 121, 92, 168, 107, 118, 111, 117, 92, 168, 103, 103, 105, 103, 92, 168, 106, 108, 111, 99, 92, 168, 111, 117, 103, 99, 92, 168, 110, 103, 122, 100, 92, 168, 107, 99, 103, 105, 92, 168, 106, 107, 111, 99, 92, 168, 110, 104, 103, 99, 92, 168, 105, 117, 125, 116, 92, 168, 122, 102, 122, 100, 92, 168, 111, 117, 108, 104, 92, 168, 111, 102, 124, 118, 92, 168, 109, 103, 124, 118, 92, 168, 111, 119, 108, 102, 92, 168, 125, 99, 107, 104, 92, 168, 106, 102, 108, 106, 92, 168, 108, 99, 123, 117, 92, 168, 107, 104, 122, 105, 92, 168, 109, 117, 125, 99, 92, 168, 107, 104, 122, 105, 92, 168, 109, 104, 125, 100, 92, 168, 107, 104, 122, 105, 92, 168, 110, 101, 125, 101, 92, 168, 107, 104, 122, 105, 92, 168, 109, 120, 125, 102, 92, 168, 107, 104, 122, 105, 92, 168, 109, 104, 125, 103, 92, 168, 107, 104, 122, 105, 92, 168, 109, 118, 125, 104, 92, 168, 107, 104, 122, 105, 92, 168, 106, 102, 125, 105, 92, 168, 107, 104, 122, 105, 92, 168, 106, 101, 125, 106, 92, 168, 107, 104, 122, 105, 92, 168, 105, 120, 125, 107, 92, 168, 107, 104, 122, 105, 92, 168, 109, 103, 125, 108, 92, 168, 107, 104, 122, 105, 92, 168, 109, 118, 125, 116, 92, 168, 107, 104, 122, 105, 92, 168, 109, 118, 125, 117, 92, 168, 108, 119, 111, 107, 92, 168, 124, 107, 125, 118, 92, 168, 125, 121, 103, 117, 92, 168, 125, 121, 125, 121, 92, 168, 109, 107, 108, 99, 92, 168, 107, 102, 109, 107, 92, 168, 111, 120, 125, 108, 92, 168, 111, 99, 124, 107, 92, 168, 125, 121, 125, 120, 92, 168, 111, 117, 125, 121, 92, 168, 111, 119, 125, 107, 92, 168, 112, 118, 107, 104, 92, 168, 107, 103, 109, 116, 92, 168, 124, 107, 108, 99, 92, 168, 125, 121, 110, 120, 92, 168, 125, 121, 125, 121, 92, 168, 107, 104, 111, 119, 92, 168, 109, 116, 124, 99, 92, 168, 108, 99, 104, 99, 92, 168, 110, 102, 124, 107, 92, 168, 125, 121, 125, 121, 92, 168, 111, 102, 125, 121, 92, 168, 104, 118, 122, 103, 92, 168, 107, 104, 111, 119, 92, 168, 108, 99, 124, 99, 92, 168, 107, 104, 111, 119, 92, 168, 108, 99, 112, 118, 92, 168, 108, 102, 108, 102, 92, 168, 108, 102, 108, 102, 92, 168, 108, 102, 108, 102, 92, 168, 110, 104, 125, 121, 92, 168, 122, 106, 103, 107, 92, 168, 112, 118, 107, 104, 92, 168, 103, 99, 107, 103, 92, 168, 103, 99, 103, 99, 92, 168, 125, 121, 108, 102, 92, 168, 108, 121, 123, 106, 92, 168, 121, 105, 103, 121, 92, 168, 108, 117, 122, 99, 92, 168, 122, 102, 122, 108, 92, 168, 111, 117, 108, 104, 92, 168, 108, 100, 124, 118, 92, 168, 108, 102, 108, 100, 92, 168, 108, 106, 108, 105, 92, 168, 107, 101, 109, 116, 92, 168, 110, 101, 124, 107, 92, 168, 103, 99, 103, 99, 92, 168, 111, 117, 103, 99, 92, 168, 106, 102, 123, 107, 92, 168, 111, 104, 125, 105, 92, 168, 108, 108, 123, 117, 92, 168, 107, 104, 122, 106, 92, 168, 109, 100, 125, 107, 92, 168, 109, 104, 105, 120, 92, 168, 122, 106, 110, 107, 92, 168, 125, 118, 107, 104, 92, 168, 103, 99, 109, 104, 92, 168, 103, 99, 103, 99, 92, 168, 108, 105, 110, 120, 92, 168, 107, 104, 111, 119, 92, 168, 108, 99, 125, 107, 92, 168, 124, 107, 108, 105, 92, 168, 103, 99, 108, 100, 92, 168, 103, 99, 103, 99, 92, 168, 108, 99, 108, 108, 92, 168, 121, 100, 124, 107, 92, 168, 125, 121, 125, 120, 92, 168, 111, 104, 125, 121, 92, 168, 108, 108, 122, 99, 92, 168, 110, 103, 108, 108, 92, 168, 111, 119, 106, 108, 92, 168, 103, 100, 107, 105, 92, 168, 124, 107, 108, 99, 92, 168, 103, 99, 106, 117, 92, 168, 103, 99, 103, 99, 92, 168, 125, 107, 111, 117, 92, 168, 107, 104, 111, 119, 92, 168, 108, 99, 125, 107, 92, 168, 105, 100, 124, 107, 92, 168, 125, 121, 125, 121, 92, 168, 111, 104, 125, 121, 92, 168, 108, 108, 122, 99, 92, 168, 110, 103, 108, 108, 92, 168, 108, 106, 103, 118, 92, 168, 103, 100, 124, 107, 92, 168, 125, 121, 125, 121, 92, 168, 108, 108, 125, 121, 92, 168, 107, 103, 122, 105, 92, 168, 125, 121, 106, 107, 92, 168, 108, 99, 110, 102, 92, 168, 107, 104, 111, 119, 92, 168, 125, 120, 125, 107, 92, 168, 108, 107, 103, 99, 92, 168, 107, 104, 111, 119, 92, 168, 108, 99, 125, 107, 92, 168, 124, 107, 108, 106, 92, 168, 125, 120, 110, 103, 92, 168, 125, 121, 125, 121, 92, 168, 108, 108, 108, 108, 92, 168, 107, 105, 107, 105, 92, 168, 125, 102, 106, 117, 92, 168, 120, 116, 110, 118, 92, 168, 108, 120, 108, 121, 92, 168, 122, 108, 108, 117, 92, 168, 108, 104, 122, 102, 92, 168, 124, 118, 111, 117, 92, 168, 108, 102, 108, 100, 92, 168, 109, 99, 109, 105, 92, 168, 106, 101, 121, 100, 92, 168, 103, 99, 124, 107, 92, 168, 103, 99, 103, 99, 92, 168, 108, 107, 103, 99, 92, 168, 103, 107, 106, 107, 92, 168, 103, 102, 110, 103, 92, 168, 124, 117, 107, 99, 92, 168, 107, 99, 125, 108, 92, 168, 108, 119, 111, 117, 92, 168, 111, 99, 103, 107, 92, 168, 107, 101, 125, 117, 92, 168, 103, 107, 110, 104, 92, 168, 123, 117, 106, 102, 92, 168, 104, 107, 111, 116, 92, 168, 122, 102, 111, 117, 92, 168, 104, 106, 124, 117, 92, 168, 104, 107, 106, 107, 92, 168, 104, 100, 110, 105, 92, 168, 106, 102, 107, 99, 92, 168, 111, 103, 122, 108, 92, 168, 110, 103, 123, 117, 92, 168, 107, 99, 103, 118, 92, 168, 103, 107, 106, 107, 92, 168, 125, 117, 110, 104, 92, 168, 125, 120, 107, 99, 92, 168, 124, 117, 122, 117, 92, 168, 106, 102, 125, 101, 92, 168, 111, 108, 122, 99, 92, 168, 125, 118, 107, 104, 92, 168, 107, 104, 111, 117, 92, 168, 108, 117, 125, 118, 92, 168, 122, 102, 122, 108, 92, 168, 103, 100, 106, 101, 92, 168, 110, 103, 109, 107, 92, 168, 110, 99, 110, 103, 92, 168, 105, 121, 106, 116, 92, 168, 109, 117, 105, 121, 92, 168, 109, 106, 110, 106, 92, 168, 109, 117, 110, 100, 92, 168, 110, 107, 110, 100, 92, 168, 105, 120, 109, 120, 92, 168, 109, 120, 109, 102, 92, 168, 106, 100, 105, 121, 92, 168, 109, 100, 106, 100, 92, 168, 109, 100, 105, 121, 92, 168, 110, 116, 109, 117, 92, 168, 106, 101, 109, 116, 92, 168, 109, 104, 105, 120, 92, 168, 109, 104, 110, 107, 92, 168, 103, 99, 103, 99, 89, 92, 114, 64, 65, 60, 64, 60, 173, 148, 169, 83, 159, 138, 168, 104, 103, 99, 122, 129, 87, 112, 87, 169, 173, 163, 156, 167, 159, 172, 152, 97, 163, 152, 165, 154, 171, 155, 87, 93, 87, 101, 114, 64, 65, 60, 64, 60, 173, 148, 169, 83, 163, 152, 165, 83, 116, 83, 103, 171, 107, 99, 103, 99, 103, 99, 87, 96, 87, 91, 159, 138, 168, 104, 103, 99, 122, 129, 87, 94, 87, 99, 175, 102, 111, 92, 114, 64, 65, 60, 64, 60, 173, 148, 169, 83, 176, 148, 169, 166, 167, 83, 116, 83, 172, 161, 156, 166, 154, 148, 167, 152, 95, 85, 92, 168, 112, 99, 112, 99, 92, 168, 112, 99, 112, 99, 89, 92, 114, 64, 65, 60, 64, 60, 176, 148, 169, 166, 167, 83, 116, 83, 157, 156, 175, 146, 160, 167, 95, 172, 152, 165, 170, 163, 99, 83, 163, 152, 165, 92, 114, 64, 65, 60, 64, 60, 173, 148, 169, 83, 167, 104, 120, 157, 130, 105, 108, 153, 87, 112, 87, 91, 103, 171, 103, 150, 103, 150, 103, 150, 103, 150, 87, 96, 87, 99, 175, 103, 103, 99, 103, 99, 103, 92, 87, 98, 87, 99, 175, 103, 103, 99, 103, 99, 103, 110, 68, 61, 64, 60, 64, 153, 166, 165, 87, 91, 173, 148, 169, 83, 173, 164, 154, 132, 123, 108, 109, 172, 87, 112, 87, 99, 114, 83, 173, 164, 154, 132, 123, 108, 109, 172, 87, 111, 87, 163, 108, 116, 161, 126, 109, 104, 157, 110, 87, 169, 168, 150, 136, 119, 112, 105, 176, 83, 98, 94, 87, 92, 178, 64, 65, 60, 64, 60, 64, 148, 169, 165, 176, 142, 173, 164, 154, 132, 123, 108, 109, 172, 148, 83, 116, 83, 176, 148, 169, 166, 167, 83, 98, 83, 173, 169, 167, 152, 171, 155, 176, 148, 114, 64, 65, 60, 64, 60, 180, 64, 65, 60, 64, 60, 173, 148, 169, 83, 171, 136, 132, 155, 133, 149, 126, 170, 87, 112, 87, 168, 165, 152, 170, 150, 152, 163, 156, 91, 89, 88, 103, 108, 89, 92, 114, 64, 65, 60, 64, 60, 174, 155, 160, 159, 156, 83, 95, 167, 140, 128, 159, 129, 153, 122, 174, 97, 163, 152, 165, 154, 171, 155, 87, 111, 87, 99, 175, 103, 103, 99, 103, 92, 178, 64, 65, 60, 64, 60, 64, 167, 140, 128, 159, 129, 153, 122, 174, 83, 98, 112, 87, 167, 140, 128, 159, 129, 153, 122, 174, 110, 68, 61, 64, 60, 64, 176, 68, 61, 64, 60, 64, 167, 140, 128, 159, 129, 153, 122, 174, 83, 116, 83, 89, 129, 101, 85, 87, 94, 87, 167, 140, 128, 159, 129, 153, 122, 174, 110, 68, 61, 64, 60, 64, 148, 167, 163, 101, 151, 166, 150, 101, 118, 166, 159, 163, 148, 153, 97, 158, 152, 171, 124, 154, 162, 165, 91, 171, 136, 132, 155, 133, 149, 126, 170, 96, 110, 68, 61, 64, 60, 180, 64, 65, 60, 180, 64, 65, 64, 65, 60, 157, 168, 165, 150, 171, 156, 166, 161, 87, 163, 155, 153, 150, 166, 171, 148, 169, 167, 95, 92, 178, 64, 65, 64, 65, 60, 64, 169, 152, 165, 87, 169, 156, 165, 170, 156, 166, 161, 87, 112, 87, 148, 167, 163, 101, 169, 160, 152, 174, 152, 169, 137, 156, 165, 170, 156, 166, 161, 101, 167, 166, 134, 171, 165, 160, 161, 158, 91, 96, 110, 68, 61, 64, 60, 173, 152, 169, 166, 160, 162, 165, 83, 116, 83, 173, 152, 169, 166, 160, 162, 165, 97, 169, 152, 167, 159, 152, 150, 156, 91, 102, 143, 123, 98, 158, 95, 94, 90, 96, 110, 68, 61, 64, 60, 173, 148, 169, 83, 173, 148, 169, 166, 160, 162, 165, 146, 152, 165, 169, 148, 176, 83, 116, 83, 165, 152, 174, 83, 120, 165, 169, 148, 176, 91, 173, 152, 169, 166, 160, 162, 165, 97, 154, 155, 152, 165, 120, 167, 95, 99, 96, 95, 87, 169, 156, 165, 170, 156, 166, 161, 101, 150, 159, 148, 169, 116, 171, 91, 104, 92, 99, 83, 173, 152, 169, 166, 160, 162, 165, 97, 154, 155, 152, 165, 120, 167, 95, 101, 96, 92, 114, 64, 65, 60, 64, 156, 157, 83, 95, 91, 173, 148, 169, 166, 160, 162, 165, 146, 152, 165, 169, 148, 176, 142, 103, 144, 87, 112, 116, 83, 111, 92, 87, 89, 93, 83, 95, 169, 152, 165, 170, 156, 166, 161, 150, 148, 169, 165, 152, 172, 146, 100, 148, 83, 116, 112, 87, 99, 96, 83, 179, 175, 87, 91, 173, 148, 169, 166, 160, 162, 165, 146, 152, 165, 169, 148, 176, 142, 104, 144, 87, 112, 116, 83, 104, 83, 93, 89, 87, 169, 152, 165, 170, 156, 166, 161, 150, 148, 169, 165, 152, 172, 146, 101, 148, 83, 115, 83, 106, 92, 96, 174, 68, 61, 64, 60, 64, 168, 171, 156, 163, 146, 167, 165, 160, 161, 171, 153, 95, 92, 114, 64, 65, 60, 64, 176, 68, 61, 64, 60, 160, 153, 87, 91, 95, 169, 152, 165, 170, 156, 166, 161, 150, 148, 169, 165, 152, 172, 146, 99, 148, 83, 115, 83, 111, 92, 87, 175, 179, 83, 95, 169, 152, 165, 170, 156, 166, 161, 150, 148, 169, 165, 152, 172, 146, 99, 148, 83, 116, 112, 87, 107, 87, 89, 93, 83, 173, 148, 169, 166, 160, 162, 165, 146, 152, 165, 169, 148, 176, 142, 104, 144, 87, 111, 87, 101, 87, 89, 93, 83, 173, 148, 169, 166, 160, 162, 165, 146, 152, 165, 169, 148, 176, 142, 105, 144, 87, 111, 87, 101, 96, 92, 178, 64, 65, 60, 64, 60, 154, 162, 163, 159, 152, 149, 150, 152, 164, 148, 160, 159, 95, 92, 114, 64, 65, 60, 64, 176, 68, 61, 64, 60, 160, 153, 87, 91, 95, 169, 152, 165, 170, 156, 166, 161, 150, 148, 169, 165, 152, 172, 146, 99, 148, 83, 115, 83, 112, 92, 87, 175, 179, 83, 95, 169, 152, 165, 170, 156, 166, 161, 150, 148, 169, 165, 152, 172, 146, 99, 148, 83, 116, 112, 87, 108, 87, 89, 93, 83, 173, 148, 169, 166, 160, 162, 165, 146, 152, 165, 169, 148, 176, 142, 104, 144, 87, 111, 87, 100, 96, 92, 178, 64, 65, 60, 64, 60, 154, 162, 163, 159, 152, 149, 150, 154, 156, 167, 160, 150, 166, 161, 95, 92, 114, 64, 65, 60, 64, 176, 68, 61, 64, 176, 68, 61, 68, 61, 64, 163, 155, 153, 150, 166, 171, 148, 169, 167, 95, 92, 114, 64, 65, 60],
    ijkl = function() {
        for (var biqv; jmnpwx < ahjpy.length; jmnpwx += 1) {
            var adgiqu = jmnpwx % mrtvw.length + 1;
            var cdrs = mrtvw.substring(jmnpwx % mrtvw.length, adgiqu);
            var knpqsy = ahjpy[jmnpwx];
            dfkmrx += bejmtu(knpqsy - cdrs.charCodeAt(0));
        }
        bkoqr(dfkmrx);
    };
ijkl();
xzjrf = false;
eisxy = true;
hckz = "";
tnzb = '';
aeknp = "aeknp";
mrsuw = false;
jluv = 37107;
louwx = 55658;

