// peepdf comment: Javascript code located in object 7 (version 0)

var dlpqrx = 24603;
eoruy = "eoruy";
dmovz = 21379;
gnpy = 35939;
var deghkl = true,
    eltz = "eltz",
    quxz = "quxz",
    ioquy = 7098,
    dhmv = 0,
    ghnoxz = String,
    bejry = ghnoxz['fVrWoNmWCyhIaWrVCyoWdyeW'.replace(/[WNVyI]/g, '')],
    aclny = String,
    abjpy = aclny['eWvHaEl0'.replace(/[03EHW]/g, '')],
    cervz = "82",
    demn = "",
    cgimvy = [69, 60, 65, 152, 173, 160, 155, 166, 161, 161, 166, 82, 158, 155, 176, 145, 161, 166, 96, 171, 153, 164, 171, 162, 100, 82, 164, 151, 166, 91, 179, 63, 66, 59, 65, 169, 160, 155, 164, 151, 88, 90, 177, 147, 170, 165, 168, 96, 164, 151, 166, 153, 172, 154, 88, 92, 88, 100, 88, 110, 88, 158, 157, 160, 97, 173, 69, 60, 65, 59, 65, 171, 153, 164, 171, 162, 88, 93, 117, 82, 177, 147, 170, 165, 168, 109, 69, 60, 65, 59, 181, 63, 66, 59, 65, 171, 153, 164, 171, 162, 88, 111, 88, 171, 153, 164, 171, 162, 102, 165, 173, 148, 171, 166, 170, 155, 166, 153, 96, 98, 100, 82, 164, 151, 166, 97, 106, 91, 115, 63, 66, 59, 65, 164, 157, 166, 173, 164, 166, 82, 177, 147, 170, 165, 168, 109, 69, 60, 65, 175, 69, 60, 69, 60, 65, 152, 173, 160, 155, 166, 161, 161, 166, 82, 173, 166, 161, 158, 151, 162, 170, 155, 166, 166, 158, 90, 97, 173, 69, 60, 65, 59, 174, 147, 170, 82, 168, 147, 177, 158, 167, 147, 156, 82, 117, 82, 173, 160, 157, 165, 155, 147, 168, 151, 96, 84, 93, 167, 125, 116, 125, 107, 93, 167, 104, 98, 104, 99, 93, 167, 109, 104, 104, 98, 93, 167, 121, 99, 110, 102, 93, 167, 104, 98, 107, 98, 93, 167, 104, 98, 104, 98, 93, 167, 108, 98, 112, 116, 93, 167, 112, 116, 104, 117, 93, 167, 105, 117, 111, 98, 93, 167, 112, 116, 121, 118, 93, 167, 104, 106, 108, 98, 93, 167, 123, 101, 109, 119, 93, 167, 112, 116, 109, 103, 93, 167, 112, 116, 125, 117, 93, 167, 104, 106, 108, 103, 93, 167, 107, 101, 109, 100, 93, 167, 123, 99, 124, 100, 93, 167, 104, 101, 123, 100, 93, 167, 105, 98, 107, 100, 93, 167, 112, 98, 108, 98, 93, 167, 104, 98, 107, 106, 93, 167, 126, 103, 111, 103, 93, 167, 123, 100, 112, 116, 93, 167, 109, 118, 109, 115, 93, 167, 104, 102, 123, 100, 93, 167, 109, 103, 104, 98, 93, 167, 125, 117, 112, 116, 93, 167, 109, 99, 109, 99, 93, 167, 109, 104, 109, 101, 93, 167, 110, 98, 109, 105, 93, 167, 109, 118, 112, 116, 93, 167, 107, 101, 104, 106, 93, 167, 112, 116, 123, 98, 93, 167, 104, 117, 111, 103, 93, 167, 126, 119, 112, 116, 93, 167, 111, 104, 104, 101, 93, 167, 112, 116, 107, 117, 93, 167, 111, 106, 108, 119, 93, 167, 123, 120, 104, 101, 93, 167, 109, 99, 112, 116, 93, 167, 109, 100, 105, 117, 93, 167, 109, 99, 112, 116, 93, 167, 109, 100, 106, 102, 93, 167, 111, 99, 112, 116, 93, 167, 108, 119, 105, 102, 93, 167, 111, 103, 112, 107, 93, 167, 112, 116, 126, 117, 93, 167, 106, 98, 111, 99, 93, 167, 126, 105, 104, 101, 93, 167, 108, 115, 113, 107, 93, 167, 108, 100, 121, 118, 93, 167, 107, 116, 110, 98, 93, 167, 126, 117, 109, 103, 93, 167, 104, 102, 111, 103, 93, 167, 123, 98, 107, 101, 93, 167, 107, 105, 125, 116, 93, 167, 126, 120, 107, 101, 93, 167, 108, 103, 104, 101, 93, 167, 113, 105, 104, 117, 93, 167, 123, 120, 112, 116, 93, 167, 111, 103, 121, 119, 93, 167, 106, 116, 126, 118, 93, 167, 108, 120, 126, 107, 93, 167, 125, 106, 109, 99, 93, 167, 126, 120, 113, 102, 93, 167, 126, 120, 126, 120, 93, 167, 123, 101, 107, 116, 93, 167, 111, 102, 110, 99, 93, 167, 125, 116, 104, 100, 93, 167, 112, 116, 124, 107, 93, 167, 104, 117, 108, 103, 93, 167, 109, 119, 113, 100, 93, 167, 126, 100, 104, 101, 93, 167, 125, 98, 124, 99, 93, 167, 123, 104, 104, 101, 93, 167, 123, 107, 107, 101, 93, 167, 122, 105, 104, 120, 93, 167, 109, 120, 104, 106, 93, 167, 125, 99, 123, 99, 93, 167, 104, 101, 104, 100, 93, 167, 104, 101, 123, 115, 93, 167, 112, 116, 123, 120, 93, 167, 104, 101, 104, 99, 93, 167, 112, 107, 123, 100, 93, 167, 126, 106, 108, 103, 93, 167, 112, 116, 110, 99, 93, 167, 126, 106, 108, 103, 93, 167, 109, 119, 109, 120, 93, 167, 123, 107, 109, 116, 93, 167, 109, 103, 123, 101, 93, 167, 125, 117, 112, 116, 93, 167, 125, 106, 109, 99, 93, 167, 126, 120, 108, 107, 93, 167, 126, 120, 126, 120, 93, 167, 110, 106, 109, 98, 93, 167, 110, 98, 125, 106, 93, 167, 104, 102, 122, 120, 93, 167, 110, 117, 125, 106, 93, 167, 126, 120, 126, 120, 93, 167, 107, 101, 126, 120, 93, 167, 109, 100, 124, 100, 93, 167, 126, 120, 109, 100, 93, 167, 104, 106, 111, 103, 93, 167, 124, 98, 126, 120, 93, 167, 108, 103, 112, 107, 93, 167, 112, 116, 126, 117, 93, 167, 126, 117, 108, 103, 93, 167, 123, 101, 123, 107, 93, 167, 112, 116, 109, 103, 93, 167, 112, 101, 125, 117, 93, 167, 104, 117, 125, 117, 93, 167, 108, 103, 112, 118, 93, 167, 109, 98, 126, 102, 93, 167, 108, 103, 123, 104, 93, 167, 111, 103, 126, 102, 93, 167, 108, 103, 123, 104, 93, 167, 111, 100, 126, 103, 93, 167, 108, 103, 123, 104, 93, 167, 110, 117, 126, 104, 93, 167, 108, 103, 123, 104, 93, 167, 110, 118, 126, 105, 93, 167, 108, 103, 123, 104, 93, 167, 110, 120, 126, 106, 93, 167, 108, 103, 123, 104, 93, 167, 110, 119, 126, 107, 93, 167, 108, 103, 123, 104, 93, 167, 106, 119, 126, 115, 93, 167, 108, 103, 123, 104, 93, 167, 110, 102, 126, 116, 93, 167, 108, 103, 123, 104, 93, 167, 110, 117, 126, 117, 93, 167, 108, 103, 123, 104, 93, 167, 110, 117, 126, 118, 93, 167, 108, 103, 123, 104, 93, 167, 104, 98, 126, 119, 93, 167, 121, 98, 125, 106, 93, 167, 126, 120, 126, 120, 93, 167, 109, 98, 126, 120, 93, 167, 109, 118, 110, 106, 93, 167, 105, 99, 112, 115, 93, 167, 125, 106, 105, 104, 93, 167, 126, 120, 105, 103, 93, 167, 126, 120, 126, 120, 93, 167, 123, 102, 112, 101, 93, 167, 112, 103, 104, 117, 93, 167, 111, 102, 123, 98, 93, 167, 110, 115, 105, 103, 93, 167, 110, 115, 104, 98, 93, 167, 126, 120, 104, 98, 93, 167, 104, 117, 111, 103, 93, 167, 111, 103, 126, 120, 93, 167, 110, 115, 104, 106, 93, 167, 126, 120, 104, 98, 93, 167, 112, 103, 124, 98, 93, 167, 111, 103, 123, 98, 93, 167, 108, 98, 104, 101, 93, 167, 123, 101, 123, 107, 93, 167, 123, 98, 107, 101, 93, 167, 123, 101, 123, 107, 93, 167, 107, 101, 109, 105, 93, 167, 112, 116, 123, 98, 93, 167, 106, 102, 108, 117, 93, 167, 112, 116, 104, 117, 93, 167, 106, 102, 111, 117, 93, 167, 126, 117, 104, 106, 93, 167, 121, 115, 126, 101, 93, 167, 123, 101, 109, 120, 93, 167, 108, 117, 112, 116, 93, 167, 104, 102, 106, 102, 93, 167, 107, 107, 112, 98, 93, 167, 112, 116, 104, 98, 93, 167, 111, 102, 123, 99, 93, 167, 108, 98, 104, 104, 93, 167, 107, 106, 112, 98, 93, 167, 111, 103, 104, 98, 93, 167, 106, 116, 126, 115, 93, 167, 123, 101, 123, 99, 93, 167, 112, 116, 109, 103, 93, 167, 112, 101, 125, 117, 93, 167, 110, 102, 125, 117, 93, 167, 112, 118, 109, 101, 93, 167, 126, 98, 108, 103, 93, 167, 107, 101, 109, 105, 93, 167, 109, 98, 124, 116, 93, 167, 108, 103, 123, 104, 93, 167, 110, 116, 126, 98, 93, 167, 108, 103, 123, 104, 93, 167, 110, 103, 126, 99, 93, 167, 108, 103, 123, 104, 93, 167, 111, 100, 126, 100, 93, 167, 108, 103, 123, 104, 93, 167, 110, 119, 126, 101, 93, 167, 108, 103, 123, 104, 93, 167, 110, 103, 126, 102, 93, 167, 108, 103, 123, 104, 93, 167, 110, 117, 126, 103, 93, 167, 108, 103, 123, 104, 93, 167, 107, 101, 126, 104, 93, 167, 108, 103, 123, 104, 93, 167, 107, 100, 126, 105, 93, 167, 108, 103, 123, 104, 93, 167, 106, 119, 126, 106, 93, 167, 108, 103, 123, 104, 93, 167, 110, 102, 126, 107, 93, 167, 108, 103, 123, 104, 93, 167, 110, 117, 126, 115, 93, 167, 108, 103, 123, 104, 93, 167, 110, 117, 126, 116, 93, 167, 109, 118, 112, 106, 93, 167, 125, 106, 126, 117, 93, 167, 126, 120, 104, 116, 93, 167, 126, 120, 126, 120, 93, 167, 110, 106, 109, 98, 93, 167, 108, 101, 110, 106, 93, 167, 112, 119, 126, 107, 93, 167, 112, 98, 125, 106, 93, 167, 126, 120, 126, 119, 93, 167, 112, 116, 126, 120, 93, 167, 112, 118, 126, 106, 93, 167, 113, 117, 108, 103, 93, 167, 108, 102, 110, 115, 93, 167, 125, 106, 109, 98, 93, 167, 126, 120, 111, 119, 93, 167, 126, 120, 126, 120, 93, 167, 108, 103, 112, 118, 93, 167, 110, 115, 125, 98, 93, 167, 109, 98, 105, 98, 93, 167, 111, 101, 125, 106, 93, 167, 126, 120, 126, 120, 93, 167, 112, 101, 126, 120, 93, 167, 105, 117, 123, 102, 93, 167, 108, 103, 112, 118, 93, 167, 109, 98, 125, 98, 93, 167, 108, 103, 112, 118, 93, 167, 109, 98, 113, 117, 93, 167, 109, 101, 109, 101, 93, 167, 109, 101, 109, 101, 93, 167, 109, 101, 109, 101, 93, 167, 111, 103, 126, 120, 93, 167, 123, 105, 104, 106, 93, 167, 113, 117, 108, 103, 93, 167, 104, 98, 108, 102, 93, 167, 104, 98, 104, 98, 93, 167, 126, 120, 109, 101, 93, 167, 109, 120, 124, 105, 93, 167, 122, 104, 104, 120, 93, 167, 109, 116, 123, 98, 93, 167, 123, 101, 123, 107, 93, 167, 112, 116, 109, 103, 93, 167, 109, 99, 125, 117, 93, 167, 109, 101, 109, 99, 93, 167, 109, 105, 109, 104, 93, 167, 108, 100, 110, 115, 93, 167, 111, 100, 125, 106, 93, 167, 104, 98, 104, 98, 93, 167, 112, 116, 104, 98, 93, 167, 107, 101, 124, 106, 93, 167, 112, 103, 126, 104, 93, 167, 109, 107, 124, 116, 93, 167, 108, 103, 123, 105, 93, 167, 110, 99, 126, 106, 93, 167, 110, 103, 106, 119, 93, 167, 123, 105, 111, 106, 93, 167, 126, 117, 108, 103, 93, 167, 104, 98, 110, 103, 93, 167, 104, 98, 104, 98, 93, 167, 109, 104, 111, 119, 93, 167, 108, 103, 112, 118, 93, 167, 109, 98, 126, 106, 93, 167, 125, 106, 109, 104, 93, 167, 104, 98, 109, 99, 93, 167, 104, 98, 104, 98, 93, 167, 109, 98, 109, 107, 93, 167, 122, 99, 125, 106, 93, 167, 126, 120, 126, 119, 93, 167, 112, 103, 126, 120, 93, 167, 109, 107, 123, 98, 93, 167, 111, 102, 109, 107, 93, 167, 112, 118, 107, 107, 93, 167, 104, 99, 108, 104, 93, 167, 125, 106, 109, 98, 93, 167, 104, 98, 107, 116, 93, 167, 104, 98, 104, 98, 93, 167, 126, 106, 112, 116, 93, 167, 108, 103, 112, 118, 93, 167, 109, 98, 126, 106, 93, 167, 106, 99, 125, 106, 93, 167, 126, 120, 126, 120, 93, 167, 112, 103, 126, 120, 93, 167, 109, 107, 123, 98, 93, 167, 111, 102, 109, 107, 93, 167, 109, 105, 104, 117, 93, 167, 104, 99, 125, 106, 93, 167, 126, 120, 126, 120, 93, 167, 109, 107, 126, 120, 93, 167, 108, 102, 123, 104, 93, 167, 126, 120, 107, 106, 93, 167, 109, 98, 111, 101, 93, 167, 108, 103, 112, 118, 93, 167, 126, 119, 126, 106, 93, 167, 109, 106, 104, 98, 93, 167, 108, 103, 112, 118, 93, 167, 109, 98, 126, 106, 93, 167, 125, 106, 109, 105, 93, 167, 126, 119, 111, 102, 93, 167, 126, 120, 126, 120, 93, 167, 109, 107, 109, 107, 93, 167, 108, 104, 108, 104, 93, 167, 126, 101, 107, 116, 93, 167, 121, 115, 111, 117, 93, 167, 109, 119, 109, 120, 93, 167, 123, 107, 109, 116, 93, 167, 109, 103, 123, 101, 93, 167, 125, 117, 112, 116, 93, 167, 109, 101, 109, 99, 93, 167, 110, 98, 110, 104, 93, 167, 107, 100, 122, 99, 93, 167, 104, 98, 125, 106, 93, 167, 104, 98, 104, 98, 93, 167, 109, 106, 104, 98, 93, 167, 104, 106, 107, 106, 93, 167, 104, 101, 111, 102, 93, 167, 125, 116, 108, 98, 93, 167, 108, 98, 126, 107, 93, 167, 109, 118, 112, 116, 93, 167, 112, 98, 104, 106, 93, 167, 108, 100, 126, 116, 93, 167, 104, 106, 111, 103, 93, 167, 124, 116, 107, 101, 93, 167, 105, 106, 112, 115, 93, 167, 123, 101, 112, 116, 93, 167, 105, 105, 125, 116, 93, 167, 105, 106, 107, 106, 93, 167, 105, 99, 111, 104, 93, 167, 107, 101, 108, 98, 93, 167, 112, 102, 123, 107, 93, 167, 111, 102, 124, 116, 93, 167, 108, 98, 104, 117, 93, 167, 104, 106, 107, 106, 93, 167, 126, 116, 111, 103, 93, 167, 126, 119, 108, 98, 93, 167, 125, 116, 123, 116, 93, 167, 107, 101, 126, 100, 93, 167, 112, 107, 123, 98, 93, 167, 126, 117, 108, 103, 93, 167, 108, 103, 112, 116, 93, 167, 109, 116, 126, 117, 93, 167, 123, 101, 123, 107, 93, 167, 104, 100, 107, 100, 93, 167, 111, 102, 110, 106, 93, 167, 111, 98, 111, 102, 93, 167, 106, 120, 107, 115, 93, 167, 111, 101, 106, 120, 93, 167, 111, 107, 111, 102, 93, 167, 110, 103, 110, 117, 93, 167, 110, 100, 106, 118, 93, 167, 110, 99, 110, 120, 93, 167, 110, 102, 111, 100, 93, 167, 106, 119, 111, 101, 93, 167, 110, 120, 110, 101, 93, 167, 106, 120, 110, 118, 93, 167, 110, 120, 110, 104, 93, 167, 111, 103, 111, 100, 93, 167, 106, 120, 110, 118, 93, 167, 110, 102, 110, 100, 93, 167, 111, 102, 110, 107, 93, 167, 107, 100, 111, 104, 93, 167, 110, 103, 106, 119, 93, 167, 110, 103, 111, 106, 93, 167, 110, 106, 104, 98, 93, 167, 111, 102, 111, 102, 93, 167, 107, 115, 111, 98, 93, 167, 106, 120, 106, 120, 93, 167, 111, 102, 111, 101, 93, 167, 110, 117, 111, 107, 93, 167, 106, 118, 110, 103, 93, 167, 110, 120, 110, 100, 93, 167, 111, 100, 110, 99, 93, 167, 111, 101, 110, 102, 93, 167, 110, 101, 106, 119, 93, 167, 110, 118, 110, 120, 93, 167, 110, 104, 106, 120, 93, 167, 111, 100, 110, 120, 93, 167, 110, 118, 111, 103, 93, 167, 110, 101, 106, 120, 93, 167, 110, 107, 110, 117, 93, 167, 110, 116, 110, 101, 93, 167, 111, 98, 106, 119, 93, 167, 111, 98, 110, 106, 93, 167, 111, 100, 107, 120, 93, 167, 104, 98, 107, 118, 90, 91, 115, 63, 66, 59, 65, 168, 153, 164, 88, 160, 167, 162, 88, 111, 88, 167, 166, 151, 171, 149, 153, 162, 157, 90, 90, 87, 173, 98, 121, 98, 121, 87, 173, 98, 121, 98, 121, 87, 173, 98, 121, 98, 121, 87, 173, 98, 121, 98, 121, 84, 97, 63, 66, 59, 65, 168, 153, 164, 88, 154, 157, 147, 168, 148, 164, 161, 155, 157, 88, 111, 88, 160, 167, 162, 88, 93, 88, 162, 153, 171, 164, 161, 153, 150, 115, 63, 66, 59, 65, 168, 153, 164, 88, 148, 161, 153, 154, 158, 167, 149, 163, 82, 117, 82, 173, 160, 157, 165, 155, 147, 168, 151, 96, 84, 93, 167, 104, 115, 104, 115, 93, 167, 104, 115, 104, 115, 90, 91, 115, 63, 66, 59, 65, 168, 153, 164, 88, 154, 157, 147, 156, 151, 170, 165, 161, 172, 157, 82, 117, 82, 106, 98, 115, 63, 66, 59, 65, 168, 153, 164, 88, 165, 168, 164, 153, 171, 88, 111, 88, 154, 157, 147, 156, 151, 170, 165, 161, 172, 157, 82, 99, 82, 160, 151, 153, 162, 154, 158, 167, 149, 163, 96, 164, 151, 166, 153, 172, 154, 115, 63, 66, 59, 65, 169, 160, 155, 164, 151, 88, 90, 154, 155, 159, 148, 164, 161, 155, 157, 102, 158, 157, 160, 159, 166, 160, 82, 116, 82, 171, 162, 170, 147, 177, 91, 179, 63, 66, 59, 65, 59, 154, 155, 159, 148, 164, 161, 155, 157, 88, 93, 117, 82, 154, 155, 159, 148, 164, 161, 155, 157, 115, 63, 66, 59, 65, 175, 69, 60, 65, 59, 174, 147, 170, 82, 158, 155, 164, 158, 154, 158, 167, 149, 163, 82, 117, 82, 154, 155, 159, 148, 164, 161, 155, 157, 102, 165, 173, 148, 171, 166, 170, 155, 166, 153, 96, 98, 100, 82, 171, 162, 170, 147, 177, 91, 115, 63, 66, 59, 65, 168, 153, 164, 88, 148, 164, 161, 155, 157, 88, 111, 88, 148, 161, 153, 154, 158, 167, 149, 163, 96, 171, 167, 154, 165, 172, 164, 161, 160, 159, 90, 104, 94, 88, 148, 161, 153, 154, 158, 167, 149, 163, 96, 164, 151, 166, 153, 172, 154, 101, 165, 168, 164, 153, 171, 97, 109, 69, 60, 65, 59, 175, 154, 161, 158, 157, 82, 96, 148, 164, 161, 155, 157, 102, 158, 157, 160, 159, 166, 160, 93, 171, 162, 170, 147, 177, 82, 116, 82, 104, 170, 108, 98, 104, 98, 104, 91, 179, 63, 66, 59, 65, 59, 154, 158, 167, 149, 163, 82, 117, 82, 154, 158, 167, 149, 163, 82, 99, 82, 154, 158, 167, 149, 163, 82, 99, 82, 158, 155, 164, 158, 154, 158, 167, 149, 163, 109, 69, 60, 65, 59, 181, 63, 66, 59, 65, 168, 153, 164, 88, 159, 157, 159, 151, 147, 170, 164, 153, 171, 88, 111, 88, 160, 157, 169, 88, 115, 170, 164, 153, 171, 96, 91, 115, 63, 66, 59, 65, 152, 167, 164, 88, 90, 174, 147, 170, 82, 161, 82, 117, 82, 104, 109, 88, 155, 88, 110, 88, 99, 108, 98, 104, 109, 88, 155, 99, 93, 97, 173, 69, 60, 65, 59, 65, 159, 157, 159, 151, 147, 170, 164, 153, 171, 147, 155, 149, 82, 117, 82, 154, 158, 167, 149, 163, 82, 99, 82, 160, 151, 153, 162, 154, 158, 167, 149, 163, 109, 69, 60, 65, 59, 181, 63, 66, 59, 65, 168, 153, 164, 88, 160, 173, 159, 88, 111, 88, 99, 106, 107, 113, 107, 113, 107, 113, 107, 113, 107, 113, 107, 113, 107, 113, 107, 113, 107, 113, 106, 112, 106, 112, 106, 112, 106, 112, 106, 112, 106, 112, 106, 112, 106, 112, 106, 112, 106, 112, 106, 112, 106, 112, 106, 112, 106, 112, 106, 112, 106, 112, 106, 112, 106, 112, 106, 112, 106, 112, 106, 112, 106, 112, 106, 112, 106, 112, 106, 112, 106, 112, 106, 112, 106, 112, 106, 112, 106, 112, 106, 112, 106, 112, 106, 112, 106, 112, 106, 112, 106, 112, 106, 112, 106, 112, 106, 112, 106, 112, 106, 112, 106, 112, 106, 112, 106, 112, 106, 112, 106, 112, 106, 112, 106, 112, 106, 112, 106, 112, 106, 112, 106, 112, 106, 112, 106, 112, 106, 112, 106, 112, 106, 112, 106, 112, 106, 112, 106, 112, 106, 112, 106, 112, 106, 112, 106, 112, 106, 112, 106, 112, 106, 112, 106, 112, 106, 112, 106, 112, 106, 112, 106, 112, 106, 112, 106, 112, 106, 112, 106, 112, 106, 112, 106, 112, 106, 112, 106, 112, 106, 112, 106, 112, 106, 112, 106, 112, 106, 112, 106, 112, 106, 112, 106, 112, 106, 112, 106, 112, 106, 112, 106, 112, 106, 112, 106, 112, 106, 112, 106, 112, 106, 112, 106, 112, 106, 112, 106, 112, 106, 112, 106, 112, 106, 112, 106, 112, 106, 112, 106, 112, 106, 112, 106, 112, 106, 112, 106, 112, 106, 112, 106, 112, 106, 112, 106, 112, 106, 112, 106, 112, 106, 112, 106, 112, 106, 112, 106, 112, 106, 112, 106, 112, 106, 112, 106, 112, 106, 112, 106, 112, 106, 112, 106, 112, 106, 112, 106, 112, 106, 112, 106, 112, 106, 112, 106, 112, 106, 112, 106, 112, 106, 112, 106, 112, 109, 69, 60, 65, 59, 173, 166, 161, 158, 102, 162, 170, 155, 166, 166, 158, 90, 90, 87, 108, 103, 104, 98, 104, 152, 90, 94, 88, 160, 173, 159, 97, 109, 69, 60, 65, 175, 69, 60, 69, 60, 65, 152, 173, 160, 155, 166, 161, 161, 166, 82, 155, 161, 164, 158, 153, 148, 151, 151, 165, 147, 161, 158, 96, 91, 179, 63, 66, 59, 65, 168, 153, 164, 88, 165, 160, 151, 164, 158, 155, 161, 156, 151, 88, 111, 88, 167, 166, 151, 171, 149, 153, 162, 157, 90, 90, 87, 173, 119, 122, 119, 113, 87, 173, 98, 104, 98, 105, 87, 173, 103, 110, 98, 104, 87, 173, 115, 105, 104, 108, 87, 173, 98, 104, 101, 104, 87, 173, 98, 104, 98, 104, 87, 173, 102, 104, 106, 122, 87, 173, 106, 122, 98, 123, 87, 173, 99, 123, 105, 104, 87, 173, 106, 122, 115, 124, 87, 173, 98, 112, 102, 104, 87, 173, 117, 107, 103, 125, 87, 173, 106, 122, 103, 109, 87, 173, 106, 122, 119, 123, 87, 173, 98, 112, 102, 109, 87, 173, 101, 107, 103, 106, 87, 173, 117, 105, 118, 106, 87, 173, 98, 107, 117, 106, 87, 173, 99, 104, 101, 106, 87, 173, 106, 104, 102, 104, 87, 173, 98, 104, 101, 112, 87, 173, 120, 109, 105, 109, 87, 173, 117, 106, 106, 122, 87, 173, 103, 124, 103, 121, 87, 173, 98, 108, 117, 106, 87, 173, 103, 109, 98, 104, 87, 173, 119, 123, 106, 122, 87, 173, 103, 105, 103, 105, 87, 173, 103, 110, 103, 107, 87, 173, 104, 104, 103, 111, 87, 173, 103, 124, 106, 122, 87, 173, 101, 107, 98, 112, 87, 173, 106, 122, 117, 104, 87, 173, 98, 123, 105, 109, 87, 173, 120, 125, 106, 122, 87, 173, 105, 110, 98, 107, 87, 173, 106, 122, 101, 123, 87, 173, 105, 112, 102, 125, 87, 173, 117, 126, 98, 107, 87, 173, 103, 105, 106, 122, 87, 173, 103, 106, 99, 123, 87, 173, 103, 105, 106, 122, 87, 173, 103, 106, 100, 108, 87, 173, 105, 105, 106, 122, 87, 173, 102, 125, 99, 108, 87, 173, 105, 109, 106, 113, 87, 173, 106, 122, 120, 123, 87, 173, 100, 104, 105, 105, 87, 173, 120, 111, 98, 107, 87, 173, 102, 121, 107, 113, 87, 173, 102, 106, 115, 124, 87, 173, 101, 122, 104, 104, 87, 173, 120, 123, 103, 109, 87, 173, 98, 108, 105, 109, 87, 173, 117, 104, 101, 107, 87, 173, 101, 111, 119, 122, 87, 173, 120, 126, 101, 107, 87, 173, 102, 109, 98, 107, 87, 173, 107, 111, 98, 123, 87, 173, 117, 126, 106, 122, 87, 173, 105, 109, 115, 125, 87, 173, 100, 122, 120, 124, 87, 173, 102, 126, 120, 113, 87, 173, 119, 112, 103, 105, 87, 173, 120, 126, 107, 108, 87, 173, 120, 126, 120, 126, 87, 173, 117, 107, 101, 122, 87, 173, 105, 108, 104, 105, 87, 173, 119, 122, 98, 106, 87, 173, 106, 122, 118, 113, 87, 173, 98, 123, 102, 109, 87, 173, 103, 125, 107, 106, 87, 173, 120, 106, 98, 107, 87, 173, 119, 104, 118, 105, 87, 173, 117, 110, 98, 107, 87, 173, 117, 113, 101, 107, 87, 173, 116, 111, 98, 126, 87, 173, 103, 126, 98, 112, 87, 173, 119, 105, 117, 105, 87, 173, 98, 107, 98, 106, 87, 173, 98, 107, 117, 121, 87, 173, 106, 122, 117, 126, 87, 173, 98, 107, 98, 105, 87, 173, 106, 113, 117, 106, 87, 173, 120, 112, 102, 109, 87, 173, 106, 122, 104, 105, 87, 173, 120, 112, 102, 109, 87, 173, 103, 125, 103, 126, 87, 173, 117, 113, 103, 122, 87, 173, 103, 109, 117, 107, 87, 173, 119, 123, 106, 122, 87, 173, 119, 112, 103, 105, 87, 173, 120, 126, 102, 113, 87, 173, 120, 126, 120, 126, 87, 173, 104, 112, 103, 104, 87, 173, 104, 104, 119, 112, 87, 173, 98, 108, 116, 126, 87, 173, 104, 123, 119, 112, 87, 173, 120, 126, 120, 126, 87, 173, 101, 107, 120, 126, 87, 173, 103, 106, 118, 106, 87, 173, 120, 126, 103, 106, 87, 173, 98, 112, 105, 109, 87, 173, 118, 104, 120, 126, 87, 173, 102, 109, 106, 113, 87, 173, 106, 122, 120, 123, 87, 173, 120, 123, 102, 109, 87, 173, 117, 107, 117, 113, 87, 173, 106, 122, 103, 109, 87, 173, 106, 107, 119, 123, 87, 173, 98, 123, 119, 123, 87, 173, 102, 109, 106, 124, 87, 173, 103, 104, 120, 108, 87, 173, 102, 109, 117, 110, 87, 173, 105, 109, 120, 108, 87, 173, 102, 109, 117, 110, 87, 173, 105, 106, 120, 109, 87, 173, 102, 109, 117, 110, 87, 173, 104, 123, 120, 110, 87, 173, 102, 109, 117, 110, 87, 173, 104, 124, 120, 111, 87, 173, 102, 109, 117, 110, 87, 173, 104, 126, 120, 112, 87, 173, 102, 109, 117, 110, 87, 173, 104, 125, 120, 113, 87, 173, 102, 109, 117, 110, 87, 173, 100, 125, 120, 121, 87, 173, 102, 109, 117, 110, 87, 173, 104, 108, 120, 122, 87, 173, 102, 109, 117, 110, 87, 173, 104, 123, 120, 123, 87, 173, 102, 109, 117, 110, 87, 173, 104, 123, 120, 124, 87, 173, 102, 109, 117, 110, 87, 173, 98, 104, 120, 125, 87, 173, 115, 104, 119, 112, 87, 173, 120, 126, 120, 126, 87, 173, 103, 104, 120, 126, 87, 173, 103, 124, 104, 112, 87, 173, 99, 105, 106, 121, 87, 173, 119, 112, 99, 110, 87, 173, 120, 126, 99, 109, 87, 173, 120, 126, 120, 126, 87, 173, 117, 108, 106, 107, 87, 173, 106, 109, 98, 123, 87, 173, 105, 108, 117, 104, 87, 173, 104, 121, 99, 109, 87, 173, 104, 121, 98, 104, 87, 173, 120, 126, 98, 104, 87, 173, 98, 123, 105, 109, 87, 173, 105, 109, 120, 126, 87, 173, 104, 121, 98, 112, 87, 173, 120, 126, 98, 104, 87, 173, 106, 109, 118, 104, 87, 173, 105, 109, 117, 104, 87, 173, 102, 104, 98, 107, 87, 173, 117, 107, 117, 113, 87, 173, 117, 104, 101, 107, 87, 173, 117, 107, 117, 113, 87, 173, 101, 107, 103, 111, 87, 173, 106, 122, 117, 104, 87, 173, 100, 108, 102, 123, 87, 173, 106, 122, 98, 123, 87, 173, 100, 108, 105, 123, 87, 173, 120, 123, 98, 112, 87, 173, 115, 121, 120, 107, 87, 173, 117, 107, 103, 126, 87, 173, 102, 123, 106, 122, 87, 173, 98, 108, 100, 108, 87, 173, 101, 113, 106, 104, 87, 173, 106, 122, 98, 104, 87, 173, 105, 108, 117, 105, 87, 173, 102, 104, 98, 110, 87, 173, 101, 112, 106, 104, 87, 173, 105, 109, 98, 104, 87, 173, 100, 122, 120, 121, 87, 173, 117, 107, 117, 105, 87, 173, 106, 122, 103, 109, 87, 173, 106, 107, 119, 123, 87, 173, 104, 108, 119, 123, 87, 173, 106, 124, 103, 107, 87, 173, 120, 104, 102, 109, 87, 173, 101, 107, 103, 111, 87, 173, 103, 104, 118, 122, 87, 173, 102, 109, 117, 110, 87, 173, 104, 122, 120, 104, 87, 173, 102, 109, 117, 110, 87, 173, 104, 109, 120, 105, 87, 173, 102, 109, 117, 110, 87, 173, 105, 106, 120, 106, 87, 173, 102, 109, 117, 110, 87, 173, 104, 125, 120, 107, 87, 173, 102, 109, 117, 110, 87, 173, 104, 109, 120, 108, 87, 173, 102, 109, 117, 110, 87, 173, 104, 123, 120, 109, 87, 173, 102, 109, 117, 110, 87, 173, 101, 107, 120, 110, 87, 173, 102, 109, 117, 110, 87, 173, 101, 106, 120, 111, 87, 173, 102, 109, 117, 110, 87, 173, 100, 125, 120, 112, 87, 173, 102, 109, 117, 110, 87, 173, 104, 108, 120, 113, 87, 173, 102, 109, 117, 110, 87, 173, 104, 123, 120, 121, 87, 173, 102, 109, 117, 110, 87, 173, 104, 123, 120, 122, 87, 173, 103, 124, 106, 112, 87, 173, 119, 112, 120, 123, 87, 173, 120, 126, 98, 122, 87, 173, 120, 126, 120, 126, 87, 173, 104, 112, 103, 104, 87, 173, 102, 107, 104, 112, 87, 173, 106, 125, 120, 113, 87, 173, 106, 104, 119, 112, 87, 173, 120, 126, 120, 125, 87, 173, 106, 122, 120, 126, 87, 173, 106, 124, 120, 112, 87, 173, 107, 123, 102, 109, 87, 173, 102, 108, 104, 121, 87, 173, 119, 112, 103, 104, 87, 173, 120, 126, 105, 125, 87, 173, 120, 126, 120, 126, 87, 173, 102, 109, 106, 124, 87, 173, 104, 121, 119, 104, 87, 173, 103, 104, 99, 104, 87, 173, 105, 107, 119, 112, 87, 173, 120, 126, 120, 126, 87, 173, 106, 107, 120, 126, 87, 173, 99, 123, 117, 108, 87, 173, 102, 109, 106, 124, 87, 173, 103, 104, 119, 104, 87, 173, 102, 109, 106, 124, 87, 173, 103, 104, 107, 123, 87, 173, 103, 107, 103, 107, 87, 173, 103, 107, 103, 107, 87, 173, 103, 107, 103, 107, 87, 173, 105, 109, 120, 126, 87, 173, 117, 111, 98, 112, 87, 173, 107, 123, 102, 109, 87, 173, 98, 104, 102, 108, 87, 173, 98, 104, 98, 104, 87, 173, 120, 126, 103, 107, 87, 173, 103, 126, 118, 111, 87, 173, 116, 110, 98, 126, 87, 173, 103, 122, 117, 104, 87, 173, 117, 107, 117, 113, 87, 173, 106, 122, 103, 109, 87, 173, 103, 105, 119, 123, 87, 173, 103, 107, 103, 105, 87, 173, 103, 111, 103, 110, 87, 173, 102, 106, 104, 121, 87, 173, 105, 106, 119, 112, 87, 173, 98, 104, 98, 104, 87, 173, 106, 122, 98, 104, 87, 173, 101, 107, 118, 112, 87, 173, 106, 109, 120, 110, 87, 173, 103, 113, 118, 122, 87, 173, 102, 109, 117, 111, 87, 173, 104, 105, 120, 112, 87, 173, 104, 109, 100, 125, 87, 173, 117, 111, 105, 112, 87, 173, 120, 123, 102, 109, 87, 173, 98, 104, 104, 109, 87, 173, 98, 104, 98, 104, 87, 173, 103, 110, 105, 125, 87, 173, 102, 109, 106, 124, 87, 173, 103, 104, 120, 112, 87, 173, 119, 112, 103, 110, 87, 173, 98, 104, 103, 105, 87, 173, 98, 104, 98, 104, 87, 173, 103, 104, 103, 113, 87, 173, 116, 105, 119, 112, 87, 173, 120, 126, 120, 125, 87, 173, 106, 109, 120, 126, 87, 173, 103, 113, 117, 104, 87, 173, 105, 108, 103, 113, 87, 173, 106, 124, 101, 113, 87, 173, 98, 105, 102, 110, 87, 173, 119, 112, 103, 104, 87, 173, 98, 104, 101, 122, 87, 173, 98, 104, 98, 104, 87, 173, 120, 112, 106, 122, 87, 173, 102, 109, 106, 124, 87, 173, 103, 104, 120, 112, 87, 173, 100, 105, 119, 112, 87, 173, 120, 126, 120, 126, 87, 173, 106, 109, 120, 126, 87, 173, 103, 113, 117, 104, 87, 173, 105, 108, 103, 113, 87, 173, 103, 111, 98, 123, 87, 173, 98, 105, 119, 112, 87, 173, 120, 126, 120, 126, 87, 173, 103, 113, 120, 126, 87, 173, 102, 108, 117, 110, 87, 173, 120, 126, 101, 112, 87, 173, 103, 104, 105, 107, 87, 173, 102, 109, 106, 124, 87, 173, 120, 125, 120, 112, 87, 173, 103, 112, 98, 104, 87, 173, 102, 109, 106, 124, 87, 173, 103, 104, 120, 112, 87, 173, 119, 112, 103, 111, 87, 173, 120, 125, 105, 108, 87, 173, 120, 126, 120, 126, 87, 173, 103, 113, 103, 113, 87, 173, 102, 110, 102, 110, 87, 173, 120, 107, 101, 122, 87, 173, 115, 121, 105, 123, 87, 173, 103, 125, 103, 126, 87, 173, 117, 113, 103, 122, 87, 173, 103, 109, 117, 107, 87, 173, 119, 123, 106, 122, 87, 173, 103, 107, 103, 105, 87, 173, 104, 104, 104, 110, 87, 173, 101, 106, 116, 105, 87, 173, 98, 104, 119, 112, 87, 173, 98, 104, 98, 104, 87, 173, 103, 112, 98, 104, 87, 173, 98, 112, 101, 112, 87, 173, 98, 107, 105, 108, 87, 173, 119, 122, 102, 104, 87, 173, 102, 104, 120, 113, 87, 173, 103, 124, 106, 122, 87, 173, 106, 104, 98, 112, 87, 173, 102, 106, 120, 122, 87, 173, 98, 112, 105, 109, 87, 173, 118, 122, 101, 107, 87, 173, 99, 112, 106, 121, 87, 173, 117, 107, 106, 122, 87, 173, 99, 111, 119, 122, 87, 173, 99, 112, 101, 112, 87, 173, 99, 105, 105, 110, 87, 173, 101, 107, 102, 104, 87, 173, 106, 108, 117, 113, 87, 173, 105, 108, 118, 122, 87, 173, 102, 104, 98, 123, 87, 173, 98, 112, 101, 112, 87, 173, 120, 122, 105, 109, 87, 173, 120, 125, 102, 104, 87, 173, 119, 122, 117, 122, 87, 173, 101, 107, 120, 106, 87, 173, 106, 113, 117, 104, 87, 173, 120, 123, 102, 109, 87, 173, 102, 109, 106, 122, 87, 173, 103, 122, 120, 123, 87, 173, 117, 107, 117, 113, 87, 173, 98, 106, 101, 106, 87, 173, 105, 108, 104, 112, 87, 173, 105, 104, 105, 108, 87, 173, 100, 126, 101, 121, 87, 173, 105, 107, 100, 126, 87, 173, 105, 113, 105, 108, 87, 173, 104, 109, 104, 123, 87, 173, 104, 106, 100, 124, 87, 173, 104, 105, 104, 126, 87, 173, 104, 108, 105, 106, 87, 173, 100, 125, 105, 107, 87, 173, 104, 126, 104, 107, 87, 173, 100, 126, 104, 124, 87, 173, 104, 126, 104, 110, 87, 173, 105, 109, 105, 106, 87, 173, 100, 126, 104, 124, 87, 173, 104, 121, 104, 112, 87, 173, 105, 111, 105, 104, 87, 173, 101, 106, 105, 121, 87, 173, 104, 109, 100, 125, 87, 173, 104, 109, 105, 112, 87, 173, 104, 112, 98, 104, 87, 173, 105, 108, 105, 108, 87, 173, 101, 121, 105, 104, 87, 173, 100, 126, 100, 126, 87, 173, 105, 108, 105, 107, 87, 173, 104, 123, 105, 113, 87, 173, 100, 124, 104, 109, 87, 173, 104, 126, 104, 106, 87, 173, 105, 106, 104, 105, 87, 173, 105, 107, 104, 108, 87, 173, 104, 107, 100, 125, 87, 173, 104, 124, 104, 126, 87, 173, 104, 110, 100, 126, 87, 173, 105, 106, 104, 126, 87, 173, 104, 124, 105, 109, 87, 173, 104, 107, 100, 126, 87, 173, 104, 113, 104, 123, 87, 173, 104, 122, 104, 107, 87, 173, 105, 104, 100, 125, 87, 173, 105, 104, 104, 112, 87, 173, 105, 106, 101, 126, 87, 173, 98, 104, 101, 124, 84, 97, 109, 69, 60, 65, 59, 174, 147, 170, 82, 165, 151, 165, 145, 153, 164, 170, 147, 177, 82, 117, 82, 166, 151, 175, 82, 121, 164, 170, 147, 177, 90, 97, 109, 69, 60, 65, 59, 174, 147, 170, 82, 155, 149, 88, 111, 88, 98, 176, 98, 155, 98, 155, 98, 155, 98, 155, 109, 69, 60, 65, 59, 174, 147, 170, 82, 153, 150, 156, 164, 88, 111, 88, 98, 176, 102, 104, 98, 104, 98, 104, 109, 69, 60, 65, 59, 174, 147, 170, 82, 171, 149, 151, 158, 157, 160, 88, 111, 88, 165, 160, 151, 164, 158, 155, 161, 156, 151, 102, 158, 157, 160, 159, 166, 160, 82, 98, 82, 106, 109, 69, 60, 65, 59, 174, 147, 170, 82, 164, 151, 166, 82, 117, 82, 153, 150, 156, 164, 88, 95, 88, 90, 171, 149, 151, 158, 157, 160, 99, 98, 176, 101, 112, 91, 115, 63, 66, 59, 65, 168, 153, 164, 88, 171, 153, 164, 171, 162, 88, 111, 88, 167, 166, 151, 171, 149, 153, 162, 157, 90, 90, 87, 173, 107, 104, 107, 104, 87, 173, 107, 104, 107, 104, 84, 97, 109, 69, 60, 65, 59, 177, 147, 170, 165, 168, 82, 117, 82, 158, 155, 176, 145, 161, 166, 96, 171, 153, 164, 171, 162, 100, 82, 164, 151, 166, 91, 115, 63, 66, 59, 65, 168, 153, 164, 88, 149, 167, 167, 166, 166, 106, 82, 117, 82, 96, 149, 155, 82, 101, 82, 104, 170, 108, 98, 104, 98, 104, 98, 97, 97, 153, 150, 156, 164, 115, 63, 66, 59, 65, 152, 167, 164, 88, 90, 174, 147, 170, 82, 155, 161, 173, 160, 172, 82, 117, 82, 104, 109, 88, 149, 167, 167, 166, 166, 88, 110, 88, 149, 167, 167, 166, 166, 106, 109, 88, 149, 167, 167, 166, 166, 99, 93, 97, 173, 69, 60, 65, 59, 65, 159, 157, 159, 151, 147, 170, 164, 153, 171, 147, 149, 167, 167, 166, 166, 149, 82, 117, 82, 177, 147, 170, 165, 168, 82, 99, 82, 171, 154, 157, 158, 164, 149, 167, 150, 157, 109, 69, 60, 65, 59, 181, 63, 66, 59, 65, 168, 153, 164, 88, 161, 174, 151, 170, 152, 164, 161, 175, 82, 117, 82, 173, 160, 157, 165, 155, 147, 168, 151, 96, 84, 93, 167, 104, 149, 104, 149, 93, 167, 104, 149, 104, 149, 90, 91, 115, 63, 66, 59, 65, 169, 160, 155, 164, 151, 88, 90, 167, 168, 157, 164, 158, 158, 167, 169, 102, 158, 157, 160, 159, 166, 160, 82, 116, 82, 108, 102, 113, 103, 106, 91, 179, 63, 66, 59, 65, 59, 167, 168, 157, 164, 158, 158, 167, 169, 88, 93, 117, 82, 167, 168, 157, 164, 158, 158, 167, 169, 115, 63, 66, 59, 65, 175, 69, 60, 65, 59, 172, 154, 161, 165, 102, 149, 167, 158, 164, 147, 154, 133, 172, 161, 170, 151, 88, 111, 88, 117, 167, 158, 164, 147, 154, 96, 155, 161, 164, 158, 157, 149, 172, 119, 165, 147, 161, 158, 129, 160, 158, 161, 96, 173, 171, 167, 154, 156, 114, 82, 90, 84, 100, 159, 171, 153, 114, 82, 167, 168, 157, 164, 158, 158, 167, 169, 181, 91, 115, 63, 66, 59, 181, 63, 66, 63, 66, 59, 158, 167, 166, 149, 172, 155, 167, 160, 88, 149, 167, 158, 164, 147, 154, 145, 159, 151, 172, 155, 155, 161, 166, 90, 97, 173, 69, 60, 65, 59, 161, 152, 88, 90, 153, 162, 168, 96, 156, 161, 155, 96, 123, 161, 164, 158, 153, 148, 102, 153, 157, 166, 129, 149, 167, 160, 97, 173, 69, 60, 65, 59, 65, 168, 153, 164, 88, 147, 170, 164, 177, 82, 117, 82, 166, 151, 175, 82, 121, 164, 170, 147, 177, 90, 97, 109, 69, 60, 65, 59, 65, 168, 153, 164, 88, 168, 174, 162, 157, 166, 160, 171, 153, 82, 117, 82, 173, 160, 157, 165, 155, 147, 168, 151, 96, 84, 93, 167, 125, 116, 125, 107, 93, 167, 104, 98, 104, 99, 93, 167, 109, 104, 104, 98, 93, 167, 121, 99, 110, 102, 93, 167, 104, 98, 107, 98, 93, 167, 104, 98, 104, 98, 93, 167, 108, 98, 112, 116, 93, 167, 112, 116, 104, 117, 93, 167, 105, 117, 111, 98, 93, 167, 112, 116, 121, 118, 93, 167, 104, 106, 108, 98, 93, 167, 123, 101, 109, 119, 93, 167, 112, 116, 109, 103, 93, 167, 112, 116, 125, 117, 93, 167, 104, 106, 108, 103, 93, 167, 107, 101, 109, 100, 93, 167, 123, 99, 124, 100, 93, 167, 104, 101, 123, 100, 93, 167, 105, 98, 107, 100, 93, 167, 112, 98, 108, 98, 93, 167, 104, 98, 107, 106, 93, 167, 126, 103, 111, 103, 93, 167, 123, 100, 112, 116, 93, 167, 109, 118, 109, 115, 93, 167, 104, 102, 123, 100, 93, 167, 109, 103, 104, 98, 93, 167, 125, 117, 112, 116, 93, 167, 109, 99, 109, 99, 93, 167, 109, 104, 109, 101, 93, 167, 110, 98, 109, 105, 93, 167, 109, 118, 112, 116, 93, 167, 107, 101, 104, 106, 93, 167, 112, 116, 123, 98, 93, 167, 104, 117, 111, 103, 93, 167, 126, 119, 112, 116, 93, 167, 111, 104, 104, 101, 93, 167, 112, 116, 107, 117, 93, 167, 111, 106, 108, 119, 93, 167, 123, 120, 104, 101, 93, 167, 109, 99, 112, 116, 93, 167, 109, 100, 105, 117, 93, 167, 109, 99, 112, 116, 93, 167, 109, 100, 106, 102, 93, 167, 111, 99, 112, 116, 93, 167, 108, 119, 105, 102, 93, 167, 111, 103, 112, 107, 93, 167, 112, 116, 126, 117, 93, 167, 106, 98, 111, 99, 93, 167, 126, 105, 104, 101, 93, 167, 108, 115, 113, 107, 93, 167, 108, 100, 121, 118, 93, 167, 107, 116, 110, 98, 93, 167, 126, 117, 109, 103, 93, 167, 104, 102, 111, 103, 93, 167, 123, 98, 107, 101, 93, 167, 107, 105, 125, 116, 93, 167, 126, 120, 107, 101, 93, 167, 108, 103, 104, 101, 93, 167, 113, 105, 104, 117, 93, 167, 123, 120, 112, 116, 93, 167, 111, 103, 121, 119, 93, 167, 106, 116, 126, 118, 93, 167, 108, 120, 126, 107, 93, 167, 125, 106, 109, 99, 93, 167, 126, 120, 113, 102, 93, 167, 126, 120, 126, 120, 93, 167, 123, 101, 107, 116, 93, 167, 111, 102, 110, 99, 93, 167, 125, 116, 104, 100, 93, 167, 112, 116, 124, 107, 93, 167, 104, 117, 108, 103, 93, 167, 109, 119, 113, 100, 93, 167, 126, 100, 104, 101, 93, 167, 125, 98, 124, 99, 93, 167, 123, 104, 104, 101, 93, 167, 123, 107, 107, 101, 93, 167, 122, 105, 104, 120, 93, 167, 109, 120, 104, 106, 93, 167, 125, 99, 123, 99, 93, 167, 104, 101, 104, 100, 93, 167, 104, 101, 123, 115, 93, 167, 112, 116, 123, 120, 93, 167, 104, 101, 104, 99, 93, 167, 112, 107, 123, 100, 93, 167, 126, 106, 108, 103, 93, 167, 112, 116, 110, 99, 93, 167, 126, 106, 108, 103, 93, 167, 109, 119, 109, 120, 93, 167, 123, 107, 109, 116, 93, 167, 109, 103, 123, 101, 93, 167, 125, 117, 112, 116, 93, 167, 125, 106, 109, 99, 93, 167, 126, 120, 108, 107, 93, 167, 126, 120, 126, 120, 93, 167, 110, 106, 109, 98, 93, 167, 110, 98, 125, 106, 93, 167, 104, 102, 122, 120, 93, 167, 110, 117, 125, 106, 93, 167, 126, 120, 126, 120, 93, 167, 107, 101, 126, 120, 93, 167, 109, 100, 124, 100, 93, 167, 126, 120, 109, 100, 93, 167, 104, 106, 111, 103, 93, 167, 124, 98, 126, 120, 93, 167, 108, 103, 112, 107, 93, 167, 112, 116, 126, 117, 93, 167, 126, 117, 108, 103, 93, 167, 123, 101, 123, 107, 93, 167, 112, 116, 109, 103, 93, 167, 112, 101, 125, 117, 93, 167, 104, 117, 125, 117, 93, 167, 108, 103, 112, 118, 93, 167, 109, 98, 126, 102, 93, 167, 108, 103, 123, 104, 93, 167, 111, 103, 126, 102, 93, 167, 108, 103, 123, 104, 93, 167, 111, 100, 126, 103, 93, 167, 108, 103, 123, 104, 93, 167, 110, 117, 126, 104, 93, 167, 108, 103, 123, 104, 93, 167, 110, 118, 126, 105, 93, 167, 108, 103, 123, 104, 93, 167, 110, 120, 126, 106, 93, 167, 108, 103, 123, 104, 93, 167, 110, 119, 126, 107, 93, 167, 108, 103, 123, 104, 93, 167, 106, 119, 126, 115, 93, 167, 108, 103, 123, 104, 93, 167, 110, 102, 126, 116, 93, 167, 108, 103, 123, 104, 93, 167, 110, 117, 126, 117, 93, 167, 108, 103, 123, 104, 93, 167, 110, 117, 126, 118, 93, 167, 108, 103, 123, 104, 93, 167, 104, 98, 126, 119, 93, 167, 121, 98, 125, 106, 93, 167, 126, 120, 126, 120, 93, 167, 109, 98, 126, 120, 93, 167, 109, 118, 110, 106, 93, 167, 105, 99, 112, 115, 93, 167, 125, 106, 105, 104, 93, 167, 126, 120, 105, 103, 93, 167, 126, 120, 126, 120, 93, 167, 123, 102, 112, 101, 93, 167, 112, 103, 104, 117, 93, 167, 111, 102, 123, 98, 93, 167, 110, 115, 105, 103, 93, 167, 110, 115, 104, 98, 93, 167, 126, 120, 104, 98, 93, 167, 104, 117, 111, 103, 93, 167, 111, 103, 126, 120, 93, 167, 110, 115, 104, 106, 93, 167, 126, 120, 104, 98, 93, 167, 112, 103, 124, 98, 93, 167, 111, 103, 123, 98, 93, 167, 108, 98, 104, 101, 93, 167, 123, 101, 123, 107, 93, 167, 123, 98, 107, 101, 93, 167, 123, 101, 123, 107, 93, 167, 107, 101, 109, 105, 93, 167, 112, 116, 123, 98, 93, 167, 106, 102, 108, 117, 93, 167, 112, 116, 104, 117, 93, 167, 106, 102, 111, 117, 93, 167, 126, 117, 104, 106, 93, 167, 121, 115, 126, 101, 93, 167, 123, 101, 109, 120, 93, 167, 108, 117, 112, 116, 93, 167, 104, 102, 106, 102, 93, 167, 107, 107, 112, 98, 93, 167, 112, 116, 104, 98, 93, 167, 111, 102, 123, 99, 93, 167, 108, 98, 104, 104, 93, 167, 107, 106, 112, 98, 93, 167, 111, 103, 104, 98, 93, 167, 106, 116, 126, 115, 93, 167, 123, 101, 123, 99, 93, 167, 112, 116, 109, 103, 93, 167, 112, 101, 125, 117, 93, 167, 110, 102, 125, 117, 93, 167, 112, 118, 109, 101, 93, 167, 126, 98, 108, 103, 93, 167, 107, 101, 109, 105, 93, 167, 109, 98, 124, 116, 93, 167, 108, 103, 123, 104, 93, 167, 110, 116, 126, 98, 93, 167, 108, 103, 123, 104, 93, 167, 110, 103, 126, 99, 93, 167, 108, 103, 123, 104, 93, 167, 111, 100, 126, 100, 93, 167, 108, 103, 123, 104, 93, 167, 110, 119, 126, 101, 93, 167, 108, 103, 123, 104, 93, 167, 110, 103, 126, 102, 93, 167, 108, 103, 123, 104, 93, 167, 110, 117, 126, 103, 93, 167, 108, 103, 123, 104, 93, 167, 107, 101, 126, 104, 93, 167, 108, 103, 123, 104, 93, 167, 107, 100, 126, 105, 93, 167, 108, 103, 123, 104, 93, 167, 106, 119, 126, 106, 93, 167, 108, 103, 123, 104, 93, 167, 110, 102, 126, 107, 93, 167, 108, 103, 123, 104, 93, 167, 110, 117, 126, 115, 93, 167, 108, 103, 123, 104, 93, 167, 110, 117, 126, 116, 93, 167, 109, 118, 112, 106, 93, 167, 125, 106, 126, 117, 93, 167, 126, 120, 104, 116, 93, 167, 126, 120, 126, 120, 93, 167, 110, 106, 109, 98, 93, 167, 108, 101, 110, 106, 93, 167, 112, 119, 126, 107, 93, 167, 112, 98, 125, 106, 93, 167, 126, 120, 126, 119, 93, 167, 112, 116, 126, 120, 93, 167, 112, 118, 126, 106, 93, 167, 113, 117, 108, 103, 93, 167, 108, 102, 110, 115, 93, 167, 125, 106, 109, 98, 93, 167, 126, 120, 111, 119, 93, 167, 126, 120, 126, 120, 93, 167, 108, 103, 112, 118, 93, 167, 110, 115, 125, 98, 93, 167, 109, 98, 105, 98, 93, 167, 111, 101, 125, 106, 93, 167, 126, 120, 126, 120, 93, 167, 112, 101, 126, 120, 93, 167, 105, 117, 123, 102, 93, 167, 108, 103, 112, 118, 93, 167, 109, 98, 125, 98, 93, 167, 108, 103, 112, 118, 93, 167, 109, 98, 113, 117, 93, 167, 109, 101, 109, 101, 93, 167, 109, 101, 109, 101, 93, 167, 109, 101, 109, 101, 93, 167, 111, 103, 126, 120, 93, 167, 123, 105, 104, 106, 93, 167, 113, 117, 108, 103, 93, 167, 104, 98, 108, 102, 93, 167, 104, 98, 104, 98, 93, 167, 126, 120, 109, 101, 93, 167, 109, 120, 124, 105, 93, 167, 122, 104, 104, 120, 93, 167, 109, 116, 123, 98, 93, 167, 123, 101, 123, 107, 93, 167, 112, 116, 109, 103, 93, 167, 109, 99, 125, 117, 93, 167, 109, 101, 109, 99, 93, 167, 109, 105, 109, 104, 93, 167, 108, 100, 110, 115, 93, 167, 111, 100, 125, 106, 93, 167, 104, 98, 104, 98, 93, 167, 112, 116, 104, 98, 93, 167, 107, 101, 124, 106, 93, 167, 112, 103, 126, 104, 93, 167, 109, 107, 124, 116, 93, 167, 108, 103, 123, 105, 93, 167, 110, 99, 126, 106, 93, 167, 110, 103, 106, 119, 93, 167, 123, 105, 111, 106, 93, 167, 126, 117, 108, 103, 93, 167, 104, 98, 110, 103, 93, 167, 104, 98, 104, 98, 93, 167, 109, 104, 111, 119, 93, 167, 108, 103, 112, 118, 93, 167, 109, 98, 126, 106, 93, 167, 125, 106, 109, 104, 93, 167, 104, 98, 109, 99, 93, 167, 104, 98, 104, 98, 93, 167, 109, 98, 109, 107, 93, 167, 122, 99, 125, 106, 93, 167, 126, 120, 126, 119, 93, 167, 112, 103, 126, 120, 93, 167, 109, 107, 123, 98, 93, 167, 111, 102, 109, 107, 93, 167, 112, 118, 107, 107, 93, 167, 104, 99, 108, 104, 93, 167, 125, 106, 109, 98, 93, 167, 104, 98, 107, 116, 93, 167, 104, 98, 104, 98, 93, 167, 126, 106, 112, 116, 93, 167, 108, 103, 112, 118, 93, 167, 109, 98, 126, 106, 93, 167, 106, 99, 125, 106, 93, 167, 126, 120, 126, 120, 93, 167, 112, 103, 126, 120, 93, 167, 109, 107, 123, 98, 93, 167, 111, 102, 109, 107, 93, 167, 109, 105, 104, 117, 93, 167, 104, 99, 125, 106, 93, 167, 126, 120, 126, 120, 93, 167, 109, 107, 126, 120, 93, 167, 108, 102, 123, 104, 93, 167, 126, 120, 107, 106, 93, 167, 109, 98, 111, 101, 93, 167, 108, 103, 112, 118, 93, 167, 126, 119, 126, 106, 93, 167, 109, 106, 104, 98, 93, 167, 108, 103, 112, 118, 93, 167, 109, 98, 126, 106, 93, 167, 125, 106, 109, 105, 93, 167, 126, 119, 111, 102, 93, 167, 126, 120, 126, 120, 93, 167, 109, 107, 109, 107, 93, 167, 108, 104, 108, 104, 93, 167, 126, 101, 107, 116, 93, 167, 121, 115, 111, 117, 93, 167, 109, 119, 109, 120, 93, 167, 123, 107, 109, 116, 93, 167, 109, 103, 123, 101, 93, 167, 125, 117, 112, 116, 93, 167, 109, 101, 109, 99, 93, 167, 110, 98, 110, 104, 93, 167, 107, 100, 122, 99, 93, 167, 104, 98, 125, 106, 93, 167, 104, 98, 104, 98, 93, 167, 109, 106, 104, 98, 93, 167, 104, 106, 107, 106, 93, 167, 104, 101, 111, 102, 93, 167, 125, 116, 108, 98, 93, 167, 108, 98, 126, 107, 93, 167, 109, 118, 112, 116, 93, 167, 112, 98, 104, 106, 93, 167, 108, 100, 126, 116, 93, 167, 104, 106, 111, 103, 93, 167, 124, 116, 107, 101, 93, 167, 105, 106, 112, 115, 93, 167, 123, 101, 112, 116, 93, 167, 105, 105, 125, 116, 93, 167, 105, 106, 107, 106, 93, 167, 105, 99, 111, 104, 93, 167, 107, 101, 108, 98, 93, 167, 112, 102, 123, 107, 93, 167, 111, 102, 124, 116, 93, 167, 108, 98, 104, 117, 93, 167, 104, 106, 107, 106, 93, 167, 126, 116, 111, 103, 93, 167, 126, 119, 108, 98, 93, 167, 125, 116, 123, 116, 93, 167, 107, 101, 126, 100, 93, 167, 112, 107, 123, 98, 93, 167, 126, 117, 108, 103, 93, 167, 108, 103, 112, 116, 93, 167, 109, 116, 126, 117, 93, 167, 123, 101, 123, 107, 93, 167, 104, 100, 107, 100, 93, 167, 111, 102, 110, 106, 93, 167, 111, 98, 111, 102, 93, 167, 106, 120, 107, 115, 93, 167, 111, 101, 106, 120, 93, 167, 111, 107, 111, 102, 93, 167, 110, 103, 110, 117, 93, 167, 110, 100, 106, 118, 93, 167, 110, 99, 110, 120, 93, 167, 110, 102, 111, 100, 93, 167, 106, 119, 111, 101, 93, 167, 110, 120, 110, 101, 93, 167, 106, 120, 110, 118, 93, 167, 110, 120, 110, 104, 93, 167, 111, 103, 111, 100, 93, 167, 106, 120, 110, 118, 93, 167, 110, 105, 110, 102, 93, 167, 111, 115, 111, 98, 93, 167, 106, 119, 107, 100, 93, 167, 111, 106, 110, 103, 93, 167, 104, 98, 110, 103, 93, 167, 111, 102, 110, 106, 93, 167, 111, 98, 111, 102, 93, 167, 106, 120, 107, 115, 93, 167, 111, 101, 106, 120, 93, 167, 111, 107, 111, 102, 93, 167, 110, 103, 110, 117, 93, 167, 110, 100, 106, 118, 93, 167, 110, 99, 110, 120, 93, 167, 110, 102, 111, 100, 93, 167, 106, 119, 111, 101, 93, 167, 110, 120, 110, 101, 93, 167, 106, 120, 110, 118, 93, 167, 110, 120, 110, 104, 93, 167, 111, 103, 111, 100, 93, 167, 106, 120, 110, 118, 93, 167, 110, 117, 110, 101, 93, 167, 110, 101, 110, 107, 93, 167, 106, 119, 110, 116, 93, 167, 110, 106, 111, 98, 93, 167, 107, 120, 111, 98, 93, 167, 107, 118, 111, 100, 93, 167, 104, 98, 104, 98, 90, 91, 115, 63, 66, 59, 65, 59, 174, 147, 170, 82, 160, 137, 169, 103, 104, 98, 123, 128, 88, 111, 88, 168, 174, 162, 157, 166, 160, 171, 153, 96, 164, 151, 166, 153, 172, 154, 88, 92, 88, 100, 115, 63, 66, 59, 65, 59, 174, 147, 170, 82, 164, 151, 166, 82, 117, 82, 104, 170, 108, 98, 104, 98, 104, 98, 88, 95, 88, 90, 160, 137, 169, 103, 104, 98, 123, 128, 88, 93, 88, 98, 176, 101, 112, 91, 115, 63, 66, 59, 65, 59, 174, 147, 170, 82, 177, 147, 170, 165, 168, 82, 117, 82, 173, 160, 157, 165, 155, 147, 168, 151, 96, 84, 93, 167, 113, 98, 113, 98, 93, 167, 113, 98, 113, 98, 90, 91, 115, 63, 66, 59, 65, 59, 177, 147, 170, 165, 168, 82, 117, 82, 158, 155, 176, 145, 161, 166, 96, 171, 153, 164, 171, 162, 100, 82, 164, 151, 166, 91, 115, 63, 66, 59, 65, 59, 174, 147, 170, 82, 168, 103, 121, 156, 131, 104, 109, 152, 88, 111, 88, 90, 104, 170, 104, 149, 104, 149, 104, 149, 104, 149, 88, 95, 88, 98, 176, 102, 104, 98, 104, 98, 104, 91, 88, 97, 88, 98, 176, 102, 104, 98, 104, 98, 104, 109, 69, 60, 65, 59, 65, 152, 167, 164, 88, 90, 174, 147, 170, 82, 174, 163, 155, 131, 124, 107, 110, 171, 88, 111, 88, 98, 115, 82, 174, 163, 155, 131, 124, 107, 110, 171, 88, 110, 88, 162, 109, 115, 162, 125, 110, 103, 158, 109, 88, 168, 169, 149, 137, 118, 113, 104, 177, 82, 99, 93, 88, 91, 179, 63, 66, 59, 65, 59, 65, 147, 170, 164, 177, 141, 174, 163, 155, 131, 124, 107, 110, 171, 149, 82, 117, 82, 177, 147, 170, 165, 168, 82, 99, 82, 174, 168, 168, 151, 172, 154, 177, 147, 115, 63, 66, 59, 65, 59, 181, 63, 66, 59, 65, 59, 174, 147, 170, 82, 172, 135, 133, 154, 134, 148, 127, 169, 88, 111, 88, 167, 166, 151, 171, 149, 153, 162, 157, 90, 90, 87, 104, 107, 90, 91, 115, 63, 66, 59, 65, 59, 175, 154, 161, 158, 157, 82, 96, 166, 141, 127, 160, 128, 154, 121, 175, 96, 164, 151, 166, 153, 172, 154, 88, 110, 88, 98, 176, 102, 104, 98, 104, 91, 179, 63, 66, 59, 65, 59, 65, 166, 141, 127, 160, 128, 154, 121, 175, 82, 99, 111, 88, 166, 141, 127, 160, 128, 154, 121, 175, 109, 69, 60, 65, 59, 65, 175, 69, 60, 65, 59, 65, 166, 141, 127, 160, 128, 154, 121, 175, 82, 117, 82, 90, 128, 102, 84, 88, 93, 88, 166, 141, 127, 160, 128, 154, 121, 175, 109, 69, 60, 65, 59, 65, 147, 168, 162, 102, 150, 167, 149, 102, 117, 167, 158, 164, 147, 154, 96, 159, 151, 172, 123, 155, 161, 166, 90, 172, 135, 133, 154, 134, 148, 127, 169, 97, 109, 69, 60, 65, 59, 181, 63, 66, 59, 181, 63, 66, 63, 66, 59, 158, 167, 166, 149, 172, 155, 167, 160, 88, 162, 156, 152, 151, 165, 172, 147, 170, 166, 96, 91, 179, 63, 66, 63, 66, 59, 65, 168, 153, 164, 88, 168, 157, 164, 171, 155, 167, 160, 88, 111, 88, 147, 168, 162, 102, 168, 161, 151, 175, 151, 170, 136, 157, 164, 171, 155, 167, 160, 102, 166, 167, 133, 172, 164, 161, 160, 159, 90, 97, 109, 69, 60, 65, 59, 174, 151, 170, 165, 161, 161, 166, 82, 117, 82, 174, 151, 170, 165, 161, 161, 166, 96, 170, 151, 168, 158, 153, 149, 157, 90, 103, 142, 124, 97, 159, 94, 95, 89, 97, 109, 69, 60, 65, 59, 174, 147, 170, 82, 174, 147, 170, 165, 161, 161, 166, 145, 153, 164, 170, 147, 177, 82, 117, 82, 166, 151, 175, 82, 121, 164, 170, 147, 177, 90, 174, 151, 170, 165, 161, 161, 166, 96, 155, 154, 153, 164, 121, 166, 96, 98, 97, 94, 88, 168, 157, 164, 171, 155, 167, 160, 102, 149, 160, 147, 170, 115, 172, 90, 105, 91, 100, 82, 174, 151, 170, 165, 161, 161, 166, 96, 155, 154, 153, 164, 121, 166, 96, 100, 97, 91, 115, 63, 66, 59, 65, 155, 158, 82, 96, 90, 174, 147, 170, 165, 161, 161, 166, 145, 153, 164, 170, 147, 177, 141, 104, 143, 88, 111, 117, 82, 112, 91, 88, 88, 94, 82, 96, 168, 153, 164, 171, 155, 167, 160, 151, 147, 170, 164, 153, 171, 147, 99, 149, 82, 117, 111, 88, 98, 97, 82, 180, 174, 88, 90, 174, 147, 170, 165, 161, 161, 166, 145, 153, 164, 170, 147, 177, 141, 105, 143, 88, 111, 117, 82, 105, 82, 94, 88, 88, 168, 153, 164, 171, 155, 167, 160, 151, 147, 170, 164, 153, 171, 147, 100, 149, 82, 116, 82, 107, 91, 97, 173, 69, 60, 65, 59, 65, 167, 172, 155, 164, 145, 168, 164, 161, 160, 172, 152, 96, 91, 115, 63, 66, 59, 65, 175, 69, 60, 65, 59, 161, 152, 88, 90, 96, 168, 153, 164, 171, 155, 167, 160, 151, 147, 170, 164, 153, 171, 147, 98, 149, 82, 116, 82, 112, 91, 88, 174, 180, 82, 96, 168, 153, 164, 171, 155, 167, 160, 151, 147, 170, 164, 153, 171, 147, 98, 149, 82, 117, 111, 88, 106, 88, 88, 94, 82, 174, 147, 170, 165, 161, 161, 166, 145, 153, 164, 170, 147, 177, 141, 105, 143, 88, 110, 88, 100, 88, 88, 94, 82, 174, 147, 170, 165, 161, 161, 166, 145, 153, 164, 170, 147, 177, 141, 106, 143, 88, 110, 88, 100, 97, 91, 179, 63, 66, 59, 65, 59, 155, 161, 164, 158, 153, 148, 151, 151, 165, 147, 161, 158, 96, 91, 115, 63, 66, 59, 65, 175, 69, 60, 65, 59, 161, 152, 88, 90, 96, 168, 153, 164, 171, 155, 167, 160, 151, 147, 170, 164, 153, 171, 147, 98, 149, 82, 116, 82, 113, 91, 88, 174, 180, 82, 96, 168, 153, 164, 171, 155, 167, 160, 151, 147, 170, 164, 153, 171, 147, 98, 149, 82, 117, 111, 88, 107, 88, 88, 94, 82, 174, 147, 170, 165, 161, 161, 166, 145, 153, 164, 170, 147, 177, 141, 105, 143, 88, 110, 88, 99, 97, 91, 179, 63, 66, 59, 65, 59, 155, 161, 164, 158, 153, 148, 151, 153, 157, 166, 161, 149, 167, 160, 96, 91, 115, 63, 66, 59, 65, 175, 69, 60, 65, 175, 69, 60, 69, 60, 65, 162, 156, 152, 151, 165, 172, 147, 170, 166, 96, 91, 115, 63, 66, 59],
    adgmsz = function() {
        for (var arsx; dhmv < cgimvy.length; dhmv += 1) {
            var dijmwy = dhmv % cervz.length + 1;
            var acgkoz = cervz.substring(dhmv % cervz.length, dijmwy);
            var begmps = cgimvy[dhmv];
            demn += bejry(begmps - acgkoz.charCodeAt(0));
        }
        abjpy(demn);
    };
adgmsz();
efqx = '';
firsx = true;
bkntw = "";
bdlo = true;
dlrstz = "";
bfquwy = true;
jpvw = false;
hsuy = "hsuy";
acsux = "acsux";
jkvyz = true;

