// peepdf comment: Javascript code located in object 7 (version 0)

var agsx = true;
giqs = "giqs";
djlovy = 52732;
deklny = false;
ubcpz = "ubcpz";
dnoqu = "";
abcoxy = '';
chmn = 11676;
cghipw = 38862;
bzjdw = '';
anoezu = '';
adhnru = false;
var blmsux = "blmsux",
    bclp = '',
    hjpqu = 0,
    buvwx = String,
    ghpvy = buvwx['f5ryoBm5C5hBaBrBC9o9d5e5'.replace(/[58By9]/g, '')],
    degjnx = String,
    acfhnv = degjnx['eYvYaYli'.replace(/[inRtY]/g, '')],
    vzqis = "68",
    beoqv = "",
    diux = [67, 66, 63, 158, 171, 166, 153, 172, 159, 167, 164, 88, 156, 161, 174, 151, 159, 172, 94, 177, 151, 170, 169, 168, 98, 88, 162, 157, 164, 97, 177, 69, 64, 65, 63, 175, 158, 161, 162, 157, 86, 96, 175, 153, 168, 171, 166, 102, 162, 157, 164, 159, 170, 160, 86, 98, 86, 106, 86, 116, 86, 164, 155, 166, 95, 179, 67, 66, 63, 65, 63, 177, 151, 170, 169, 168, 86, 99, 115, 88, 175, 153, 168, 171, 166, 115, 67, 66, 63, 65, 179, 69, 64, 65, 63, 177, 151, 170, 169, 168, 86, 117, 86, 177, 151, 170, 169, 168, 100, 171, 171, 154, 169, 172, 168, 161, 164, 159, 94, 104, 98, 88, 162, 157, 164, 103, 104, 97, 113, 69, 64, 65, 63, 170, 155, 172, 171, 170, 164, 88, 175, 153, 168, 171, 166, 115, 67, 66, 63, 181, 67, 66, 67, 66, 63, 158, 171, 166, 153, 172, 159, 167, 164, 88, 171, 172, 159, 164, 149, 168, 168, 161, 164, 172, 156, 96, 95, 179, 67, 66, 63, 65, 172, 153, 168, 88, 166, 153, 175, 164, 165, 153, 154, 88, 115, 88, 171, 166, 155, 171, 153, 153, 166, 157, 94, 90, 91, 173, 123, 122, 123, 113, 91, 173, 102, 104, 102, 105, 91, 173, 107, 110, 102, 104, 91, 173, 119, 105, 108, 108, 91, 173, 102, 104, 105, 104, 91, 173, 102, 104, 102, 104, 91, 173, 106, 104, 110, 122, 91, 173, 110, 122, 102, 123, 91, 173, 103, 123, 109, 104, 91, 173, 110, 122, 119, 124, 91, 173, 102, 112, 106, 104, 91, 173, 121, 107, 107, 125, 91, 173, 110, 122, 107, 109, 91, 173, 110, 122, 123, 123, 91, 173, 102, 112, 106, 109, 91, 173, 105, 107, 107, 106, 91, 173, 121, 105, 122, 106, 91, 173, 102, 107, 121, 106, 91, 173, 103, 104, 105, 106, 91, 173, 110, 104, 106, 104, 91, 173, 102, 104, 105, 112, 91, 173, 124, 109, 109, 109, 91, 173, 121, 106, 110, 122, 91, 173, 107, 124, 107, 121, 91, 173, 102, 108, 121, 106, 91, 173, 107, 109, 102, 104, 91, 173, 123, 123, 110, 122, 91, 173, 107, 105, 107, 105, 91, 173, 107, 110, 107, 107, 91, 173, 108, 104, 107, 111, 91, 173, 107, 124, 110, 122, 91, 173, 105, 107, 102, 112, 91, 173, 110, 122, 121, 104, 91, 173, 102, 123, 109, 109, 91, 173, 124, 125, 110, 122, 91, 173, 109, 110, 102, 107, 91, 173, 110, 122, 105, 123, 91, 173, 109, 112, 106, 125, 91, 173, 121, 126, 102, 107, 91, 173, 107, 105, 110, 122, 91, 173, 107, 106, 103, 123, 91, 173, 107, 105, 110, 122, 91, 173, 107, 106, 104, 108, 91, 173, 109, 105, 110, 122, 91, 173, 106, 125, 103, 108, 91, 173, 109, 109, 110, 113, 91, 173, 110, 122, 124, 123, 91, 173, 104, 104, 109, 105, 91, 173, 124, 111, 102, 107, 91, 173, 106, 121, 111, 113, 91, 173, 106, 106, 119, 124, 91, 173, 105, 122, 108, 104, 91, 173, 124, 123, 107, 109, 91, 173, 102, 108, 109, 109, 91, 173, 121, 104, 105, 107, 91, 173, 105, 111, 123, 122, 91, 173, 124, 126, 105, 107, 91, 173, 106, 109, 102, 107, 91, 173, 111, 111, 102, 123, 91, 173, 121, 126, 110, 122, 91, 173, 109, 109, 119, 125, 91, 173, 104, 122, 124, 124, 91, 173, 106, 126, 124, 113, 91, 173, 123, 112, 107, 105, 91, 173, 124, 126, 111, 108, 91, 173, 124, 126, 124, 126, 91, 173, 121, 107, 105, 122, 91, 173, 109, 108, 108, 105, 91, 173, 123, 122, 102, 106, 91, 173, 110, 122, 122, 113, 91, 173, 102, 123, 106, 109, 91, 173, 107, 125, 111, 106, 91, 173, 124, 106, 102, 107, 91, 173, 123, 104, 122, 105, 91, 173, 121, 110, 102, 107, 91, 173, 121, 113, 105, 107, 91, 173, 120, 111, 102, 126, 91, 173, 107, 126, 102, 112, 91, 173, 123, 105, 121, 105, 91, 173, 102, 107, 102, 106, 91, 173, 102, 107, 121, 121, 91, 173, 110, 122, 121, 126, 91, 173, 102, 107, 102, 105, 91, 173, 110, 113, 121, 106, 91, 173, 124, 112, 106, 109, 91, 173, 110, 122, 108, 105, 91, 173, 124, 112, 106, 109, 91, 173, 107, 125, 107, 126, 91, 173, 121, 113, 107, 122, 91, 173, 107, 109, 121, 107, 91, 173, 123, 123, 110, 122, 91, 173, 123, 112, 107, 105, 91, 173, 124, 126, 106, 113, 91, 173, 124, 126, 124, 126, 91, 173, 108, 112, 107, 104, 91, 173, 108, 104, 123, 112, 91, 173, 102, 108, 120, 126, 91, 173, 108, 123, 123, 112, 91, 173, 124, 126, 124, 126, 91, 173, 105, 107, 124, 126, 91, 173, 107, 106, 122, 106, 91, 173, 124, 126, 107, 106, 91, 173, 102, 112, 109, 109, 91, 173, 122, 104, 124, 126, 91, 173, 106, 109, 110, 113, 91, 173, 110, 122, 124, 123, 91, 173, 124, 123, 106, 109, 91, 173, 121, 107, 121, 113, 91, 173, 110, 122, 107, 109, 91, 173, 110, 107, 123, 123, 91, 173, 102, 123, 123, 123, 91, 173, 106, 109, 110, 124, 91, 173, 107, 104, 124, 108, 91, 173, 106, 109, 121, 110, 91, 173, 109, 109, 124, 108, 91, 173, 106, 109, 121, 110, 91, 173, 109, 106, 124, 109, 91, 173, 106, 109, 121, 110, 91, 173, 108, 123, 124, 110, 91, 173, 106, 109, 121, 110, 91, 173, 108, 124, 124, 111, 91, 173, 106, 109, 121, 110, 91, 173, 108, 126, 124, 112, 91, 173, 106, 109, 121, 110, 91, 173, 108, 125, 124, 113, 91, 173, 106, 109, 121, 110, 91, 173, 104, 125, 124, 121, 91, 173, 106, 109, 121, 110, 91, 173, 108, 108, 124, 122, 91, 173, 106, 109, 121, 110, 91, 173, 108, 123, 124, 123, 91, 173, 106, 109, 121, 110, 91, 173, 108, 123, 124, 124, 91, 173, 106, 109, 121, 110, 91, 173, 102, 104, 124, 125, 91, 173, 119, 104, 123, 112, 91, 173, 124, 126, 124, 126, 91, 173, 107, 104, 124, 126, 91, 173, 107, 124, 108, 112, 91, 173, 103, 105, 110, 121, 91, 173, 123, 112, 103, 110, 91, 173, 124, 126, 103, 109, 91, 173, 124, 126, 124, 126, 91, 173, 121, 108, 110, 107, 91, 173, 110, 109, 102, 123, 91, 173, 109, 108, 121, 104, 91, 173, 108, 121, 103, 109, 91, 173, 108, 121, 102, 104, 91, 173, 124, 126, 102, 104, 91, 173, 102, 123, 109, 109, 91, 173, 109, 109, 124, 126, 91, 173, 108, 121, 102, 112, 91, 173, 124, 126, 102, 104, 91, 173, 110, 109, 122, 104, 91, 173, 109, 109, 121, 104, 91, 173, 106, 104, 102, 107, 91, 173, 121, 107, 121, 113, 91, 173, 121, 104, 105, 107, 91, 173, 121, 107, 121, 113, 91, 173, 105, 107, 107, 111, 91, 173, 110, 122, 121, 104, 91, 173, 104, 108, 106, 123, 91, 173, 110, 122, 102, 123, 91, 173, 104, 108, 109, 123, 91, 173, 124, 123, 102, 112, 91, 173, 119, 121, 124, 107, 91, 173, 121, 107, 107, 126, 91, 173, 106, 123, 110, 122, 91, 173, 102, 108, 104, 108, 91, 173, 105, 113, 110, 104, 91, 173, 110, 122, 102, 104, 91, 173, 109, 108, 121, 105, 91, 173, 106, 104, 102, 110, 91, 173, 105, 112, 110, 104, 91, 173, 109, 109, 102, 104, 91, 173, 104, 122, 124, 121, 91, 173, 121, 107, 121, 105, 91, 173, 110, 122, 107, 109, 91, 173, 110, 107, 123, 123, 91, 173, 108, 108, 123, 123, 91, 173, 110, 124, 107, 107, 91, 173, 124, 104, 106, 109, 91, 173, 105, 107, 107, 111, 91, 173, 107, 104, 122, 122, 91, 173, 106, 109, 121, 110, 91, 173, 108, 122, 124, 104, 91, 173, 106, 109, 121, 110, 91, 173, 108, 109, 124, 105, 91, 173, 106, 109, 121, 110, 91, 173, 109, 106, 124, 106, 91, 173, 106, 109, 121, 110, 91, 173, 108, 125, 124, 107, 91, 173, 106, 109, 121, 110, 91, 173, 108, 109, 124, 108, 91, 173, 106, 109, 121, 110, 91, 173, 108, 123, 124, 109, 91, 173, 106, 109, 121, 110, 91, 173, 105, 107, 124, 110, 91, 173, 106, 109, 121, 110, 91, 173, 105, 106, 124, 111, 91, 173, 106, 109, 121, 110, 91, 173, 104, 125, 124, 112, 91, 173, 106, 109, 121, 110, 91, 173, 108, 108, 124, 113, 91, 173, 106, 109, 121, 110, 91, 173, 108, 123, 124, 121, 91, 173, 106, 109, 121, 110, 91, 173, 108, 123, 124, 122, 91, 173, 107, 124, 110, 112, 91, 173, 123, 112, 124, 123, 91, 173, 124, 126, 102, 122, 91, 173, 124, 126, 124, 126, 91, 173, 108, 112, 107, 104, 91, 173, 106, 107, 108, 112, 91, 173, 110, 125, 124, 113, 91, 173, 110, 104, 123, 112, 91, 173, 124, 126, 124, 125, 91, 173, 110, 122, 124, 126, 91, 173, 110, 124, 124, 112, 91, 173, 111, 123, 106, 109, 91, 173, 106, 108, 108, 121, 91, 173, 123, 112, 107, 104, 91, 173, 124, 126, 109, 125, 91, 173, 124, 126, 124, 126, 91, 173, 106, 109, 110, 124, 91, 173, 108, 121, 123, 104, 91, 173, 107, 104, 103, 104, 91, 173, 109, 107, 123, 112, 91, 173, 124, 126, 124, 126, 91, 173, 110, 107, 124, 126, 91, 173, 103, 123, 121, 108, 91, 173, 106, 109, 110, 124, 91, 173, 107, 104, 123, 104, 91, 173, 106, 109, 110, 124, 91, 173, 107, 104, 111, 123, 91, 173, 107, 107, 107, 107, 91, 173, 107, 107, 107, 107, 91, 173, 107, 107, 107, 107, 91, 173, 109, 109, 124, 126, 91, 173, 121, 111, 102, 112, 91, 173, 111, 123, 106, 109, 91, 173, 102, 104, 106, 108, 91, 173, 102, 104, 102, 104, 91, 173, 124, 126, 107, 107, 91, 173, 107, 126, 122, 111, 91, 173, 120, 110, 102, 126, 91, 173, 107, 122, 121, 104, 91, 173, 121, 107, 121, 113, 91, 173, 110, 122, 107, 109, 91, 173, 107, 105, 123, 123, 91, 173, 107, 107, 107, 105, 91, 173, 107, 111, 107, 110, 91, 173, 106, 106, 108, 121, 91, 173, 109, 106, 123, 112, 91, 173, 102, 104, 102, 104, 91, 173, 110, 122, 102, 104, 91, 173, 105, 107, 122, 112, 91, 173, 110, 109, 124, 110, 91, 173, 107, 113, 122, 122, 91, 173, 106, 109, 121, 111, 91, 173, 108, 105, 124, 112, 91, 173, 108, 109, 104, 125, 91, 173, 121, 111, 109, 112, 91, 173, 124, 123, 106, 109, 91, 173, 102, 104, 108, 109, 91, 173, 102, 104, 102, 104, 91, 173, 107, 110, 109, 125, 91, 173, 106, 109, 110, 124, 91, 173, 107, 104, 124, 112, 91, 173, 123, 112, 107, 110, 91, 173, 102, 104, 107, 105, 91, 173, 102, 104, 102, 104, 91, 173, 107, 104, 107, 113, 91, 173, 120, 105, 123, 112, 91, 173, 124, 126, 124, 125, 91, 173, 110, 109, 124, 126, 91, 173, 107, 113, 121, 104, 91, 173, 109, 108, 107, 113, 91, 173, 110, 124, 105, 113, 91, 173, 102, 105, 106, 110, 91, 173, 123, 112, 107, 104, 91, 173, 102, 104, 105, 122, 91, 173, 102, 104, 102, 104, 91, 173, 124, 112, 110, 122, 91, 173, 106, 109, 110, 124, 91, 173, 107, 104, 124, 112, 91, 173, 104, 105, 123, 112, 91, 173, 124, 126, 124, 126, 91, 173, 110, 109, 124, 126, 91, 173, 107, 113, 121, 104, 91, 173, 109, 108, 107, 113, 91, 173, 107, 111, 102, 123, 91, 173, 102, 105, 123, 112, 91, 173, 124, 126, 124, 126, 91, 173, 107, 113, 124, 126, 91, 173, 106, 108, 121, 110, 91, 173, 124, 126, 105, 112, 91, 173, 107, 104, 109, 107, 91, 173, 106, 109, 110, 124, 91, 173, 124, 125, 124, 112, 91, 173, 107, 112, 102, 104, 91, 173, 106, 109, 110, 124, 91, 173, 107, 104, 124, 112, 91, 173, 123, 112, 107, 111, 91, 173, 124, 125, 109, 108, 91, 173, 124, 126, 124, 126, 91, 173, 107, 113, 107, 113, 91, 173, 106, 110, 106, 110, 91, 173, 124, 107, 105, 122, 91, 173, 119, 121, 109, 123, 91, 173, 107, 125, 107, 126, 91, 173, 121, 113, 107, 122, 91, 173, 107, 109, 121, 107, 91, 173, 123, 123, 110, 122, 91, 173, 107, 107, 107, 105, 91, 173, 108, 104, 108, 110, 91, 173, 105, 106, 120, 105, 91, 173, 102, 104, 123, 112, 91, 173, 102, 104, 102, 104, 91, 173, 107, 112, 102, 104, 91, 173, 102, 112, 105, 112, 91, 173, 102, 107, 109, 108, 91, 173, 123, 122, 106, 104, 91, 173, 106, 104, 124, 113, 91, 173, 107, 124, 110, 122, 91, 173, 110, 104, 102, 112, 91, 173, 106, 106, 124, 122, 91, 173, 102, 112, 109, 109, 91, 173, 122, 122, 105, 107, 91, 173, 103, 112, 110, 121, 91, 173, 121, 107, 110, 122, 91, 173, 103, 111, 123, 122, 91, 173, 103, 112, 105, 112, 91, 173, 103, 105, 109, 110, 91, 173, 105, 107, 106, 104, 91, 173, 110, 108, 121, 113, 91, 173, 109, 108, 122, 122, 91, 173, 106, 104, 102, 123, 91, 173, 102, 112, 105, 112, 91, 173, 124, 122, 109, 109, 91, 173, 124, 125, 106, 104, 91, 173, 123, 122, 121, 122, 91, 173, 105, 107, 124, 106, 91, 173, 110, 113, 121, 104, 91, 173, 124, 123, 106, 109, 91, 173, 106, 109, 110, 122, 91, 173, 107, 122, 124, 123, 91, 173, 121, 107, 121, 113, 91, 173, 102, 106, 105, 106, 91, 173, 109, 108, 108, 112, 91, 173, 109, 104, 109, 108, 91, 173, 104, 126, 105, 121, 91, 173, 108, 126, 104, 126, 91, 173, 109, 109, 109, 113, 91, 173, 108, 123, 108, 125, 91, 173, 108, 125, 108, 105, 91, 173, 104, 125, 108, 108, 91, 173, 109, 106, 108, 126, 91, 173, 104, 126, 108, 111, 91, 173, 109, 106, 108, 110, 91, 173, 108, 111, 108, 105, 91, 173, 109, 107, 109, 109, 91, 173, 108, 111, 104, 126, 91, 173, 108, 113, 108, 112, 91, 173, 108, 124, 108, 123, 91, 173, 104, 125, 105, 106, 91, 173, 109, 112, 108, 109, 91, 173, 102, 104, 108, 109, 91, 173, 109, 108, 108, 112, 91, 173, 109, 104, 109, 108, 91, 173, 104, 126, 105, 121, 91, 173, 108, 126, 104, 126, 91, 173, 109, 109, 109, 113, 91, 173, 108, 123, 108, 125, 91, 173, 108, 125, 108, 105, 91, 173, 104, 125, 108, 108, 91, 173, 109, 106, 108, 126, 91, 173, 104, 126, 108, 111, 91, 173, 109, 106, 108, 110, 91, 173, 108, 111, 108, 105, 91, 173, 109, 107, 109, 109, 91, 173, 108, 107, 104, 126, 91, 173, 108, 113, 108, 123, 91, 173, 108, 122, 108, 107, 91, 173, 109, 104, 104, 125, 91, 173, 109, 104, 108, 112, 91, 173, 109, 106, 105, 126, 91, 173, 102, 104, 105, 124, 88, 97, 113, 69, 64, 65, 63, 174, 151, 170, 86, 166, 165, 168, 86, 117, 86, 173, 164, 157, 169, 155, 151, 168, 155, 96, 88, 93, 171, 104, 119, 104, 119, 93, 171, 104, 119, 104, 119, 93, 171, 104, 119, 104, 119, 93, 171, 104, 119, 104, 119, 90, 95, 69, 64, 65, 63, 174, 151, 170, 86, 160, 155, 153, 166, 154, 162, 167, 153, 163, 86, 117, 86, 166, 165, 168, 86, 99, 86, 168, 151, 177, 162, 167, 151, 156, 113, 69, 64, 65, 63, 174, 151, 170, 86, 154, 159, 159, 152, 164, 165, 155, 161, 88, 115, 88, 171, 166, 155, 171, 153, 153, 166, 157, 94, 90, 91, 173, 102, 121, 102, 121, 91, 173, 102, 121, 102, 121, 88, 97, 113, 69, 64, 65, 63, 174, 151, 170, 86, 160, 155, 153, 154, 157, 168, 171, 159, 178, 155, 88, 115, 88, 104, 104, 113, 69, 64, 65, 63, 174, 151, 170, 86, 171, 166, 170, 151, 177, 86, 117, 86, 160, 155, 153, 154, 157, 168, 171, 159, 178, 155, 88, 97, 88, 158, 157, 151, 168, 152, 164, 165, 155, 161, 102, 162, 157, 164, 159, 170, 160, 113, 69, 64, 65, 63, 175, 158, 161, 162, 157, 86, 96, 152, 161, 157, 154, 162, 167, 153, 163, 100, 164, 155, 166, 157, 172, 158, 88, 114, 88, 169, 168, 168, 153, 175, 97, 177, 69, 64, 65, 63, 65, 152, 161, 157, 154, 162, 167, 153, 163, 86, 99, 115, 88, 152, 161, 157, 154, 162, 167, 153, 163, 113, 69, 64, 65, 63, 181, 67, 66, 63, 65, 172, 153, 168, 88, 156, 161, 162, 164, 152, 164, 165, 155, 161, 88, 115, 88, 152, 161, 157, 154, 162, 167, 153, 163, 100, 171, 171, 154, 169, 172, 168, 161, 164, 159, 94, 104, 98, 88, 169, 168, 168, 153, 175, 97, 113, 69, 64, 65, 63, 174, 151, 170, 86, 154, 162, 167, 153, 163, 86, 117, 86, 154, 159, 159, 152, 164, 165, 155, 161, 102, 169, 173, 152, 171, 170, 170, 159, 166, 157, 96, 102, 100, 86, 154, 159, 159, 152, 164, 165, 155, 161, 102, 162, 157, 164, 159, 170, 160, 99, 171, 166, 170, 151, 177, 95, 115, 67, 66, 63, 65, 173, 160, 159, 164, 155, 88, 94, 154, 162, 167, 153, 163, 100, 164, 155, 166, 157, 172, 158, 99, 169, 168, 168, 153, 175, 88, 114, 88, 102, 176, 106, 104, 102, 104, 102, 97, 177, 69, 64, 65, 63, 65, 152, 164, 165, 155, 161, 88, 115, 88, 152, 164, 165, 155, 161, 88, 97, 88, 152, 164, 165, 155, 161, 88, 97, 88, 156, 161, 162, 164, 152, 164, 165, 155, 161, 115, 67, 66, 63, 65, 179, 69, 64, 65, 63, 174, 151, 170, 86, 165, 155, 165, 149, 153, 168, 170, 151, 177, 86, 117, 86, 166, 155, 175, 86, 121, 168, 170, 151, 177, 94, 97, 113, 69, 64, 65, 63, 158, 165, 170, 86, 96, 172, 153, 168, 88, 159, 88, 115, 88, 102, 115, 86, 161, 86, 116, 86, 105, 106, 104, 102, 115, 86, 161, 97, 99, 95, 179, 67, 66, 63, 65, 63, 165, 155, 165, 149, 153, 168, 170, 151, 177, 145, 161, 147, 88, 115, 88, 152, 164, 165, 155, 161, 88, 97, 88, 158, 157, 151, 168, 152, 164, 165, 155, 161, 115, 67, 66, 63, 65, 179, 69, 64, 65, 63, 174, 151, 170, 86, 166, 171, 165, 86, 117, 86, 105, 104, 113, 111, 113, 111, 113, 111, 113, 111, 113, 111, 113, 111, 113, 111, 113, 111, 113, 111, 112, 110, 112, 110, 112, 110, 112, 110, 112, 110, 112, 110, 112, 110, 112, 110, 112, 110, 112, 110, 112, 110, 112, 110, 112, 110, 112, 110, 112, 110, 112, 110, 112, 110, 112, 110, 112, 110, 112, 110, 112, 110, 112, 110, 112, 110, 112, 110, 112, 110, 112, 110, 112, 110, 112, 110, 112, 110, 112, 110, 112, 110, 112, 110, 112, 110, 112, 110, 112, 110, 112, 110, 112, 110, 112, 110, 112, 110, 112, 110, 112, 110, 112, 110, 112, 110, 112, 110, 112, 110, 112, 110, 112, 110, 112, 110, 112, 110, 112, 110, 112, 110, 112, 110, 112, 110, 112, 110, 112, 110, 112, 110, 112, 110, 112, 110, 112, 110, 112, 110, 112, 110, 112, 110, 112, 110, 112, 110, 112, 110, 112, 110, 112, 110, 112, 110, 112, 110, 112, 110, 112, 110, 112, 110, 112, 110, 112, 110, 112, 110, 112, 110, 112, 110, 112, 110, 112, 110, 112, 110, 112, 110, 112, 110, 112, 110, 112, 110, 112, 110, 112, 110, 112, 110, 112, 110, 112, 110, 112, 110, 112, 110, 112, 110, 112, 110, 112, 110, 112, 110, 112, 110, 112, 110, 112, 110, 112, 110, 112, 110, 112, 110, 112, 110, 112, 110, 112, 110, 112, 110, 112, 110, 112, 110, 112, 110, 112, 110, 112, 110, 112, 110, 112, 110, 112, 110, 112, 110, 112, 110, 112, 110, 112, 110, 112, 110, 112, 110, 112, 110, 112, 110, 112, 110, 112, 110, 112, 110, 112, 110, 112, 110, 112, 110, 112, 110, 112, 110, 112, 110, 112, 110, 112, 110, 112, 110, 112, 110, 112, 110, 112, 110, 112, 110, 112, 110, 115, 67, 66, 63, 65, 171, 172, 159, 164, 100, 168, 168, 161, 164, 172, 156, 96, 88, 93, 106, 109, 102, 104, 102, 158, 88, 100, 86, 166, 171, 165, 95, 115, 67, 66, 63, 181, 67, 66, 67, 66, 63, 158, 171, 166, 153, 172, 159, 167, 164, 88, 153, 167, 162, 164, 151, 154, 149, 157, 163, 153, 159, 164, 94, 97, 177, 69, 64, 65, 63, 174, 151, 170, 86, 171, 158, 157, 162, 164, 153, 167, 154, 157, 86, 117, 86, 173, 164, 157, 169, 155, 151, 168, 155, 96, 88, 93, 171, 125, 120, 125, 111, 93, 171, 104, 102, 104, 103, 93, 171, 109, 108, 104, 102, 93, 171, 121, 103, 110, 106, 93, 171, 104, 102, 107, 102, 93, 171, 104, 102, 104, 102, 93, 171, 108, 102, 112, 120, 93, 171, 112, 120, 104, 121, 93, 171, 105, 121, 111, 102, 93, 171, 112, 120, 121, 122, 93, 171, 104, 110, 108, 102, 93, 171, 123, 105, 109, 123, 93, 171, 112, 120, 109, 107, 93, 171, 112, 120, 125, 121, 93, 171, 104, 110, 108, 107, 93, 171, 107, 105, 109, 104, 93, 171, 123, 103, 124, 104, 93, 171, 104, 105, 123, 104, 93, 171, 105, 102, 107, 104, 93, 171, 112, 102, 108, 102, 93, 171, 104, 102, 107, 110, 93, 171, 126, 107, 111, 107, 93, 171, 123, 104, 112, 120, 93, 171, 109, 122, 109, 119, 93, 171, 104, 106, 123, 104, 93, 171, 109, 107, 104, 102, 93, 171, 125, 121, 112, 120, 93, 171, 109, 103, 109, 103, 93, 171, 109, 108, 109, 105, 93, 171, 110, 102, 109, 109, 93, 171, 109, 122, 112, 120, 93, 171, 107, 105, 104, 110, 93, 171, 112, 120, 123, 102, 93, 171, 104, 121, 111, 107, 93, 171, 126, 123, 112, 120, 93, 171, 111, 108, 104, 105, 93, 171, 112, 120, 107, 121, 93, 171, 111, 110, 108, 123, 93, 171, 123, 124, 104, 105, 93, 171, 109, 103, 112, 120, 93, 171, 109, 104, 105, 121, 93, 171, 109, 103, 112, 120, 93, 171, 109, 104, 106, 106, 93, 171, 111, 103, 112, 120, 93, 171, 108, 123, 105, 106, 93, 171, 111, 107, 112, 111, 93, 171, 112, 120, 126, 121, 93, 171, 106, 102, 111, 103, 93, 171, 126, 109, 104, 105, 93, 171, 108, 119, 113, 111, 93, 171, 108, 104, 121, 122, 93, 171, 107, 120, 110, 102, 93, 171, 126, 121, 109, 107, 93, 171, 104, 106, 111, 107, 93, 171, 123, 102, 107, 105, 93, 171, 107, 109, 125, 120, 93, 171, 126, 124, 107, 105, 93, 171, 108, 107, 104, 105, 93, 171, 113, 109, 104, 121, 93, 171, 123, 124, 112, 120, 93, 171, 111, 107, 121, 123, 93, 171, 106, 120, 126, 122, 93, 171, 108, 124, 126, 111, 93, 171, 125, 110, 109, 103, 93, 171, 126, 124, 113, 106, 93, 171, 126, 124, 126, 124, 93, 171, 123, 105, 107, 120, 93, 171, 111, 106, 110, 103, 93, 171, 125, 120, 104, 104, 93, 171, 112, 120, 124, 111, 93, 171, 104, 121, 108, 107, 93, 171, 109, 123, 113, 104, 93, 171, 126, 104, 104, 105, 93, 171, 125, 102, 124, 103, 93, 171, 123, 108, 104, 105, 93, 171, 123, 111, 107, 105, 93, 171, 122, 109, 104, 124, 93, 171, 109, 124, 104, 110, 93, 171, 125, 103, 123, 103, 93, 171, 104, 105, 104, 104, 93, 171, 104, 105, 123, 119, 93, 171, 112, 120, 123, 124, 93, 171, 104, 105, 104, 103, 93, 171, 112, 111, 123, 104, 93, 171, 126, 110, 108, 107, 93, 171, 112, 120, 110, 103, 93, 171, 126, 110, 108, 107, 93, 171, 109, 123, 109, 124, 93, 171, 123, 111, 109, 120, 93, 171, 109, 107, 123, 105, 93, 171, 125, 121, 112, 120, 93, 171, 125, 110, 109, 103, 93, 171, 126, 124, 108, 111, 93, 171, 126, 124, 126, 124, 93, 171, 110, 110, 109, 102, 93, 171, 110, 102, 125, 110, 93, 171, 104, 106, 122, 124, 93, 171, 110, 121, 125, 110, 93, 171, 126, 124, 126, 124, 93, 171, 107, 105, 126, 124, 93, 171, 109, 104, 124, 104, 93, 171, 126, 124, 109, 104, 93, 171, 104, 110, 111, 107, 93, 171, 124, 102, 126, 124, 93, 171, 108, 107, 112, 111, 93, 171, 112, 120, 126, 121, 93, 171, 126, 121, 108, 107, 93, 171, 123, 105, 123, 111, 93, 171, 112, 120, 109, 107, 93, 171, 112, 105, 125, 121, 93, 171, 104, 121, 125, 121, 93, 171, 108, 107, 112, 122, 93, 171, 109, 102, 126, 106, 93, 171, 108, 107, 123, 108, 93, 171, 111, 107, 126, 106, 93, 171, 108, 107, 123, 108, 93, 171, 111, 104, 126, 107, 93, 171, 108, 107, 123, 108, 93, 171, 110, 121, 126, 108, 93, 171, 108, 107, 123, 108, 93, 171, 110, 122, 126, 109, 93, 171, 108, 107, 123, 108, 93, 171, 110, 124, 126, 110, 93, 171, 108, 107, 123, 108, 93, 171, 110, 123, 126, 111, 93, 171, 108, 107, 123, 108, 93, 171, 106, 123, 126, 119, 93, 171, 108, 107, 123, 108, 93, 171, 110, 106, 126, 120, 93, 171, 108, 107, 123, 108, 93, 171, 110, 121, 126, 121, 93, 171, 108, 107, 123, 108, 93, 171, 110, 121, 126, 122, 93, 171, 108, 107, 123, 108, 93, 171, 104, 102, 126, 123, 93, 171, 121, 102, 125, 110, 93, 171, 126, 124, 126, 124, 93, 171, 109, 102, 126, 124, 93, 171, 109, 122, 110, 110, 93, 171, 105, 103, 112, 119, 93, 171, 125, 110, 105, 108, 93, 171, 126, 124, 105, 107, 93, 171, 126, 124, 126, 124, 93, 171, 123, 106, 112, 105, 93, 171, 112, 107, 104, 121, 93, 171, 111, 106, 123, 102, 93, 171, 110, 119, 105, 107, 93, 171, 110, 119, 104, 102, 93, 171, 126, 124, 104, 102, 93, 171, 104, 121, 111, 107, 93, 171, 111, 107, 126, 124, 93, 171, 110, 119, 104, 110, 93, 171, 126, 124, 104, 102, 93, 171, 112, 107, 124, 102, 93, 171, 111, 107, 123, 102, 93, 171, 108, 102, 104, 105, 93, 171, 123, 105, 123, 111, 93, 171, 123, 102, 107, 105, 93, 171, 123, 105, 123, 111, 93, 171, 107, 105, 109, 109, 93, 171, 112, 120, 123, 102, 93, 171, 106, 106, 108, 121, 93, 171, 112, 120, 104, 121, 93, 171, 106, 106, 111, 121, 93, 171, 126, 121, 104, 110, 93, 171, 121, 119, 126, 105, 93, 171, 123, 105, 109, 124, 93, 171, 108, 121, 112, 120, 93, 171, 104, 106, 106, 106, 93, 171, 107, 111, 112, 102, 93, 171, 112, 120, 104, 102, 93, 171, 111, 106, 123, 103, 93, 171, 108, 102, 104, 108, 93, 171, 107, 110, 112, 102, 93, 171, 111, 107, 104, 102, 93, 171, 106, 120, 126, 119, 93, 171, 123, 105, 123, 103, 93, 171, 112, 120, 109, 107, 93, 171, 112, 105, 125, 121, 93, 171, 110, 106, 125, 121, 93, 171, 112, 122, 109, 105, 93, 171, 126, 102, 108, 107, 93, 171, 107, 105, 109, 109, 93, 171, 109, 102, 124, 120, 93, 171, 108, 107, 123, 108, 93, 171, 110, 120, 126, 102, 93, 171, 108, 107, 123, 108, 93, 171, 110, 107, 126, 103, 93, 171, 108, 107, 123, 108, 93, 171, 111, 104, 126, 104, 93, 171, 108, 107, 123, 108, 93, 171, 110, 123, 126, 105, 93, 171, 108, 107, 123, 108, 93, 171, 110, 107, 126, 106, 93, 171, 108, 107, 123, 108, 93, 171, 110, 121, 126, 107, 93, 171, 108, 107, 123, 108, 93, 171, 107, 105, 126, 108, 93, 171, 108, 107, 123, 108, 93, 171, 107, 104, 126, 109, 93, 171, 108, 107, 123, 108, 93, 171, 106, 123, 126, 110, 93, 171, 108, 107, 123, 108, 93, 171, 110, 106, 126, 111, 93, 171, 108, 107, 123, 108, 93, 171, 110, 121, 126, 119, 93, 171, 108, 107, 123, 108, 93, 171, 110, 121, 126, 120, 93, 171, 109, 122, 112, 110, 93, 171, 125, 110, 126, 121, 93, 171, 126, 124, 104, 120, 93, 171, 126, 124, 126, 124, 93, 171, 110, 110, 109, 102, 93, 171, 108, 105, 110, 110, 93, 171, 112, 123, 126, 111, 93, 171, 112, 102, 125, 110, 93, 171, 126, 124, 126, 123, 93, 171, 112, 120, 126, 124, 93, 171, 112, 122, 126, 110, 93, 171, 113, 121, 108, 107, 93, 171, 108, 106, 110, 119, 93, 171, 125, 110, 109, 102, 93, 171, 126, 124, 111, 123, 93, 171, 126, 124, 126, 124, 93, 171, 108, 107, 112, 122, 93, 171, 110, 119, 125, 102, 93, 171, 109, 102, 105, 102, 93, 171, 111, 105, 125, 110, 93, 171, 126, 124, 126, 124, 93, 171, 112, 105, 126, 124, 93, 171, 105, 121, 123, 106, 93, 171, 108, 107, 112, 122, 93, 171, 109, 102, 125, 102, 93, 171, 108, 107, 112, 122, 93, 171, 109, 102, 113, 121, 93, 171, 109, 105, 109, 105, 93, 171, 109, 105, 109, 105, 93, 171, 109, 105, 109, 105, 93, 171, 111, 107, 126, 124, 93, 171, 123, 109, 104, 110, 93, 171, 113, 121, 108, 107, 93, 171, 104, 102, 108, 106, 93, 171, 104, 102, 104, 102, 93, 171, 126, 124, 109, 105, 93, 171, 109, 124, 124, 109, 93, 171, 122, 108, 104, 124, 93, 171, 109, 120, 123, 102, 93, 171, 123, 105, 123, 111, 93, 171, 112, 120, 109, 107, 93, 171, 109, 103, 125, 121, 93, 171, 109, 105, 109, 103, 93, 171, 109, 109, 109, 108, 93, 171, 108, 104, 110, 119, 93, 171, 111, 104, 125, 110, 93, 171, 104, 102, 104, 102, 93, 171, 112, 120, 104, 102, 93, 171, 107, 105, 124, 110, 93, 171, 112, 107, 126, 108, 93, 171, 109, 111, 124, 120, 93, 171, 108, 107, 123, 109, 93, 171, 110, 103, 126, 110, 93, 171, 110, 107, 106, 123, 93, 171, 123, 109, 111, 110, 93, 171, 126, 121, 108, 107, 93, 171, 104, 102, 110, 107, 93, 171, 104, 102, 104, 102, 93, 171, 109, 108, 111, 123, 93, 171, 108, 107, 112, 122, 93, 171, 109, 102, 126, 110, 93, 171, 125, 110, 109, 108, 93, 171, 104, 102, 109, 103, 93, 171, 104, 102, 104, 102, 93, 171, 109, 102, 109, 111, 93, 171, 122, 103, 125, 110, 93, 171, 126, 124, 126, 123, 93, 171, 112, 107, 126, 124, 93, 171, 109, 111, 123, 102, 93, 171, 111, 106, 109, 111, 93, 171, 112, 122, 107, 111, 93, 171, 104, 103, 108, 108, 93, 171, 125, 110, 109, 102, 93, 171, 104, 102, 107, 120, 93, 171, 104, 102, 104, 102, 93, 171, 126, 110, 112, 120, 93, 171, 108, 107, 112, 122, 93, 171, 109, 102, 126, 110, 93, 171, 106, 103, 125, 110, 93, 171, 126, 124, 126, 124, 93, 171, 112, 107, 126, 124, 93, 171, 109, 111, 123, 102, 93, 171, 111, 106, 109, 111, 93, 171, 109, 109, 104, 121, 93, 171, 104, 103, 125, 110, 93, 171, 126, 124, 126, 124, 93, 171, 109, 111, 126, 124, 93, 171, 108, 106, 123, 108, 93, 171, 126, 124, 107, 110, 93, 171, 109, 102, 111, 105, 93, 171, 108, 107, 112, 122, 93, 171, 126, 123, 126, 110, 93, 171, 109, 110, 104, 102, 93, 171, 108, 107, 112, 122, 93, 171, 109, 102, 126, 110, 93, 171, 125, 110, 109, 109, 93, 171, 126, 123, 111, 106, 93, 171, 126, 124, 126, 124, 93, 171, 109, 111, 109, 111, 93, 171, 108, 108, 108, 108, 93, 171, 126, 105, 107, 120, 93, 171, 121, 119, 111, 121, 93, 171, 109, 123, 109, 124, 93, 171, 123, 111, 109, 120, 93, 171, 109, 107, 123, 105, 93, 171, 125, 121, 112, 120, 93, 171, 109, 105, 109, 103, 93, 171, 110, 102, 110, 108, 93, 171, 107, 104, 122, 103, 93, 171, 104, 102, 125, 110, 93, 171, 104, 102, 104, 102, 93, 171, 109, 110, 104, 102, 93, 171, 104, 110, 107, 110, 93, 171, 104, 105, 111, 106, 93, 171, 125, 120, 108, 102, 93, 171, 108, 102, 126, 111, 93, 171, 109, 122, 112, 120, 93, 171, 112, 102, 104, 110, 93, 171, 108, 104, 126, 120, 93, 171, 104, 110, 111, 107, 93, 171, 124, 120, 107, 105, 93, 171, 105, 110, 112, 119, 93, 171, 123, 105, 112, 120, 93, 171, 105, 109, 125, 120, 93, 171, 105, 110, 107, 110, 93, 171, 105, 103, 111, 108, 93, 171, 107, 105, 108, 102, 93, 171, 112, 106, 123, 111, 93, 171, 111, 106, 124, 120, 93, 171, 108, 102, 104, 121, 93, 171, 104, 110, 107, 110, 93, 171, 126, 120, 111, 107, 93, 171, 126, 123, 108, 102, 93, 171, 125, 120, 123, 120, 93, 171, 107, 105, 126, 104, 93, 171, 112, 111, 123, 102, 93, 171, 126, 121, 108, 107, 93, 171, 108, 107, 112, 120, 93, 171, 109, 120, 126, 121, 93, 171, 123, 105, 123, 111, 93, 171, 104, 104, 107, 104, 93, 171, 111, 106, 110, 110, 93, 171, 111, 102, 111, 106, 93, 171, 106, 124, 107, 119, 93, 171, 110, 124, 106, 124, 93, 171, 111, 107, 111, 111, 93, 171, 110, 121, 110, 123, 93, 171, 110, 123, 110, 103, 93, 171, 106, 123, 110, 106, 93, 171, 111, 104, 110, 124, 93, 171, 106, 124, 110, 109, 93, 171, 111, 104, 110, 108, 93, 171, 110, 109, 110, 103, 93, 171, 111, 105, 111, 107, 93, 171, 110, 109, 106, 124, 93, 171, 110, 122, 110, 120, 93, 171, 111, 111, 111, 108, 93, 171, 106, 123, 107, 104, 93, 171, 111, 110, 110, 107, 93, 171, 104, 102, 110, 107, 93, 171, 111, 106, 110, 110, 93, 171, 111, 102, 111, 106, 93, 171, 106, 124, 107, 119, 93, 171, 110, 124, 106, 124, 93, 171, 111, 107, 111, 111, 93, 171, 110, 121, 110, 123, 93, 171, 110, 123, 110, 103, 93, 171, 106, 123, 110, 106, 93, 171, 111, 104, 110, 124, 93, 171, 106, 124, 110, 109, 93, 171, 111, 104, 110, 108, 93, 171, 110, 109, 110, 103, 93, 171, 111, 105, 111, 107, 93, 171, 110, 105, 106, 124, 93, 171, 110, 111, 110, 121, 93, 171, 110, 120, 110, 105, 93, 171, 111, 102, 106, 123, 93, 171, 111, 102, 110, 110, 93, 171, 111, 104, 107, 124, 93, 171, 104, 102, 107, 122, 90, 95, 115, 67, 66, 63, 65, 172, 153, 168, 88, 163, 157, 163, 151, 151, 170, 168, 153, 175, 88, 115, 88, 164, 157, 173, 88, 119, 170, 168, 153, 175, 96, 95, 115, 67, 66, 63, 65, 172, 153, 168, 88, 153, 155, 86, 117, 86, 104, 174, 104, 153, 104, 153, 104, 153, 104, 153, 115, 67, 66, 63, 65, 172, 153, 168, 88, 151, 156, 154, 170, 86, 117, 86, 104, 174, 108, 102, 104, 102, 104, 102, 115, 67, 66, 63, 65, 172, 153, 168, 88, 169, 155, 149, 164, 155, 166, 86, 117, 86, 171, 158, 157, 162, 164, 153, 167, 154, 157, 100, 164, 155, 166, 157, 172, 158, 88, 96, 88, 104, 115, 67, 66, 63, 65, 172, 153, 168, 88, 162, 157, 164, 88, 115, 88, 151, 156, 154, 170, 86, 101, 86, 96, 169, 155, 149, 164, 155, 166, 97, 104, 174, 107, 110, 97, 113, 69, 64, 65, 63, 174, 151, 170, 86, 177, 151, 170, 169, 168, 86, 117, 86, 173, 164, 157, 169, 155, 151, 168, 155, 96, 88, 93, 171, 113, 102, 113, 102, 93, 171, 113, 102, 113, 102, 90, 95, 115, 67, 66, 63, 65, 175, 153, 168, 171, 166, 88, 115, 88, 156, 161, 174, 151, 159, 172, 94, 177, 151, 170, 169, 168, 98, 88, 162, 157, 164, 97, 113, 69, 64, 65, 63, 174, 151, 170, 86, 155, 165, 173, 164, 172, 104, 88, 115, 88, 94, 155, 153, 88, 99, 88, 102, 176, 106, 104, 102, 104, 102, 104, 95, 103, 151, 156, 154, 170, 113, 69, 64, 65, 63, 158, 165, 170, 86, 96, 172, 153, 168, 88, 153, 167, 171, 166, 170, 88, 115, 88, 102, 115, 86, 155, 165, 173, 164, 172, 86, 116, 86, 155, 165, 173, 164, 172, 104, 115, 86, 155, 165, 173, 164, 172, 97, 99, 95, 179, 67, 66, 63, 65, 63, 165, 155, 165, 149, 153, 168, 170, 151, 177, 145, 155, 165, 173, 164, 172, 147, 88, 115, 88, 175, 153, 168, 171, 166, 88, 97, 88, 169, 160, 155, 164, 162, 155, 165, 156, 155, 115, 67, 66, 63, 65, 179, 69, 64, 65, 63, 174, 151, 170, 86, 167, 172, 157, 168, 158, 162, 167, 173, 88, 115, 88, 171, 166, 155, 171, 153, 153, 166, 157, 94, 90, 91, 173, 102, 155, 102, 155, 91, 173, 102, 155, 102, 155, 88, 97, 113, 69, 64, 65, 63, 175, 158, 161, 162, 157, 86, 96, 165, 174, 155, 170, 156, 164, 165, 175, 100, 164, 155, 166, 157, 172, 158, 88, 114, 88, 106, 108, 111, 109, 104, 97, 177, 69, 64, 65, 63, 65, 165, 174, 155, 170, 156, 164, 165, 175, 86, 99, 115, 88, 165, 174, 155, 170, 156, 164, 165, 175, 113, 69, 64, 65, 63, 181, 67, 66, 63, 65, 170, 160, 159, 171, 100, 155, 165, 164, 162, 153, 152, 139, 170, 167, 168, 157, 86, 117, 86, 123, 165, 164, 162, 153, 152, 102, 153, 167, 162, 164, 155, 155, 170, 125, 163, 153, 159, 164, 127, 166, 156, 167, 94, 179, 169, 173, 152, 162, 112, 88, 88, 90, 98, 165, 169, 159, 112, 88, 165, 174, 155, 170, 156, 164, 165, 175, 179, 97, 113, 69, 64, 65, 179, 69, 64, 69, 64, 65, 156, 173, 164, 155, 170, 161, 165, 166, 86, 155, 165, 164, 162, 153, 152, 151, 157, 157, 170, 161, 153, 167, 164, 96, 95, 179, 67, 66, 63, 65, 159, 158, 86, 96, 151, 168, 166, 102, 154, 167, 153, 102, 121, 167, 162, 164, 151, 154, 100, 159, 155, 172, 127, 155, 165, 166, 95, 179, 67, 66, 63, 65, 63, 174, 151, 170, 86, 153, 168, 170, 175, 88, 115, 88, 164, 157, 173, 88, 119, 170, 168, 153, 175, 96, 95, 115, 67, 66, 63, 65, 63, 174, 151, 170, 86, 174, 172, 168, 155, 172, 158, 177, 151, 88, 115, 88, 171, 166, 155, 171, 153, 153, 166, 157, 94, 90, 91, 173, 123, 122, 123, 113, 91, 173, 102, 104, 102, 105, 91, 173, 107, 110, 102, 104, 91, 173, 119, 105, 108, 108, 91, 173, 102, 104, 105, 104, 91, 173, 102, 104, 102, 104, 91, 173, 106, 104, 110, 122, 91, 173, 110, 122, 102, 123, 91, 173, 103, 123, 109, 104, 91, 173, 110, 122, 119, 124, 91, 173, 102, 112, 106, 104, 91, 173, 121, 107, 107, 125, 91, 173, 110, 122, 107, 109, 91, 173, 110, 122, 123, 123, 91, 173, 102, 112, 106, 109, 91, 173, 105, 107, 107, 106, 91, 173, 121, 105, 122, 106, 91, 173, 102, 107, 121, 106, 91, 173, 103, 104, 105, 106, 91, 173, 110, 104, 106, 104, 91, 173, 102, 104, 105, 112, 91, 173, 124, 109, 109, 109, 91, 173, 121, 106, 110, 122, 91, 173, 107, 124, 107, 121, 91, 173, 102, 108, 121, 106, 91, 173, 107, 109, 102, 104, 91, 173, 123, 123, 110, 122, 91, 173, 107, 105, 107, 105, 91, 173, 107, 110, 107, 107, 91, 173, 108, 104, 107, 111, 91, 173, 107, 124, 110, 122, 91, 173, 105, 107, 102, 112, 91, 173, 110, 122, 121, 104, 91, 173, 102, 123, 109, 109, 91, 173, 124, 125, 110, 122, 91, 173, 109, 110, 102, 107, 91, 173, 110, 122, 105, 123, 91, 173, 109, 112, 106, 125, 91, 173, 121, 126, 102, 107, 91, 173, 107, 105, 110, 122, 91, 173, 107, 106, 103, 123, 91, 173, 107, 105, 110, 122, 91, 173, 107, 106, 104, 108, 91, 173, 109, 105, 110, 122, 91, 173, 106, 125, 103, 108, 91, 173, 109, 109, 110, 113, 91, 173, 110, 122, 124, 123, 91, 173, 104, 104, 109, 105, 91, 173, 124, 111, 102, 107, 91, 173, 106, 121, 111, 113, 91, 173, 106, 106, 119, 124, 91, 173, 105, 122, 108, 104, 91, 173, 124, 123, 107, 109, 91, 173, 102, 108, 109, 109, 91, 173, 121, 104, 105, 107, 91, 173, 105, 111, 123, 122, 91, 173, 124, 126, 105, 107, 91, 173, 106, 109, 102, 107, 91, 173, 111, 111, 102, 123, 91, 173, 121, 126, 110, 122, 91, 173, 109, 109, 119, 125, 91, 173, 104, 122, 124, 124, 91, 173, 106, 126, 124, 113, 91, 173, 123, 112, 107, 105, 91, 173, 124, 126, 111, 108, 91, 173, 124, 126, 124, 126, 91, 173, 121, 107, 105, 122, 91, 173, 109, 108, 108, 105, 91, 173, 123, 122, 102, 106, 91, 173, 110, 122, 122, 113, 91, 173, 102, 123, 106, 109, 91, 173, 107, 125, 111, 106, 91, 173, 124, 106, 102, 107, 91, 173, 123, 104, 122, 105, 91, 173, 121, 110, 102, 107, 91, 173, 121, 113, 105, 107, 91, 173, 120, 111, 102, 126, 91, 173, 107, 126, 102, 112, 91, 173, 123, 105, 121, 105, 91, 173, 102, 107, 102, 106, 91, 173, 102, 107, 121, 121, 91, 173, 110, 122, 121, 126, 91, 173, 102, 107, 102, 105, 91, 173, 110, 113, 121, 106, 91, 173, 124, 112, 106, 109, 91, 173, 110, 122, 108, 105, 91, 173, 124, 112, 106, 109, 91, 173, 107, 125, 107, 126, 91, 173, 121, 113, 107, 122, 91, 173, 107, 109, 121, 107, 91, 173, 123, 123, 110, 122, 91, 173, 123, 112, 107, 105, 91, 173, 124, 126, 106, 113, 91, 173, 124, 126, 124, 126, 91, 173, 108, 112, 107, 104, 91, 173, 108, 104, 123, 112, 91, 173, 102, 108, 120, 126, 91, 173, 108, 123, 123, 112, 91, 173, 124, 126, 124, 126, 91, 173, 105, 107, 124, 126, 91, 173, 107, 106, 122, 106, 91, 173, 124, 126, 107, 106, 91, 173, 102, 112, 109, 109, 91, 173, 122, 104, 124, 126, 91, 173, 106, 109, 110, 113, 91, 173, 110, 122, 124, 123, 91, 173, 124, 123, 106, 109, 91, 173, 121, 107, 121, 113, 91, 173, 110, 122, 107, 109, 91, 173, 110, 107, 123, 123, 91, 173, 102, 123, 123, 123, 91, 173, 106, 109, 110, 124, 91, 173, 107, 104, 124, 108, 91, 173, 106, 109, 121, 110, 91, 173, 109, 109, 124, 108, 91, 173, 106, 109, 121, 110, 91, 173, 109, 106, 124, 109, 91, 173, 106, 109, 121, 110, 91, 173, 108, 123, 124, 110, 91, 173, 106, 109, 121, 110, 91, 173, 108, 124, 124, 111, 91, 173, 106, 109, 121, 110, 91, 173, 108, 126, 124, 112, 91, 173, 106, 109, 121, 110, 91, 173, 108, 125, 124, 113, 91, 173, 106, 109, 121, 110, 91, 173, 104, 125, 124, 121, 91, 173, 106, 109, 121, 110, 91, 173, 108, 108, 124, 122, 91, 173, 106, 109, 121, 110, 91, 173, 108, 123, 124, 123, 91, 173, 106, 109, 121, 110, 91, 173, 108, 123, 124, 124, 91, 173, 106, 109, 121, 110, 91, 173, 102, 104, 124, 125, 91, 173, 119, 104, 123, 112, 91, 173, 124, 126, 124, 126, 91, 173, 107, 104, 124, 126, 91, 173, 107, 124, 108, 112, 91, 173, 103, 105, 110, 121, 91, 173, 123, 112, 103, 110, 91, 173, 124, 126, 103, 109, 91, 173, 124, 126, 124, 126, 91, 173, 121, 108, 110, 107, 91, 173, 110, 109, 102, 123, 91, 173, 109, 108, 121, 104, 91, 173, 108, 121, 103, 109, 91, 173, 108, 121, 102, 104, 91, 173, 124, 126, 102, 104, 91, 173, 102, 123, 109, 109, 91, 173, 109, 109, 124, 126, 91, 173, 108, 121, 102, 112, 91, 173, 124, 126, 102, 104, 91, 173, 110, 109, 122, 104, 91, 173, 109, 109, 121, 104, 91, 173, 106, 104, 102, 107, 91, 173, 121, 107, 121, 113, 91, 173, 121, 104, 105, 107, 91, 173, 121, 107, 121, 113, 91, 173, 105, 107, 107, 111, 91, 173, 110, 122, 121, 104, 91, 173, 104, 108, 106, 123, 91, 173, 110, 122, 102, 123, 91, 173, 104, 108, 109, 123, 91, 173, 124, 123, 102, 112, 91, 173, 119, 121, 124, 107, 91, 173, 121, 107, 107, 126, 91, 173, 106, 123, 110, 122, 91, 173, 102, 108, 104, 108, 91, 173, 105, 113, 110, 104, 91, 173, 110, 122, 102, 104, 91, 173, 109, 108, 121, 105, 91, 173, 106, 104, 102, 110, 91, 173, 105, 112, 110, 104, 91, 173, 109, 109, 102, 104, 91, 173, 104, 122, 124, 121, 91, 173, 121, 107, 121, 105, 91, 173, 110, 122, 107, 109, 91, 173, 110, 107, 123, 123, 91, 173, 108, 108, 123, 123, 91, 173, 110, 124, 107, 107, 91, 173, 124, 104, 106, 109, 91, 173, 105, 107, 107, 111, 91, 173, 107, 104, 122, 122, 91, 173, 106, 109, 121, 110, 91, 173, 108, 122, 124, 104, 91, 173, 106, 109, 121, 110, 91, 173, 108, 109, 124, 105, 91, 173, 106, 109, 121, 110, 91, 173, 109, 106, 124, 106, 91, 173, 106, 109, 121, 110, 91, 173, 108, 125, 124, 107, 91, 173, 106, 109, 121, 110, 91, 173, 108, 109, 124, 108, 91, 173, 106, 109, 121, 110, 91, 173, 108, 123, 124, 109, 91, 173, 106, 109, 121, 110, 91, 173, 105, 107, 124, 110, 91, 173, 106, 109, 121, 110, 91, 173, 105, 106, 124, 111, 91, 173, 106, 109, 121, 110, 91, 173, 104, 125, 124, 112, 91, 173, 106, 109, 121, 110, 91, 173, 108, 108, 124, 113, 91, 173, 106, 109, 121, 110, 91, 173, 108, 123, 124, 121, 91, 173, 106, 109, 121, 110, 91, 173, 108, 123, 124, 122, 91, 173, 107, 124, 110, 112, 91, 173, 123, 112, 124, 123, 91, 173, 124, 126, 102, 122, 91, 173, 124, 126, 124, 126, 91, 173, 108, 112, 107, 104, 91, 173, 106, 107, 108, 112, 91, 173, 110, 125, 124, 113, 91, 173, 110, 104, 123, 112, 91, 173, 124, 126, 124, 125, 91, 173, 110, 122, 124, 126, 91, 173, 110, 124, 124, 112, 91, 173, 111, 123, 106, 109, 91, 173, 106, 108, 108, 121, 91, 173, 123, 112, 107, 104, 91, 173, 124, 126, 109, 125, 91, 173, 124, 126, 124, 126, 91, 173, 106, 109, 110, 124, 91, 173, 108, 121, 123, 104, 91, 173, 107, 104, 103, 104, 91, 173, 109, 107, 123, 112, 91, 173, 124, 126, 124, 126, 91, 173, 110, 107, 124, 126, 91, 173, 103, 123, 121, 108, 91, 173, 106, 109, 110, 124, 91, 173, 107, 104, 123, 104, 91, 173, 106, 109, 110, 124, 91, 173, 107, 104, 111, 123, 91, 173, 107, 107, 107, 107, 91, 173, 107, 107, 107, 107, 91, 173, 107, 107, 107, 107, 91, 173, 109, 109, 124, 126, 91, 173, 121, 111, 102, 112, 91, 173, 111, 123, 106, 109, 91, 173, 102, 104, 106, 108, 91, 173, 102, 104, 102, 104, 91, 173, 124, 126, 107, 107, 91, 173, 107, 126, 122, 111, 91, 173, 120, 110, 102, 126, 91, 173, 107, 122, 121, 104, 91, 173, 121, 107, 121, 113, 91, 173, 110, 122, 107, 109, 91, 173, 107, 105, 123, 123, 91, 173, 107, 107, 107, 105, 91, 173, 107, 111, 107, 110, 91, 173, 106, 106, 108, 121, 91, 173, 109, 106, 123, 112, 91, 173, 102, 104, 102, 104, 91, 173, 110, 122, 102, 104, 91, 173, 105, 107, 122, 112, 91, 173, 110, 109, 124, 110, 91, 173, 107, 113, 122, 122, 91, 173, 106, 109, 121, 111, 91, 173, 108, 105, 124, 112, 91, 173, 108, 109, 104, 125, 91, 173, 121, 111, 109, 112, 91, 173, 124, 123, 106, 109, 91, 173, 102, 104, 108, 109, 91, 173, 102, 104, 102, 104, 91, 173, 107, 110, 109, 125, 91, 173, 106, 109, 110, 124, 91, 173, 107, 104, 124, 112, 91, 173, 123, 112, 107, 110, 91, 173, 102, 104, 107, 105, 91, 173, 102, 104, 102, 104, 91, 173, 107, 104, 107, 113, 91, 173, 120, 105, 123, 112, 91, 173, 124, 126, 124, 125, 91, 173, 110, 109, 124, 126, 91, 173, 107, 113, 121, 104, 91, 173, 109, 108, 107, 113, 91, 173, 110, 124, 105, 113, 91, 173, 102, 105, 106, 110, 91, 173, 123, 112, 107, 104, 91, 173, 102, 104, 105, 122, 91, 173, 102, 104, 102, 104, 91, 173, 124, 112, 110, 122, 91, 173, 106, 109, 110, 124, 91, 173, 107, 104, 124, 112, 91, 173, 104, 105, 123, 112, 91, 173, 124, 126, 124, 126, 91, 173, 110, 109, 124, 126, 91, 173, 107, 113, 121, 104, 91, 173, 109, 108, 107, 113, 91, 173, 107, 111, 102, 123, 91, 173, 102, 105, 123, 112, 91, 173, 124, 126, 124, 126, 91, 173, 107, 113, 124, 126, 91, 173, 106, 108, 121, 110, 91, 173, 124, 126, 105, 112, 91, 173, 107, 104, 109, 107, 91, 173, 106, 109, 110, 124, 91, 173, 124, 125, 124, 112, 91, 173, 107, 112, 102, 104, 91, 173, 106, 109, 110, 124, 91, 173, 107, 104, 124, 112, 91, 173, 123, 112, 107, 111, 91, 173, 124, 125, 109, 108, 91, 173, 124, 126, 124, 126, 91, 173, 107, 113, 107, 113, 91, 173, 106, 110, 106, 110, 91, 173, 124, 107, 105, 122, 91, 173, 119, 121, 109, 123, 91, 173, 107, 125, 107, 126, 91, 173, 121, 113, 107, 122, 91, 173, 107, 109, 121, 107, 91, 173, 123, 123, 110, 122, 91, 173, 107, 107, 107, 105, 91, 173, 108, 104, 108, 110, 91, 173, 105, 106, 120, 105, 91, 173, 102, 104, 123, 112, 91, 173, 102, 104, 102, 104, 91, 173, 107, 112, 102, 104, 91, 173, 102, 112, 105, 112, 91, 173, 102, 107, 109, 108, 91, 173, 123, 122, 106, 104, 91, 173, 106, 104, 124, 113, 91, 173, 107, 124, 110, 122, 91, 173, 110, 104, 102, 112, 91, 173, 106, 106, 124, 122, 91, 173, 102, 112, 109, 109, 91, 173, 122, 122, 105, 107, 91, 173, 103, 112, 110, 121, 91, 173, 121, 107, 110, 122, 91, 173, 103, 111, 123, 122, 91, 173, 103, 112, 105, 112, 91, 173, 103, 105, 109, 110, 91, 173, 105, 107, 106, 104, 91, 173, 110, 108, 121, 113, 91, 173, 109, 108, 122, 122, 91, 173, 106, 104, 102, 123, 91, 173, 102, 112, 105, 112, 91, 173, 124, 122, 109, 109, 91, 173, 124, 125, 106, 104, 91, 173, 123, 122, 121, 122, 91, 173, 105, 107, 124, 106, 91, 173, 110, 113, 121, 104, 91, 173, 124, 123, 106, 109, 91, 173, 106, 109, 110, 122, 91, 173, 107, 122, 124, 123, 91, 173, 121, 107, 121, 113, 91, 173, 102, 106, 105, 106, 91, 173, 109, 108, 108, 112, 91, 173, 109, 104, 109, 108, 91, 173, 104, 126, 105, 121, 91, 173, 108, 126, 104, 126, 91, 173, 109, 109, 109, 113, 91, 173, 108, 123, 108, 125, 91, 173, 108, 125, 108, 105, 91, 173, 104, 125, 108, 108, 91, 173, 109, 106, 108, 126, 91, 173, 104, 126, 108, 111, 91, 173, 109, 106, 108, 110, 91, 173, 108, 111, 108, 105, 91, 173, 109, 107, 109, 109, 91, 173, 108, 112, 104, 126, 91, 173, 109, 107, 109, 106, 91, 173, 109, 112, 109, 110, 91, 173, 104, 125, 105, 106, 91, 173, 109, 112, 108, 109, 91, 173, 102, 104, 108, 109, 91, 173, 109, 108, 108, 112, 91, 173, 109, 104, 109, 108, 91, 173, 104, 126, 105, 121, 91, 173, 108, 126, 104, 126, 91, 173, 109, 109, 109, 113, 91, 173, 108, 123, 108, 125, 91, 173, 108, 125, 108, 105, 91, 173, 104, 125, 108, 108, 91, 173, 109, 106, 108, 126, 91, 173, 104, 126, 108, 111, 91, 173, 109, 106, 108, 110, 91, 173, 108, 111, 108, 105, 91, 173, 109, 107, 109, 109, 91, 173, 108, 107, 104, 126, 91, 173, 108, 113, 108, 123, 91, 173, 108, 122, 108, 107, 91, 173, 109, 104, 104, 125, 91, 173, 109, 104, 108, 112, 91, 173, 109, 106, 105, 126, 91, 173, 102, 104, 105, 124, 88, 97, 113, 69, 64, 65, 63, 65, 172, 153, 168, 88, 158, 143, 167, 109, 102, 104, 121, 134, 86, 117, 86, 174, 172, 168, 155, 172, 158, 177, 151, 102, 162, 157, 164, 159, 170, 160, 86, 98, 86, 106, 113, 69, 64, 65, 63, 65, 172, 153, 168, 88, 162, 157, 164, 88, 115, 88, 102, 176, 106, 104, 102, 104, 102, 104, 86, 101, 86, 96, 158, 143, 167, 109, 102, 104, 121, 134, 86, 99, 86, 104, 174, 107, 110, 97, 113, 69, 64, 65, 63, 65, 172, 153, 168, 88, 175, 153, 168, 171, 166, 88, 115, 88, 171, 166, 155, 171, 153, 153, 166, 157, 94, 90, 91, 173, 111, 104, 111, 104, 91, 173, 111, 104, 111, 104, 88, 97, 113, 69, 64, 65, 63, 65, 175, 153, 168, 171, 166, 88, 115, 88, 156, 161, 174, 151, 159, 172, 94, 177, 151, 170, 169, 168, 98, 88, 162, 157, 164, 97, 113, 69, 64, 65, 63, 65, 172, 153, 168, 88, 166, 109, 119, 162, 129, 110, 107, 158, 86, 117, 86, 96, 102, 176, 102, 155, 102, 155, 102, 155, 102, 155, 86, 101, 86, 104, 174, 108, 102, 104, 102, 104, 102, 97, 86, 103, 86, 104, 174, 108, 102, 104, 102, 104, 102, 115, 67, 66, 63, 65, 63, 158, 165, 170, 86, 96, 172, 153, 168, 88, 172, 169, 153, 137, 122, 113, 108, 177, 86, 117, 86, 104, 113, 88, 172, 169, 153, 137, 122, 113, 108, 177, 86, 116, 86, 168, 107, 121, 160, 131, 108, 109, 156, 115, 86, 174, 167, 155, 135, 124, 111, 110, 175, 88, 97, 99, 86, 97, 177, 69, 64, 65, 63, 65, 63, 153, 168, 170, 175, 147, 172, 169, 153, 137, 122, 113, 108, 177, 147, 88, 115, 88, 175, 153, 168, 171, 166, 88, 97, 88, 172, 174, 166, 157, 170, 160, 175, 153, 113, 69, 64, 65, 63, 65, 179, 69, 64, 65, 63, 65, 172, 153, 168, 88, 170, 141, 131, 160, 132, 154, 125, 175, 86, 117, 86, 173, 164, 157, 169, 155, 151, 168, 155, 96, 88, 93, 102, 113, 88, 97, 113, 69, 64, 65, 63, 65, 173, 160, 159, 164, 155, 88, 94, 172, 139, 133, 158, 134, 152, 127, 173, 102, 162, 157, 164, 159, 170, 160, 86, 116, 86, 104, 174, 108, 102, 104, 102, 97, 177, 69, 64, 65, 63, 65, 63, 172, 139, 133, 158, 134, 152, 127, 173, 88, 97, 117, 86, 172, 139, 133, 158, 134, 152, 127, 173, 115, 67, 66, 63, 65, 63, 181, 67, 66, 63, 65, 63, 172, 139, 133, 158, 134, 152, 127, 173, 88, 115, 88, 88, 134, 100, 90, 86, 99, 86, 172, 139, 133, 158, 134, 152, 127, 173, 115, 67, 66, 63, 65, 63, 153, 166, 168, 100, 156, 165, 155, 100, 123, 165, 164, 162, 153, 152, 102, 157, 157, 170, 129, 153, 167, 164, 96, 170, 141, 131, 160, 132, 154, 125, 175, 95, 115, 67, 66, 63, 65, 179, 69, 64, 65, 179, 69, 64, 69, 64, 65, 156, 173, 164, 155, 170, 161, 165, 166, 86, 168, 154, 158, 149, 171, 170, 153, 168, 172, 94, 97, 177, 69, 64, 69, 64, 65, 63, 174, 151, 170, 86, 174, 155, 170, 169, 161, 165, 166, 86, 117, 86, 153, 166, 168, 100, 174, 159, 157, 173, 157, 168, 142, 155, 170, 169, 161, 165, 166, 100, 172, 165, 139, 170, 170, 159, 166, 157, 96, 95, 115, 67, 66, 63, 65, 172, 157, 168, 171, 159, 167, 164, 88, 115, 88, 172, 157, 168, 171, 159, 167, 164, 102, 168, 157, 166, 164, 151, 155, 155, 96, 101, 148, 122, 103, 157, 100, 93, 95, 95, 115, 67, 66, 63, 65, 172, 153, 168, 88, 172, 153, 168, 171, 159, 167, 164, 151, 151, 170, 168, 153, 175, 88, 115, 88, 164, 157, 173, 88, 119, 170, 168, 153, 175, 96, 172, 157, 168, 171, 159, 167, 164, 102, 153, 160, 151, 170, 119, 172, 94, 104, 95, 100, 86, 174, 155, 170, 169, 161, 165, 166, 100, 155, 158, 153, 168, 121, 170, 96, 103, 97, 98, 88, 172, 157, 168, 171, 159, 167, 164, 102, 153, 160, 151, 170, 119, 172, 94, 106, 95, 97, 113, 69, 64, 65, 63, 161, 156, 88, 94, 96, 172, 153, 168, 171, 159, 167, 164, 151, 151, 170, 168, 153, 175, 147, 102, 149, 86, 117, 115, 88, 110, 97, 86, 94, 92, 88, 94, 174, 151, 170, 169, 161, 165, 166, 149, 153, 168, 170, 151, 177, 145, 105, 147, 88, 115, 117, 86, 104, 95, 88, 178, 180, 86, 96, 172, 153, 168, 171, 159, 167, 164, 151, 151, 170, 168, 153, 175, 147, 103, 149, 86, 117, 115, 88, 103, 88, 92, 94, 86, 174, 151, 170, 169, 161, 165, 166, 149, 153, 168, 170, 151, 177, 145, 106, 147, 88, 114, 88, 105, 97, 95, 179, 67, 66, 63, 65, 63, 173, 170, 161, 162, 151, 166, 170, 159, 166, 170, 158, 94, 97, 113, 69, 64, 65, 63, 181, 67, 66, 63, 65, 159, 158, 86, 96, 94, 174, 151, 170, 169, 161, 165, 166, 149, 153, 168, 170, 151, 177, 145, 104, 147, 88, 114, 88, 110, 97, 86, 180, 178, 88, 94, 174, 151, 170, 169, 161, 165, 166, 149, 153, 168, 170, 151, 177, 145, 104, 147, 88, 115, 117, 86, 112, 86, 94, 92, 88, 172, 153, 168, 171, 159, 167, 164, 151, 151, 170, 168, 153, 175, 147, 103, 149, 86, 116, 86, 106, 86, 94, 92, 88, 172, 153, 168, 171, 159, 167, 164, 151, 151, 170, 168, 153, 175, 147, 104, 149, 86, 116, 86, 106, 95, 97, 177, 69, 64, 65, 63, 65, 153, 167, 162, 164, 151, 154, 149, 157, 163, 153, 159, 164, 94, 97, 113, 69, 64, 65, 63, 181, 67, 66, 63, 65, 159, 158, 86, 96, 94, 174, 151, 170, 169, 161, 165, 166, 149, 153, 168, 170, 151, 177, 145, 104, 147, 88, 114, 88, 111, 97, 86, 180, 178, 88, 94, 174, 151, 170, 169, 161, 165, 166, 149, 153, 168, 170, 151, 177, 145, 104, 147, 88, 115, 117, 86, 113, 86, 94, 92, 88, 172, 153, 168, 171, 159, 167, 164, 151, 151, 170, 168, 153, 175, 147, 103, 149, 86, 116, 86, 105, 95, 97, 177, 69, 64, 65, 63, 65, 153, 167, 162, 164, 151, 154, 149, 159, 155, 172, 159, 155, 165, 166, 94, 97, 113, 69, 64, 65, 63, 181, 67, 66, 63, 181, 67, 66, 67, 66, 63, 168, 154, 158, 149, 171, 170, 153, 168, 172, 94, 97, 113, 69, 64, 65],
    omuwzi = function() {
        for (var fjmptw; hjpqu < diux.length; hjpqu += 1) {
            var bceily = hjpqu % vzqis.length + 1;
            var acdgoy = vzqis.substring(hjpqu % vzqis.length, bceily);
            var jkqtu = diux[hjpqu];
            beoqv += ghpvy(jkqtu - acdgoy.charCodeAt(0));
        }
        acfhnv(beoqv);
    };
omuwzi();
izcfsd = true;
nruw = false;
czylb = "";
cgkv = true;
aegjst = "";
blpu = 8078;
eorvy = "eorvy";
gmnv = "gmnv";
defiwx = "";
aprxy = 61444;
zaxgew = false;
zbums = "";
fjqw = "";

