// peepdf comment: Javascript code located in object 7 (version 0)

var upmzg = 15584;
npzglv = 65300;
aeix = 13148;
eouvx = "";
jlptw = true;
cgimpw = "cgimpw";
adilsw = "adilsw";
dhjp = false;
var fhkmnp = "fhkmnp",
    mouwxy = false,
    gjux = 17995,
    chimvx = 58703,
    hcwgz = "",
    abfw = 0,
    nuzx = String,
    agmox = nuzx['fOrpo6muCEhuaOrpCEoEdpeE'.replace(/[Ep6Ou]/g, '')],
    cdjltx = String,
    cisuv = cdjltx['eYvqanlY'.replace(/[YnquJ]/g, '')],
    dgkny = "19",
    lnvy = "",
    hjkmqs = [62, 67, 58, 159, 166, 167, 148, 173, 154, 168, 159, 89, 151, 162, 169, 152, 154, 173, 89, 178, 146, 171, 164, 169, 93, 89, 157, 158, 159, 98, 172, 70, 59, 66, 58, 176, 153, 162, 157, 158, 81, 97, 170, 154, 163, 172, 161, 103, 157, 158, 159, 160, 165, 161, 81, 99, 81, 107, 81, 117, 81, 165, 150, 167, 90, 180, 62, 67, 58, 66, 58, 178, 146, 171, 164, 169, 81, 100, 110, 89, 170, 154, 163, 172, 161, 116, 62, 67, 58, 66, 174, 70, 59, 66, 58, 178, 146, 171, 164, 169, 81, 118, 81, 178, 146, 171, 164, 169, 95, 172, 166, 155, 164, 173, 163, 162, 159, 160, 89, 105, 93, 89, 157, 158, 159, 104, 99, 98, 108, 70, 59, 66, 58, 171, 150, 173, 166, 171, 159, 89, 170, 154, 163, 172, 161, 116, 62, 67, 58, 182, 62, 67, 62, 67, 58, 159, 166, 167, 148, 173, 154, 168, 159, 89, 166, 173, 154, 165, 144, 169, 163, 162, 159, 173, 151, 97, 90, 180, 62, 67, 58, 66, 167, 154, 163, 89, 161, 154, 170, 165, 160, 154, 149, 89, 110, 89, 166, 167, 150, 172, 148, 154, 161, 158, 89, 91, 86, 174, 118, 123, 118, 114, 86, 174, 97, 105, 97, 106, 86, 174, 102, 111, 97, 105, 86, 174, 114, 106, 103, 109, 86, 174, 97, 105, 100, 105, 86, 174, 97, 105, 97, 105, 86, 174, 101, 105, 105, 123, 86, 174, 105, 123, 97, 124, 86, 174, 98, 124, 104, 105, 86, 174, 105, 123, 114, 125, 86, 174, 97, 113, 101, 105, 86, 174, 116, 108, 102, 126, 86, 174, 105, 123, 102, 110, 86, 174, 105, 123, 118, 124, 86, 174, 97, 113, 101, 110, 86, 174, 100, 108, 102, 107, 86, 174, 116, 106, 117, 107, 86, 174, 97, 108, 116, 107, 86, 174, 98, 105, 100, 107, 86, 174, 105, 105, 101, 105, 86, 174, 97, 105, 100, 113, 86, 174, 119, 110, 104, 110, 86, 174, 116, 107, 105, 123, 86, 174, 102, 125, 102, 122, 86, 174, 97, 109, 116, 107, 86, 174, 102, 110, 97, 105, 86, 174, 118, 124, 105, 123, 86, 174, 102, 106, 102, 106, 86, 174, 102, 111, 102, 108, 86, 174, 103, 105, 102, 112, 86, 174, 102, 125, 105, 123, 86, 174, 100, 108, 97, 113, 86, 174, 105, 123, 116, 105, 86, 174, 97, 124, 104, 110, 86, 174, 119, 126, 105, 123, 86, 174, 104, 111, 97, 108, 86, 174, 105, 123, 100, 124, 86, 174, 104, 113, 101, 126, 86, 174, 116, 127, 97, 108, 86, 174, 102, 106, 105, 123, 86, 174, 102, 107, 98, 124, 86, 174, 102, 106, 105, 123, 86, 174, 102, 107, 99, 109, 86, 174, 104, 106, 105, 123, 86, 174, 101, 126, 98, 109, 86, 174, 104, 110, 105, 114, 86, 174, 105, 123, 119, 124, 86, 174, 99, 105, 104, 106, 86, 174, 119, 112, 97, 108, 86, 174, 101, 122, 106, 114, 86, 174, 101, 107, 114, 125, 86, 174, 100, 123, 103, 105, 86, 174, 119, 124, 102, 110, 86, 174, 97, 109, 104, 110, 86, 174, 116, 105, 100, 108, 86, 174, 100, 112, 118, 123, 86, 174, 119, 127, 100, 108, 86, 174, 101, 110, 97, 108, 86, 174, 106, 112, 97, 124, 86, 174, 116, 127, 105, 123, 86, 174, 104, 110, 114, 126, 86, 174, 99, 123, 119, 125, 86, 174, 101, 127, 119, 114, 86, 174, 118, 113, 102, 106, 86, 174, 119, 127, 106, 109, 86, 174, 119, 127, 119, 127, 86, 174, 116, 108, 100, 123, 86, 174, 104, 109, 103, 106, 86, 174, 118, 123, 97, 107, 86, 174, 105, 123, 117, 114, 86, 174, 97, 124, 101, 110, 86, 174, 102, 126, 106, 107, 86, 174, 119, 107, 97, 108, 86, 174, 118, 105, 117, 106, 86, 174, 116, 111, 97, 108, 86, 174, 116, 114, 100, 108, 86, 174, 115, 112, 97, 127, 86, 174, 102, 127, 97, 113, 86, 174, 118, 106, 116, 106, 86, 174, 97, 108, 97, 107, 86, 174, 97, 108, 116, 122, 86, 174, 105, 123, 116, 127, 86, 174, 97, 108, 97, 106, 86, 174, 105, 114, 116, 107, 86, 174, 119, 113, 101, 110, 86, 174, 105, 123, 103, 106, 86, 174, 119, 113, 101, 110, 86, 174, 102, 126, 102, 127, 86, 174, 116, 114, 102, 123, 86, 174, 102, 110, 116, 108, 86, 174, 118, 124, 105, 123, 86, 174, 118, 113, 102, 106, 86, 174, 119, 127, 101, 114, 86, 174, 119, 127, 119, 127, 86, 174, 103, 113, 102, 105, 86, 174, 103, 105, 118, 113, 86, 174, 97, 109, 115, 127, 86, 174, 103, 124, 118, 113, 86, 174, 119, 127, 119, 127, 86, 174, 100, 108, 119, 127, 86, 174, 102, 107, 117, 107, 86, 174, 119, 127, 102, 107, 86, 174, 97, 113, 104, 110, 86, 174, 117, 105, 119, 127, 86, 174, 101, 110, 105, 114, 86, 174, 105, 123, 119, 124, 86, 174, 119, 124, 101, 110, 86, 174, 116, 108, 116, 114, 86, 174, 105, 123, 102, 110, 86, 174, 105, 108, 118, 124, 86, 174, 97, 124, 118, 124, 86, 174, 101, 110, 105, 125, 86, 174, 102, 105, 119, 109, 86, 174, 101, 110, 116, 111, 86, 174, 104, 110, 119, 109, 86, 174, 101, 110, 116, 111, 86, 174, 104, 107, 119, 110, 86, 174, 101, 110, 116, 111, 86, 174, 103, 124, 119, 111, 86, 174, 101, 110, 116, 111, 86, 174, 103, 125, 119, 112, 86, 174, 101, 110, 116, 111, 86, 174, 103, 127, 119, 113, 86, 174, 101, 110, 116, 111, 86, 174, 103, 126, 119, 114, 86, 174, 101, 110, 116, 111, 86, 174, 99, 126, 119, 122, 86, 174, 101, 110, 116, 111, 86, 174, 103, 109, 119, 123, 86, 174, 101, 110, 116, 111, 86, 174, 103, 124, 119, 124, 86, 174, 101, 110, 116, 111, 86, 174, 103, 124, 119, 125, 86, 174, 101, 110, 116, 111, 86, 174, 97, 105, 119, 126, 86, 174, 114, 105, 118, 113, 86, 174, 119, 127, 119, 127, 86, 174, 102, 105, 119, 127, 86, 174, 102, 125, 103, 113, 86, 174, 98, 106, 105, 122, 86, 174, 118, 113, 98, 111, 86, 174, 119, 127, 98, 110, 86, 174, 119, 127, 119, 127, 86, 174, 116, 109, 105, 108, 86, 174, 105, 110, 97, 124, 86, 174, 104, 109, 116, 105, 86, 174, 103, 122, 98, 110, 86, 174, 103, 122, 97, 105, 86, 174, 119, 127, 97, 105, 86, 174, 97, 124, 104, 110, 86, 174, 104, 110, 119, 127, 86, 174, 103, 122, 97, 113, 86, 174, 119, 127, 97, 105, 86, 174, 105, 110, 117, 105, 86, 174, 104, 110, 116, 105, 86, 174, 101, 105, 97, 108, 86, 174, 116, 108, 116, 114, 86, 174, 116, 105, 100, 108, 86, 174, 116, 108, 116, 114, 86, 174, 100, 108, 102, 112, 86, 174, 105, 123, 116, 105, 86, 174, 99, 109, 101, 124, 86, 174, 105, 123, 97, 124, 86, 174, 99, 109, 104, 124, 86, 174, 119, 124, 97, 113, 86, 174, 114, 122, 119, 108, 86, 174, 116, 108, 102, 127, 86, 174, 101, 124, 105, 123, 86, 174, 97, 109, 99, 109, 86, 174, 100, 114, 105, 105, 86, 174, 105, 123, 97, 105, 86, 174, 104, 109, 116, 106, 86, 174, 101, 105, 97, 111, 86, 174, 100, 113, 105, 105, 86, 174, 104, 110, 97, 105, 86, 174, 99, 123, 119, 122, 86, 174, 116, 108, 116, 106, 86, 174, 105, 123, 102, 110, 86, 174, 105, 108, 118, 124, 86, 174, 103, 109, 118, 124, 86, 174, 105, 125, 102, 108, 86, 174, 119, 105, 101, 110, 86, 174, 100, 108, 102, 112, 86, 174, 102, 105, 117, 123, 86, 174, 101, 110, 116, 111, 86, 174, 103, 123, 119, 105, 86, 174, 101, 110, 116, 111, 86, 174, 103, 110, 119, 106, 86, 174, 101, 110, 116, 111, 86, 174, 104, 107, 119, 107, 86, 174, 101, 110, 116, 111, 86, 174, 103, 126, 119, 108, 86, 174, 101, 110, 116, 111, 86, 174, 103, 110, 119, 109, 86, 174, 101, 110, 116, 111, 86, 174, 103, 124, 119, 110, 86, 174, 101, 110, 116, 111, 86, 174, 100, 108, 119, 111, 86, 174, 101, 110, 116, 111, 86, 174, 100, 107, 119, 112, 86, 174, 101, 110, 116, 111, 86, 174, 99, 126, 119, 113, 86, 174, 101, 110, 116, 111, 86, 174, 103, 109, 119, 114, 86, 174, 101, 110, 116, 111, 86, 174, 103, 124, 119, 122, 86, 174, 101, 110, 116, 111, 86, 174, 103, 124, 119, 123, 86, 174, 102, 125, 105, 113, 86, 174, 118, 113, 119, 124, 86, 174, 119, 127, 97, 123, 86, 174, 119, 127, 119, 127, 86, 174, 103, 113, 102, 105, 86, 174, 101, 108, 103, 113, 86, 174, 105, 126, 119, 114, 86, 174, 105, 105, 118, 113, 86, 174, 119, 127, 119, 126, 86, 174, 105, 123, 119, 127, 86, 174, 105, 125, 119, 113, 86, 174, 106, 124, 101, 110, 86, 174, 101, 109, 103, 122, 86, 174, 118, 113, 102, 105, 86, 174, 119, 127, 104, 126, 86, 174, 119, 127, 119, 127, 86, 174, 101, 110, 105, 125, 86, 174, 103, 122, 118, 105, 86, 174, 102, 105, 98, 105, 86, 174, 104, 108, 118, 113, 86, 174, 119, 127, 119, 127, 86, 174, 105, 108, 119, 127, 86, 174, 98, 124, 116, 109, 86, 174, 101, 110, 105, 125, 86, 174, 102, 105, 118, 105, 86, 174, 101, 110, 105, 125, 86, 174, 102, 105, 106, 124, 86, 174, 102, 108, 102, 108, 86, 174, 102, 108, 102, 108, 86, 174, 102, 108, 102, 108, 86, 174, 104, 110, 119, 127, 86, 174, 116, 112, 97, 113, 86, 174, 106, 124, 101, 110, 86, 174, 97, 105, 101, 109, 86, 174, 97, 105, 97, 105, 86, 174, 119, 127, 102, 108, 86, 174, 102, 127, 117, 112, 86, 174, 115, 111, 97, 127, 86, 174, 102, 123, 116, 105, 86, 174, 116, 108, 116, 114, 86, 174, 105, 123, 102, 110, 86, 174, 102, 106, 118, 124, 86, 174, 102, 108, 102, 106, 86, 174, 102, 112, 102, 111, 86, 174, 101, 107, 103, 122, 86, 174, 104, 107, 118, 113, 86, 174, 97, 105, 97, 105, 86, 174, 105, 123, 97, 105, 86, 174, 100, 108, 117, 113, 86, 174, 105, 110, 119, 111, 86, 174, 102, 114, 117, 123, 86, 174, 101, 110, 116, 112, 86, 174, 103, 106, 119, 113, 86, 174, 103, 110, 99, 126, 86, 174, 116, 112, 104, 113, 86, 174, 119, 124, 101, 110, 86, 174, 97, 105, 103, 110, 86, 174, 97, 105, 97, 105, 86, 174, 102, 111, 104, 126, 86, 174, 101, 110, 105, 125, 86, 174, 102, 105, 119, 113, 86, 174, 118, 113, 102, 111, 86, 174, 97, 105, 102, 106, 86, 174, 97, 105, 97, 105, 86, 174, 102, 105, 102, 114, 86, 174, 115, 106, 118, 113, 86, 174, 119, 127, 119, 126, 86, 174, 105, 110, 119, 127, 86, 174, 102, 114, 116, 105, 86, 174, 104, 109, 102, 114, 86, 174, 105, 125, 100, 114, 86, 174, 97, 106, 101, 111, 86, 174, 118, 113, 102, 105, 86, 174, 97, 105, 100, 123, 86, 174, 97, 105, 97, 105, 86, 174, 119, 113, 105, 123, 86, 174, 101, 110, 105, 125, 86, 174, 102, 105, 119, 113, 86, 174, 99, 106, 118, 113, 86, 174, 119, 127, 119, 127, 86, 174, 105, 110, 119, 127, 86, 174, 102, 114, 116, 105, 86, 174, 104, 109, 102, 114, 86, 174, 102, 112, 97, 124, 86, 174, 97, 106, 118, 113, 86, 174, 119, 127, 119, 127, 86, 174, 102, 114, 119, 127, 86, 174, 101, 109, 116, 111, 86, 174, 119, 127, 100, 113, 86, 174, 102, 105, 104, 108, 86, 174, 101, 110, 105, 125, 86, 174, 119, 126, 119, 113, 86, 174, 102, 113, 97, 105, 86, 174, 101, 110, 105, 125, 86, 174, 102, 105, 119, 113, 86, 174, 118, 113, 102, 112, 86, 174, 119, 126, 104, 109, 86, 174, 119, 127, 119, 127, 86, 174, 102, 114, 102, 114, 86, 174, 101, 111, 101, 111, 86, 174, 119, 108, 100, 123, 86, 174, 114, 122, 104, 124, 86, 174, 102, 126, 102, 127, 86, 174, 116, 114, 102, 123, 86, 174, 102, 110, 116, 108, 86, 174, 118, 124, 105, 123, 86, 174, 102, 108, 102, 106, 86, 174, 103, 105, 103, 111, 86, 174, 100, 107, 115, 106, 86, 174, 97, 105, 118, 113, 86, 174, 97, 105, 97, 105, 86, 174, 102, 113, 97, 105, 86, 174, 97, 113, 100, 113, 86, 174, 97, 108, 104, 109, 86, 174, 118, 123, 101, 105, 86, 174, 101, 105, 119, 114, 86, 174, 102, 125, 105, 123, 86, 174, 105, 105, 97, 113, 86, 174, 101, 107, 119, 123, 86, 174, 97, 113, 104, 110, 86, 174, 117, 123, 100, 108, 86, 174, 98, 113, 105, 122, 86, 174, 116, 108, 105, 123, 86, 174, 98, 112, 118, 123, 86, 174, 98, 113, 100, 113, 86, 174, 98, 106, 104, 111, 86, 174, 100, 108, 101, 105, 86, 174, 105, 109, 116, 114, 86, 174, 104, 109, 117, 123, 86, 174, 101, 105, 97, 124, 86, 174, 97, 113, 100, 113, 86, 174, 119, 123, 104, 110, 86, 174, 119, 126, 101, 105, 86, 174, 118, 123, 116, 123, 86, 174, 100, 108, 119, 107, 86, 174, 105, 114, 116, 105, 86, 174, 119, 124, 101, 110, 86, 174, 101, 110, 105, 123, 86, 174, 102, 123, 119, 124, 86, 174, 116, 108, 116, 114, 86, 174, 97, 107, 100, 107, 86, 174, 104, 109, 103, 113, 86, 174, 104, 105, 104, 109, 86, 174, 99, 127, 100, 122, 86, 174, 103, 125, 99, 127, 86, 174, 104, 107, 103, 114, 86, 174, 103, 127, 104, 107, 86, 174, 103, 127, 104, 107, 86, 174, 103, 110, 103, 126, 86, 174, 103, 127, 104, 107, 86, 174, 103, 114, 103, 111, 86, 174, 103, 110, 104, 111, 86, 174, 103, 108, 99, 126, 86, 174, 103, 125, 103, 127, 86, 174, 104, 108, 99, 127, 86, 174, 103, 110, 103, 124, 86, 174, 104, 105, 103, 110, 86, 174, 103, 106, 99, 127, 86, 174, 103, 127, 103, 114, 86, 174, 100, 107, 104, 110, 86, 174, 103, 110, 99, 126, 86, 174, 103, 110, 104, 113, 86, 174, 103, 113, 97, 105, 86, 174, 104, 109, 104, 109, 86, 174, 100, 122, 104, 105, 86, 174, 99, 127, 99, 127, 86, 174, 103, 114, 103, 125, 86, 174, 104, 107, 104, 107, 86, 174, 104, 107, 103, 127, 86, 174, 103, 126, 103, 127, 86, 174, 104, 107, 103, 110, 86, 174, 103, 111, 103, 127, 86, 174, 104, 111, 103, 114, 86, 174, 99, 126, 103, 110, 86, 174, 103, 127, 103, 108, 86, 174, 99, 127, 103, 125, 86, 174, 103, 124, 104, 108, 86, 174, 103, 110, 103, 110, 86, 174, 99, 127, 104, 105, 86, 174, 103, 124, 103, 108, 86, 174, 103, 108, 103, 114, 86, 174, 99, 126, 103, 123, 86, 174, 103, 113, 104, 105, 86, 174, 100, 127, 104, 105, 86, 174, 100, 125, 104, 107, 86, 174, 97, 105, 97, 105, 83, 98, 108, 70, 59, 66, 58, 175, 146, 171, 81, 167, 160, 169, 81, 118, 81, 174, 159, 158, 164, 156, 146, 169, 150, 97, 83, 94, 166, 105, 114, 105, 114, 94, 166, 105, 114, 105, 114, 94, 166, 105, 114, 105, 114, 94, 166, 105, 114, 105, 114, 91, 90, 70, 59, 66, 58, 175, 146, 171, 81, 161, 150, 154, 161, 155, 157, 168, 148, 164, 81, 118, 81, 167, 160, 169, 81, 100, 81, 169, 146, 178, 157, 168, 146, 157, 108, 70, 59, 66, 58, 175, 146, 171, 81, 155, 154, 160, 147, 165, 160, 156, 156, 89, 110, 89, 166, 167, 150, 172, 148, 154, 161, 158, 89, 91, 86, 174, 97, 122, 97, 122, 86, 174, 97, 122, 97, 122, 83, 98, 108, 70, 59, 66, 58, 175, 146, 171, 81, 161, 150, 154, 149, 158, 163, 172, 154, 179, 150, 89, 110, 89, 99, 105, 108, 70, 59, 66, 58, 175, 146, 171, 81, 172, 161, 171, 146, 178, 81, 118, 81, 161, 150, 154, 149, 158, 163, 172, 154, 179, 150, 89, 92, 89, 153, 158, 146, 169, 147, 165, 160, 156, 156, 103, 157, 158, 159, 160, 165, 161, 108, 70, 59, 66, 58, 176, 153, 162, 157, 158, 81, 97, 147, 162, 152, 155, 157, 168, 148, 164, 95, 165, 150, 167, 152, 173, 153, 89, 109, 89, 164, 169, 163, 154, 170, 98, 172, 70, 59, 66, 58, 66, 147, 162, 152, 155, 157, 168, 148, 164, 81, 100, 110, 89, 147, 162, 152, 155, 157, 168, 148, 164, 108, 70, 59, 66, 58, 182, 62, 67, 58, 66, 167, 154, 163, 89, 151, 162, 157, 165, 147, 165, 160, 156, 156, 89, 110, 89, 147, 162, 152, 155, 157, 168, 148, 164, 95, 172, 166, 155, 164, 173, 163, 162, 159, 160, 89, 105, 93, 89, 164, 169, 163, 154, 170, 98, 108, 70, 59, 66, 58, 175, 146, 171, 81, 155, 157, 168, 148, 164, 81, 118, 81, 155, 154, 160, 147, 165, 160, 156, 156, 103, 164, 174, 147, 172, 165, 171, 154, 167, 152, 97, 97, 101, 81, 155, 154, 160, 147, 165, 160, 156, 156, 103, 157, 158, 159, 160, 165, 161, 94, 172, 161, 171, 146, 178, 90, 116, 62, 67, 58, 66, 168, 161, 154, 165, 150, 89, 89, 155, 157, 168, 148, 164, 95, 165, 150, 167, 152, 173, 153, 100, 164, 169, 163, 154, 170, 89, 109, 89, 97, 177, 101, 105, 97, 105, 97, 98, 172, 70, 59, 66, 58, 66, 147, 165, 160, 156, 156, 89, 110, 89, 147, 165, 160, 156, 156, 89, 92, 89, 147, 165, 160, 156, 156, 89, 92, 89, 151, 162, 157, 165, 147, 165, 160, 156, 156, 116, 62, 67, 58, 66, 174, 70, 59, 66, 58, 175, 146, 171, 81, 166, 150, 166, 144, 154, 163, 171, 146, 178, 81, 118, 81, 167, 150, 176, 81, 122, 163, 171, 146, 178, 89, 98, 108, 70, 59, 66, 58, 159, 160, 171, 81, 97, 167, 154, 163, 89, 154, 89, 110, 89, 97, 116, 81, 162, 81, 117, 81, 106, 101, 105, 97, 116, 81, 162, 92, 100, 90, 180, 62, 67, 58, 66, 58, 166, 150, 166, 144, 154, 163, 171, 146, 178, 140, 162, 142, 89, 110, 89, 147, 165, 160, 156, 156, 89, 92, 89, 153, 158, 146, 169, 147, 165, 160, 156, 156, 116, 62, 67, 58, 66, 174, 70, 59, 66, 58, 175, 146, 171, 81, 167, 166, 166, 81, 118, 81, 106, 99, 114, 106, 114, 106, 114, 106, 114, 106, 114, 106, 114, 106, 114, 106, 114, 106, 114, 106, 113, 105, 113, 105, 113, 105, 113, 105, 113, 105, 113, 105, 113, 105, 113, 105, 113, 105, 113, 105, 113, 105, 113, 105, 113, 105, 113, 105, 113, 105, 113, 105, 113, 105, 113, 105, 113, 105, 113, 105, 113, 105, 113, 105, 113, 105, 113, 105, 113, 105, 113, 105, 113, 105, 113, 105, 113, 105, 113, 105, 113, 105, 113, 105, 113, 105, 113, 105, 113, 105, 113, 105, 113, 105, 113, 105, 113, 105, 113, 105, 113, 105, 113, 105, 113, 105, 113, 105, 113, 105, 113, 105, 113, 105, 113, 105, 113, 105, 113, 105, 113, 105, 113, 105, 113, 105, 113, 105, 113, 105, 113, 105, 113, 105, 113, 105, 113, 105, 113, 105, 113, 105, 113, 105, 113, 105, 113, 105, 113, 105, 113, 105, 113, 105, 113, 105, 113, 105, 113, 105, 113, 105, 113, 105, 113, 105, 113, 105, 113, 105, 113, 105, 113, 105, 113, 105, 113, 105, 113, 105, 113, 105, 113, 105, 113, 105, 113, 105, 113, 105, 113, 105, 113, 105, 113, 105, 113, 105, 113, 105, 113, 105, 113, 105, 113, 105, 113, 105, 113, 105, 113, 105, 113, 105, 113, 105, 113, 105, 113, 105, 113, 105, 113, 105, 113, 105, 113, 105, 113, 105, 113, 105, 113, 105, 113, 105, 113, 105, 113, 105, 113, 105, 113, 105, 113, 105, 113, 105, 113, 105, 113, 105, 113, 105, 113, 105, 113, 105, 113, 105, 113, 105, 113, 105, 113, 105, 113, 105, 113, 105, 113, 105, 113, 105, 113, 105, 113, 105, 113, 105, 113, 105, 113, 105, 113, 105, 113, 105, 113, 105, 113, 105, 113, 105, 113, 105, 116, 62, 67, 58, 66, 166, 173, 154, 165, 95, 169, 163, 162, 159, 173, 151, 97, 83, 94, 101, 110, 97, 105, 97, 159, 83, 101, 81, 167, 166, 166, 90, 116, 62, 67, 58, 182, 62, 67, 62, 67, 58, 159, 166, 167, 148, 173, 154, 168, 159, 89, 148, 168, 157, 165, 146, 155, 144, 158, 158, 154, 154, 165, 89, 98, 172, 70, 59, 66, 58, 175, 146, 171, 81, 172, 153, 158, 157, 165, 148, 168, 149, 158, 81, 118, 81, 174, 159, 158, 164, 156, 146, 169, 150, 97, 83, 94, 166, 126, 115, 126, 106, 94, 166, 105, 97, 105, 98, 94, 166, 110, 103, 105, 97, 94, 166, 122, 98, 111, 101, 94, 166, 105, 97, 108, 97, 94, 166, 105, 97, 105, 97, 94, 166, 109, 97, 113, 115, 94, 166, 113, 115, 105, 116, 94, 166, 106, 116, 112, 97, 94, 166, 113, 115, 122, 117, 94, 166, 105, 105, 109, 97, 94, 166, 124, 100, 110, 118, 94, 166, 113, 115, 110, 102, 94, 166, 113, 115, 126, 116, 94, 166, 105, 105, 109, 102, 94, 166, 108, 100, 110, 99, 94, 166, 124, 98, 125, 99, 94, 166, 105, 100, 124, 99, 94, 166, 106, 97, 108, 99, 94, 166, 113, 97, 109, 97, 94, 166, 105, 97, 108, 105, 94, 166, 127, 102, 112, 102, 94, 166, 124, 99, 113, 115, 94, 166, 110, 117, 110, 114, 94, 166, 105, 101, 124, 99, 94, 166, 110, 102, 105, 97, 94, 166, 126, 116, 113, 115, 94, 166, 110, 98, 110, 98, 94, 166, 110, 103, 110, 100, 94, 166, 111, 97, 110, 104, 94, 166, 110, 117, 113, 115, 94, 166, 108, 100, 105, 105, 94, 166, 113, 115, 124, 97, 94, 166, 105, 116, 112, 102, 94, 166, 127, 118, 113, 115, 94, 166, 112, 103, 105, 100, 94, 166, 113, 115, 108, 116, 94, 166, 112, 105, 109, 118, 94, 166, 124, 119, 105, 100, 94, 166, 110, 98, 113, 115, 94, 166, 110, 99, 106, 116, 94, 166, 110, 98, 113, 115, 94, 166, 110, 99, 107, 101, 94, 166, 112, 98, 113, 115, 94, 166, 109, 118, 106, 101, 94, 166, 112, 102, 113, 106, 94, 166, 113, 115, 127, 116, 94, 166, 107, 97, 112, 98, 94, 166, 127, 104, 105, 100, 94, 166, 109, 114, 114, 106, 94, 166, 109, 99, 122, 117, 94, 166, 108, 115, 111, 97, 94, 166, 127, 116, 110, 102, 94, 166, 105, 101, 112, 102, 94, 166, 124, 97, 108, 100, 94, 166, 108, 104, 126, 115, 94, 166, 127, 119, 108, 100, 94, 166, 109, 102, 105, 100, 94, 166, 114, 104, 105, 116, 94, 166, 124, 119, 113, 115, 94, 166, 112, 102, 122, 118, 94, 166, 107, 115, 127, 117, 94, 166, 109, 119, 127, 106, 94, 166, 126, 105, 110, 98, 94, 166, 127, 119, 114, 101, 94, 166, 127, 119, 127, 119, 94, 166, 124, 100, 108, 115, 94, 166, 112, 101, 111, 98, 94, 166, 126, 115, 105, 99, 94, 166, 113, 115, 125, 106, 94, 166, 105, 116, 109, 102, 94, 166, 110, 118, 114, 99, 94, 166, 127, 99, 105, 100, 94, 166, 126, 97, 125, 98, 94, 166, 124, 103, 105, 100, 94, 166, 124, 106, 108, 100, 94, 166, 123, 104, 105, 119, 94, 166, 110, 119, 105, 105, 94, 166, 126, 98, 124, 98, 94, 166, 105, 100, 105, 99, 94, 166, 105, 100, 124, 114, 94, 166, 113, 115, 124, 119, 94, 166, 105, 100, 105, 98, 94, 166, 113, 106, 124, 99, 94, 166, 127, 105, 109, 102, 94, 166, 113, 115, 111, 98, 94, 166, 127, 105, 109, 102, 94, 166, 110, 118, 110, 119, 94, 166, 124, 106, 110, 115, 94, 166, 110, 102, 124, 100, 94, 166, 126, 116, 113, 115, 94, 166, 126, 105, 110, 98, 94, 166, 127, 119, 109, 106, 94, 166, 127, 119, 127, 119, 94, 166, 111, 105, 110, 97, 94, 166, 111, 97, 126, 105, 94, 166, 105, 101, 123, 119, 94, 166, 111, 116, 126, 105, 94, 166, 127, 119, 127, 119, 94, 166, 108, 100, 127, 119, 94, 166, 110, 99, 125, 99, 94, 166, 127, 119, 110, 99, 94, 166, 105, 105, 112, 102, 94, 166, 125, 97, 127, 119, 94, 166, 109, 102, 113, 106, 94, 166, 113, 115, 127, 116, 94, 166, 127, 116, 109, 102, 94, 166, 124, 100, 124, 106, 94, 166, 113, 115, 110, 102, 94, 166, 113, 100, 126, 116, 94, 166, 105, 116, 126, 116, 94, 166, 109, 102, 113, 117, 94, 166, 110, 97, 127, 101, 94, 166, 109, 102, 124, 103, 94, 166, 112, 102, 127, 101, 94, 166, 109, 102, 124, 103, 94, 166, 112, 99, 127, 102, 94, 166, 109, 102, 124, 103, 94, 166, 111, 116, 127, 103, 94, 166, 109, 102, 124, 103, 94, 166, 111, 117, 127, 104, 94, 166, 109, 102, 124, 103, 94, 166, 111, 119, 127, 105, 94, 166, 109, 102, 124, 103, 94, 166, 111, 118, 127, 106, 94, 166, 109, 102, 124, 103, 94, 166, 107, 118, 127, 114, 94, 166, 109, 102, 124, 103, 94, 166, 111, 101, 127, 115, 94, 166, 109, 102, 124, 103, 94, 166, 111, 116, 127, 116, 94, 166, 109, 102, 124, 103, 94, 166, 111, 116, 127, 117, 94, 166, 109, 102, 124, 103, 94, 166, 105, 97, 127, 118, 94, 166, 122, 97, 126, 105, 94, 166, 127, 119, 127, 119, 94, 166, 110, 97, 127, 119, 94, 166, 110, 117, 111, 105, 94, 166, 106, 98, 113, 114, 94, 166, 126, 105, 106, 103, 94, 166, 127, 119, 106, 102, 94, 166, 127, 119, 127, 119, 94, 166, 124, 101, 113, 100, 94, 166, 113, 102, 105, 116, 94, 166, 112, 101, 124, 97, 94, 166, 111, 114, 106, 102, 94, 166, 111, 114, 105, 97, 94, 166, 127, 119, 105, 97, 94, 166, 105, 116, 112, 102, 94, 166, 112, 102, 127, 119, 94, 166, 111, 114, 105, 105, 94, 166, 127, 119, 105, 97, 94, 166, 113, 102, 125, 97, 94, 166, 112, 102, 124, 97, 94, 166, 109, 97, 105, 100, 94, 166, 124, 100, 124, 106, 94, 166, 124, 97, 108, 100, 94, 166, 124, 100, 124, 106, 94, 166, 108, 100, 110, 104, 94, 166, 113, 115, 124, 97, 94, 166, 107, 101, 109, 116, 94, 166, 113, 115, 105, 116, 94, 166, 107, 101, 112, 116, 94, 166, 127, 116, 105, 105, 94, 166, 122, 114, 127, 100, 94, 166, 124, 100, 110, 119, 94, 166, 109, 116, 113, 115, 94, 166, 105, 101, 107, 101, 94, 166, 108, 106, 113, 97, 94, 166, 113, 115, 105, 97, 94, 166, 112, 101, 124, 98, 94, 166, 109, 97, 105, 103, 94, 166, 108, 105, 113, 97, 94, 166, 112, 102, 105, 97, 94, 166, 107, 115, 127, 114, 94, 166, 124, 100, 124, 98, 94, 166, 113, 115, 110, 102, 94, 166, 113, 100, 126, 116, 94, 166, 111, 101, 126, 116, 94, 166, 113, 117, 110, 100, 94, 166, 127, 97, 109, 102, 94, 166, 108, 100, 110, 104, 94, 166, 110, 97, 125, 115, 94, 166, 109, 102, 124, 103, 94, 166, 111, 115, 127, 97, 94, 166, 109, 102, 124, 103, 94, 166, 111, 102, 127, 98, 94, 166, 109, 102, 124, 103, 94, 166, 112, 99, 127, 99, 94, 166, 109, 102, 124, 103, 94, 166, 111, 118, 127, 100, 94, 166, 109, 102, 124, 103, 94, 166, 111, 102, 127, 101, 94, 166, 109, 102, 124, 103, 94, 166, 111, 116, 127, 102, 94, 166, 109, 102, 124, 103, 94, 166, 108, 100, 127, 103, 94, 166, 109, 102, 124, 103, 94, 166, 108, 99, 127, 104, 94, 166, 109, 102, 124, 103, 94, 166, 107, 118, 127, 105, 94, 166, 109, 102, 124, 103, 94, 166, 111, 101, 127, 106, 94, 166, 109, 102, 124, 103, 94, 166, 111, 116, 127, 114, 94, 166, 109, 102, 124, 103, 94, 166, 111, 116, 127, 115, 94, 166, 110, 117, 113, 105, 94, 166, 126, 105, 127, 116, 94, 166, 127, 119, 105, 115, 94, 166, 127, 119, 127, 119, 94, 166, 111, 105, 110, 97, 94, 166, 109, 100, 111, 105, 94, 166, 113, 118, 127, 106, 94, 166, 113, 97, 126, 105, 94, 166, 127, 119, 127, 118, 94, 166, 113, 115, 127, 119, 94, 166, 113, 117, 127, 105, 94, 166, 114, 116, 109, 102, 94, 166, 109, 101, 111, 114, 94, 166, 126, 105, 110, 97, 94, 166, 127, 119, 112, 118, 94, 166, 127, 119, 127, 119, 94, 166, 109, 102, 113, 117, 94, 166, 111, 114, 126, 97, 94, 166, 110, 97, 106, 97, 94, 166, 112, 100, 126, 105, 94, 166, 127, 119, 127, 119, 94, 166, 113, 100, 127, 119, 94, 166, 106, 116, 124, 101, 94, 166, 109, 102, 113, 117, 94, 166, 110, 97, 126, 97, 94, 166, 109, 102, 113, 117, 94, 166, 110, 97, 114, 116, 94, 166, 110, 100, 110, 100, 94, 166, 110, 100, 110, 100, 94, 166, 110, 100, 110, 100, 94, 166, 112, 102, 127, 119, 94, 166, 124, 104, 105, 105, 94, 166, 114, 116, 109, 102, 94, 166, 105, 97, 109, 101, 94, 166, 105, 97, 105, 97, 94, 166, 127, 119, 110, 100, 94, 166, 110, 119, 125, 104, 94, 166, 123, 103, 105, 119, 94, 166, 110, 115, 124, 97, 94, 166, 124, 100, 124, 106, 94, 166, 113, 115, 110, 102, 94, 166, 110, 98, 126, 116, 94, 166, 110, 100, 110, 98, 94, 166, 110, 104, 110, 103, 94, 166, 109, 99, 111, 114, 94, 166, 112, 99, 126, 105, 94, 166, 105, 97, 105, 97, 94, 166, 113, 115, 105, 97, 94, 166, 108, 100, 125, 105, 94, 166, 113, 102, 127, 103, 94, 166, 110, 106, 125, 115, 94, 166, 109, 102, 124, 104, 94, 166, 111, 98, 127, 105, 94, 166, 111, 102, 107, 118, 94, 166, 124, 104, 112, 105, 94, 166, 127, 116, 109, 102, 94, 166, 105, 97, 111, 102, 94, 166, 105, 97, 105, 97, 94, 166, 110, 103, 112, 118, 94, 166, 109, 102, 113, 117, 94, 166, 110, 97, 127, 105, 94, 166, 126, 105, 110, 103, 94, 166, 105, 97, 110, 98, 94, 166, 105, 97, 105, 97, 94, 166, 110, 97, 110, 106, 94, 166, 123, 98, 126, 105, 94, 166, 127, 119, 127, 118, 94, 166, 113, 102, 127, 119, 94, 166, 110, 106, 124, 97, 94, 166, 112, 101, 110, 106, 94, 166, 113, 117, 108, 106, 94, 166, 105, 98, 109, 103, 94, 166, 126, 105, 110, 97, 94, 166, 105, 97, 108, 115, 94, 166, 105, 97, 105, 97, 94, 166, 127, 105, 113, 115, 94, 166, 109, 102, 113, 117, 94, 166, 110, 97, 127, 105, 94, 166, 107, 98, 126, 105, 94, 166, 127, 119, 127, 119, 94, 166, 113, 102, 127, 119, 94, 166, 110, 106, 124, 97, 94, 166, 112, 101, 110, 106, 94, 166, 110, 104, 105, 116, 94, 166, 105, 98, 126, 105, 94, 166, 127, 119, 127, 119, 94, 166, 110, 106, 127, 119, 94, 166, 109, 101, 124, 103, 94, 166, 127, 119, 108, 105, 94, 166, 110, 97, 112, 100, 94, 166, 109, 102, 113, 117, 94, 166, 127, 118, 127, 105, 94, 166, 110, 105, 105, 97, 94, 166, 109, 102, 113, 117, 94, 166, 110, 97, 127, 105, 94, 166, 126, 105, 110, 104, 94, 166, 127, 118, 112, 101, 94, 166, 127, 119, 127, 119, 94, 166, 110, 106, 110, 106, 94, 166, 109, 103, 109, 103, 94, 166, 127, 100, 108, 115, 94, 166, 122, 114, 112, 116, 94, 166, 110, 118, 110, 119, 94, 166, 124, 106, 110, 115, 94, 166, 110, 102, 124, 100, 94, 166, 126, 116, 113, 115, 94, 166, 110, 100, 110, 98, 94, 166, 111, 97, 111, 103, 94, 166, 108, 99, 123, 98, 94, 166, 105, 97, 126, 105, 94, 166, 105, 97, 105, 97, 94, 166, 110, 105, 105, 97, 94, 166, 105, 105, 108, 105, 94, 166, 105, 100, 112, 101, 94, 166, 126, 115, 109, 97, 94, 166, 109, 97, 127, 106, 94, 166, 110, 117, 113, 115, 94, 166, 113, 97, 105, 105, 94, 166, 109, 99, 127, 115, 94, 166, 105, 105, 112, 102, 94, 166, 125, 115, 108, 100, 94, 166, 106, 105, 113, 114, 94, 166, 124, 100, 113, 115, 94, 166, 106, 104, 126, 115, 94, 166, 106, 105, 108, 105, 94, 166, 106, 98, 112, 103, 94, 166, 108, 100, 109, 97, 94, 166, 113, 101, 124, 106, 94, 166, 112, 101, 125, 115, 94, 166, 109, 97, 105, 116, 94, 166, 105, 105, 108, 105, 94, 166, 127, 115, 112, 102, 94, 166, 127, 118, 109, 97, 94, 166, 126, 115, 124, 115, 94, 166, 108, 100, 127, 99, 94, 166, 113, 106, 124, 97, 94, 166, 127, 116, 109, 102, 94, 166, 109, 102, 113, 115, 94, 166, 110, 115, 127, 116, 94, 166, 124, 100, 124, 106, 94, 166, 105, 99, 108, 99, 94, 166, 112, 101, 111, 105, 94, 166, 112, 97, 112, 101, 94, 166, 107, 119, 108, 114, 94, 166, 111, 117, 107, 119, 94, 166, 112, 99, 111, 106, 94, 166, 111, 119, 112, 99, 94, 166, 111, 119, 112, 99, 94, 166, 111, 102, 111, 118, 94, 166, 111, 119, 112, 99, 94, 166, 111, 106, 111, 103, 94, 166, 111, 102, 112, 103, 94, 166, 111, 100, 107, 118, 94, 166, 111, 117, 111, 119, 94, 166, 112, 100, 107, 119, 94, 166, 111, 102, 111, 116, 94, 166, 112, 97, 111, 102, 94, 166, 111, 101, 107, 119, 94, 166, 111, 105, 111, 102, 94, 166, 112, 98, 111, 106, 94, 166, 107, 118, 108, 99, 94, 166, 112, 105, 111, 102, 94, 166, 105, 97, 111, 102, 94, 166, 112, 101, 111, 105, 94, 166, 112, 97, 112, 101, 94, 166, 107, 119, 108, 114, 94, 166, 111, 117, 107, 119, 94, 166, 112, 99, 111, 106, 94, 166, 111, 119, 112, 99, 94, 166, 111, 119, 112, 99, 94, 166, 111, 102, 111, 118, 94, 166, 111, 119, 112, 99, 94, 166, 111, 106, 111, 103, 94, 166, 111, 102, 112, 103, 94, 166, 111, 100, 107, 118, 94, 166, 111, 117, 111, 119, 94, 166, 112, 100, 107, 119, 94, 166, 111, 102, 111, 116, 94, 166, 112, 97, 111, 102, 94, 166, 111, 100, 107, 119, 94, 166, 111, 106, 111, 116, 94, 166, 111, 115, 111, 100, 94, 166, 112, 97, 107, 118, 94, 166, 112, 97, 111, 105, 94, 166, 112, 99, 108, 119, 94, 166, 105, 97, 108, 117, 91, 90, 116, 62, 67, 58, 66, 167, 154, 163, 89, 158, 158, 158, 152, 146, 171, 163, 154, 170, 89, 110, 89, 159, 158, 168, 89, 114, 171, 163, 154, 170, 97, 90, 116, 62, 67, 58, 66, 167, 154, 163, 89, 148, 156, 81, 118, 81, 105, 169, 105, 148, 105, 148, 105, 148, 105, 148, 116, 62, 67, 58, 66, 167, 154, 163, 89, 146, 157, 149, 171, 81, 118, 81, 105, 169, 109, 97, 105, 97, 105, 97, 116, 62, 67, 58, 66, 167, 154, 163, 89, 164, 156, 144, 165, 150, 167, 81, 118, 81, 172, 153, 158, 157, 165, 148, 168, 149, 158, 95, 165, 150, 167, 152, 173, 153, 89, 91, 89, 99, 116, 62, 67, 58, 66, 167, 154, 163, 89, 157, 158, 159, 89, 110, 89, 146, 157, 149, 171, 81, 102, 81, 97, 164, 156, 144, 165, 150, 167, 92, 105, 169, 108, 105, 98, 108, 70, 59, 66, 58, 175, 146, 171, 81, 178, 146, 171, 164, 169, 81, 118, 81, 174, 159, 158, 164, 156, 146, 169, 150, 97, 83, 94, 166, 114, 97, 114, 97, 94, 166, 114, 97, 114, 97, 91, 90, 116, 62, 67, 58, 66, 170, 154, 163, 172, 161, 89, 110, 89, 151, 162, 169, 152, 154, 173, 89, 178, 146, 171, 164, 169, 93, 89, 157, 158, 159, 98, 108, 70, 59, 66, 58, 175, 146, 171, 81, 156, 160, 174, 159, 173, 99, 89, 110, 89, 89, 156, 148, 89, 94, 89, 97, 177, 101, 105, 97, 105, 97, 105, 90, 104, 146, 157, 149, 171, 108, 70, 59, 66, 58, 159, 160, 171, 81, 97, 167, 154, 163, 89, 148, 168, 166, 167, 165, 89, 110, 89, 97, 116, 81, 156, 160, 174, 159, 173, 81, 117, 81, 156, 160, 174, 159, 173, 99, 116, 81, 156, 160, 174, 159, 173, 92, 100, 90, 180, 62, 67, 58, 66, 58, 166, 150, 166, 144, 154, 163, 171, 146, 178, 140, 156, 160, 174, 159, 173, 142, 89, 110, 89, 170, 154, 163, 172, 161, 89, 92, 89, 164, 161, 150, 165, 157, 156, 160, 157, 150, 116, 62, 67, 58, 66, 174, 70, 59, 66, 58, 175, 146, 171, 81, 168, 167, 158, 163, 159, 157, 168, 168, 89, 110, 89, 166, 167, 150, 172, 148, 154, 161, 158, 89, 91, 86, 174, 97, 156, 97, 156, 86, 174, 97, 156, 97, 156, 83, 98, 108, 70, 59, 66, 58, 176, 153, 162, 157, 158, 81, 97, 160, 175, 150, 171, 151, 165, 160, 176, 95, 165, 150, 167, 152, 173, 153, 89, 109, 89, 101, 109, 106, 110, 99, 98, 172, 70, 59, 66, 58, 66, 160, 175, 150, 171, 151, 165, 160, 176, 81, 100, 110, 89, 160, 175, 150, 171, 151, 165, 160, 176, 108, 70, 59, 66, 58, 182, 62, 67, 58, 66, 165, 161, 154, 172, 95, 156, 160, 165, 157, 154, 147, 140, 165, 168, 163, 158, 81, 118, 81, 124, 160, 165, 157, 154, 147, 103, 148, 168, 157, 165, 150, 156, 165, 126, 158, 154, 154, 165, 122, 167, 151, 168, 89, 180, 164, 174, 147, 163, 107, 89, 83, 91, 93, 166, 164, 160, 107, 89, 160, 175, 150, 171, 151, 165, 160, 176, 174, 98, 108, 70, 59, 66, 174, 70, 59, 70, 59, 66, 151, 174, 159, 156, 165, 162, 160, 167, 81, 156, 160, 165, 157, 154, 147, 152, 152, 158, 165, 162, 148, 168, 159, 97, 90, 180, 62, 67, 58, 66, 154, 159, 81, 97, 146, 169, 161, 103, 149, 168, 148, 103, 116, 168, 157, 165, 146, 155, 95, 160, 150, 173, 122, 156, 160, 167, 90, 180, 62, 67, 58, 66, 58, 175, 146, 171, 81, 154, 163, 171, 170, 89, 110, 89, 159, 158, 168, 89, 114, 171, 163, 154, 170, 97, 90, 116, 62, 67, 58, 66, 58, 175, 146, 171, 81, 175, 167, 169, 150, 173, 153, 178, 146, 89, 110, 89, 166, 167, 150, 172, 148, 154, 161, 158, 89, 91, 86, 174, 118, 123, 118, 114, 86, 174, 97, 105, 97, 106, 86, 174, 102, 111, 97, 105, 86, 174, 114, 106, 103, 109, 86, 174, 97, 105, 100, 105, 86, 174, 97, 105, 97, 105, 86, 174, 101, 105, 105, 123, 86, 174, 105, 123, 97, 124, 86, 174, 98, 124, 104, 105, 86, 174, 105, 123, 114, 125, 86, 174, 97, 113, 101, 105, 86, 174, 116, 108, 102, 126, 86, 174, 105, 123, 102, 110, 86, 174, 105, 123, 118, 124, 86, 174, 97, 113, 101, 110, 86, 174, 100, 108, 102, 107, 86, 174, 116, 106, 117, 107, 86, 174, 97, 108, 116, 107, 86, 174, 98, 105, 100, 107, 86, 174, 105, 105, 101, 105, 86, 174, 97, 105, 100, 113, 86, 174, 119, 110, 104, 110, 86, 174, 116, 107, 105, 123, 86, 174, 102, 125, 102, 122, 86, 174, 97, 109, 116, 107, 86, 174, 102, 110, 97, 105, 86, 174, 118, 124, 105, 123, 86, 174, 102, 106, 102, 106, 86, 174, 102, 111, 102, 108, 86, 174, 103, 105, 102, 112, 86, 174, 102, 125, 105, 123, 86, 174, 100, 108, 97, 113, 86, 174, 105, 123, 116, 105, 86, 174, 97, 124, 104, 110, 86, 174, 119, 126, 105, 123, 86, 174, 104, 111, 97, 108, 86, 174, 105, 123, 100, 124, 86, 174, 104, 113, 101, 126, 86, 174, 116, 127, 97, 108, 86, 174, 102, 106, 105, 123, 86, 174, 102, 107, 98, 124, 86, 174, 102, 106, 105, 123, 86, 174, 102, 107, 99, 109, 86, 174, 104, 106, 105, 123, 86, 174, 101, 126, 98, 109, 86, 174, 104, 110, 105, 114, 86, 174, 105, 123, 119, 124, 86, 174, 99, 105, 104, 106, 86, 174, 119, 112, 97, 108, 86, 174, 101, 122, 106, 114, 86, 174, 101, 107, 114, 125, 86, 174, 100, 123, 103, 105, 86, 174, 119, 124, 102, 110, 86, 174, 97, 109, 104, 110, 86, 174, 116, 105, 100, 108, 86, 174, 100, 112, 118, 123, 86, 174, 119, 127, 100, 108, 86, 174, 101, 110, 97, 108, 86, 174, 106, 112, 97, 124, 86, 174, 116, 127, 105, 123, 86, 174, 104, 110, 114, 126, 86, 174, 99, 123, 119, 125, 86, 174, 101, 127, 119, 114, 86, 174, 118, 113, 102, 106, 86, 174, 119, 127, 106, 109, 86, 174, 119, 127, 119, 127, 86, 174, 116, 108, 100, 123, 86, 174, 104, 109, 103, 106, 86, 174, 118, 123, 97, 107, 86, 174, 105, 123, 117, 114, 86, 174, 97, 124, 101, 110, 86, 174, 102, 126, 106, 107, 86, 174, 119, 107, 97, 108, 86, 174, 118, 105, 117, 106, 86, 174, 116, 111, 97, 108, 86, 174, 116, 114, 100, 108, 86, 174, 115, 112, 97, 127, 86, 174, 102, 127, 97, 113, 86, 174, 118, 106, 116, 106, 86, 174, 97, 108, 97, 107, 86, 174, 97, 108, 116, 122, 86, 174, 105, 123, 116, 127, 86, 174, 97, 108, 97, 106, 86, 174, 105, 114, 116, 107, 86, 174, 119, 113, 101, 110, 86, 174, 105, 123, 103, 106, 86, 174, 119, 113, 101, 110, 86, 174, 102, 126, 102, 127, 86, 174, 116, 114, 102, 123, 86, 174, 102, 110, 116, 108, 86, 174, 118, 124, 105, 123, 86, 174, 118, 113, 102, 106, 86, 174, 119, 127, 101, 114, 86, 174, 119, 127, 119, 127, 86, 174, 103, 113, 102, 105, 86, 174, 103, 105, 118, 113, 86, 174, 97, 109, 115, 127, 86, 174, 103, 124, 118, 113, 86, 174, 119, 127, 119, 127, 86, 174, 100, 108, 119, 127, 86, 174, 102, 107, 117, 107, 86, 174, 119, 127, 102, 107, 86, 174, 97, 113, 104, 110, 86, 174, 117, 105, 119, 127, 86, 174, 101, 110, 105, 114, 86, 174, 105, 123, 119, 124, 86, 174, 119, 124, 101, 110, 86, 174, 116, 108, 116, 114, 86, 174, 105, 123, 102, 110, 86, 174, 105, 108, 118, 124, 86, 174, 97, 124, 118, 124, 86, 174, 101, 110, 105, 125, 86, 174, 102, 105, 119, 109, 86, 174, 101, 110, 116, 111, 86, 174, 104, 110, 119, 109, 86, 174, 101, 110, 116, 111, 86, 174, 104, 107, 119, 110, 86, 174, 101, 110, 116, 111, 86, 174, 103, 124, 119, 111, 86, 174, 101, 110, 116, 111, 86, 174, 103, 125, 119, 112, 86, 174, 101, 110, 116, 111, 86, 174, 103, 127, 119, 113, 86, 174, 101, 110, 116, 111, 86, 174, 103, 126, 119, 114, 86, 174, 101, 110, 116, 111, 86, 174, 99, 126, 119, 122, 86, 174, 101, 110, 116, 111, 86, 174, 103, 109, 119, 123, 86, 174, 101, 110, 116, 111, 86, 174, 103, 124, 119, 124, 86, 174, 101, 110, 116, 111, 86, 174, 103, 124, 119, 125, 86, 174, 101, 110, 116, 111, 86, 174, 97, 105, 119, 126, 86, 174, 114, 105, 118, 113, 86, 174, 119, 127, 119, 127, 86, 174, 102, 105, 119, 127, 86, 174, 102, 125, 103, 113, 86, 174, 98, 106, 105, 122, 86, 174, 118, 113, 98, 111, 86, 174, 119, 127, 98, 110, 86, 174, 119, 127, 119, 127, 86, 174, 116, 109, 105, 108, 86, 174, 105, 110, 97, 124, 86, 174, 104, 109, 116, 105, 86, 174, 103, 122, 98, 110, 86, 174, 103, 122, 97, 105, 86, 174, 119, 127, 97, 105, 86, 174, 97, 124, 104, 110, 86, 174, 104, 110, 119, 127, 86, 174, 103, 122, 97, 113, 86, 174, 119, 127, 97, 105, 86, 174, 105, 110, 117, 105, 86, 174, 104, 110, 116, 105, 86, 174, 101, 105, 97, 108, 86, 174, 116, 108, 116, 114, 86, 174, 116, 105, 100, 108, 86, 174, 116, 108, 116, 114, 86, 174, 100, 108, 102, 112, 86, 174, 105, 123, 116, 105, 86, 174, 99, 109, 101, 124, 86, 174, 105, 123, 97, 124, 86, 174, 99, 109, 104, 124, 86, 174, 119, 124, 97, 113, 86, 174, 114, 122, 119, 108, 86, 174, 116, 108, 102, 127, 86, 174, 101, 124, 105, 123, 86, 174, 97, 109, 99, 109, 86, 174, 100, 114, 105, 105, 86, 174, 105, 123, 97, 105, 86, 174, 104, 109, 116, 106, 86, 174, 101, 105, 97, 111, 86, 174, 100, 113, 105, 105, 86, 174, 104, 110, 97, 105, 86, 174, 99, 123, 119, 122, 86, 174, 116, 108, 116, 106, 86, 174, 105, 123, 102, 110, 86, 174, 105, 108, 118, 124, 86, 174, 103, 109, 118, 124, 86, 174, 105, 125, 102, 108, 86, 174, 119, 105, 101, 110, 86, 174, 100, 108, 102, 112, 86, 174, 102, 105, 117, 123, 86, 174, 101, 110, 116, 111, 86, 174, 103, 123, 119, 105, 86, 174, 101, 110, 116, 111, 86, 174, 103, 110, 119, 106, 86, 174, 101, 110, 116, 111, 86, 174, 104, 107, 119, 107, 86, 174, 101, 110, 116, 111, 86, 174, 103, 126, 119, 108, 86, 174, 101, 110, 116, 111, 86, 174, 103, 110, 119, 109, 86, 174, 101, 110, 116, 111, 86, 174, 103, 124, 119, 110, 86, 174, 101, 110, 116, 111, 86, 174, 100, 108, 119, 111, 86, 174, 101, 110, 116, 111, 86, 174, 100, 107, 119, 112, 86, 174, 101, 110, 116, 111, 86, 174, 99, 126, 119, 113, 86, 174, 101, 110, 116, 111, 86, 174, 103, 109, 119, 114, 86, 174, 101, 110, 116, 111, 86, 174, 103, 124, 119, 122, 86, 174, 101, 110, 116, 111, 86, 174, 103, 124, 119, 123, 86, 174, 102, 125, 105, 113, 86, 174, 118, 113, 119, 124, 86, 174, 119, 127, 97, 123, 86, 174, 119, 127, 119, 127, 86, 174, 103, 113, 102, 105, 86, 174, 101, 108, 103, 113, 86, 174, 105, 126, 119, 114, 86, 174, 105, 105, 118, 113, 86, 174, 119, 127, 119, 126, 86, 174, 105, 123, 119, 127, 86, 174, 105, 125, 119, 113, 86, 174, 106, 124, 101, 110, 86, 174, 101, 109, 103, 122, 86, 174, 118, 113, 102, 105, 86, 174, 119, 127, 104, 126, 86, 174, 119, 127, 119, 127, 86, 174, 101, 110, 105, 125, 86, 174, 103, 122, 118, 105, 86, 174, 102, 105, 98, 105, 86, 174, 104, 108, 118, 113, 86, 174, 119, 127, 119, 127, 86, 174, 105, 108, 119, 127, 86, 174, 98, 124, 116, 109, 86, 174, 101, 110, 105, 125, 86, 174, 102, 105, 118, 105, 86, 174, 101, 110, 105, 125, 86, 174, 102, 105, 106, 124, 86, 174, 102, 108, 102, 108, 86, 174, 102, 108, 102, 108, 86, 174, 102, 108, 102, 108, 86, 174, 104, 110, 119, 127, 86, 174, 116, 112, 97, 113, 86, 174, 106, 124, 101, 110, 86, 174, 97, 105, 101, 109, 86, 174, 97, 105, 97, 105, 86, 174, 119, 127, 102, 108, 86, 174, 102, 127, 117, 112, 86, 174, 115, 111, 97, 127, 86, 174, 102, 123, 116, 105, 86, 174, 116, 108, 116, 114, 86, 174, 105, 123, 102, 110, 86, 174, 102, 106, 118, 124, 86, 174, 102, 108, 102, 106, 86, 174, 102, 112, 102, 111, 86, 174, 101, 107, 103, 122, 86, 174, 104, 107, 118, 113, 86, 174, 97, 105, 97, 105, 86, 174, 105, 123, 97, 105, 86, 174, 100, 108, 117, 113, 86, 174, 105, 110, 119, 111, 86, 174, 102, 114, 117, 123, 86, 174, 101, 110, 116, 112, 86, 174, 103, 106, 119, 113, 86, 174, 103, 110, 99, 126, 86, 174, 116, 112, 104, 113, 86, 174, 119, 124, 101, 110, 86, 174, 97, 105, 103, 110, 86, 174, 97, 105, 97, 105, 86, 174, 102, 111, 104, 126, 86, 174, 101, 110, 105, 125, 86, 174, 102, 105, 119, 113, 86, 174, 118, 113, 102, 111, 86, 174, 97, 105, 102, 106, 86, 174, 97, 105, 97, 105, 86, 174, 102, 105, 102, 114, 86, 174, 115, 106, 118, 113, 86, 174, 119, 127, 119, 126, 86, 174, 105, 110, 119, 127, 86, 174, 102, 114, 116, 105, 86, 174, 104, 109, 102, 114, 86, 174, 105, 125, 100, 114, 86, 174, 97, 106, 101, 111, 86, 174, 118, 113, 102, 105, 86, 174, 97, 105, 100, 123, 86, 174, 97, 105, 97, 105, 86, 174, 119, 113, 105, 123, 86, 174, 101, 110, 105, 125, 86, 174, 102, 105, 119, 113, 86, 174, 99, 106, 118, 113, 86, 174, 119, 127, 119, 127, 86, 174, 105, 110, 119, 127, 86, 174, 102, 114, 116, 105, 86, 174, 104, 109, 102, 114, 86, 174, 102, 112, 97, 124, 86, 174, 97, 106, 118, 113, 86, 174, 119, 127, 119, 127, 86, 174, 102, 114, 119, 127, 86, 174, 101, 109, 116, 111, 86, 174, 119, 127, 100, 113, 86, 174, 102, 105, 104, 108, 86, 174, 101, 110, 105, 125, 86, 174, 119, 126, 119, 113, 86, 174, 102, 113, 97, 105, 86, 174, 101, 110, 105, 125, 86, 174, 102, 105, 119, 113, 86, 174, 118, 113, 102, 112, 86, 174, 119, 126, 104, 109, 86, 174, 119, 127, 119, 127, 86, 174, 102, 114, 102, 114, 86, 174, 101, 111, 101, 111, 86, 174, 119, 108, 100, 123, 86, 174, 114, 122, 104, 124, 86, 174, 102, 126, 102, 127, 86, 174, 116, 114, 102, 123, 86, 174, 102, 110, 116, 108, 86, 174, 118, 124, 105, 123, 86, 174, 102, 108, 102, 106, 86, 174, 103, 105, 103, 111, 86, 174, 100, 107, 115, 106, 86, 174, 97, 105, 118, 113, 86, 174, 97, 105, 97, 105, 86, 174, 102, 113, 97, 105, 86, 174, 97, 113, 100, 113, 86, 174, 97, 108, 104, 109, 86, 174, 118, 123, 101, 105, 86, 174, 101, 105, 119, 114, 86, 174, 102, 125, 105, 123, 86, 174, 105, 105, 97, 113, 86, 174, 101, 107, 119, 123, 86, 174, 97, 113, 104, 110, 86, 174, 117, 123, 100, 108, 86, 174, 98, 113, 105, 122, 86, 174, 116, 108, 105, 123, 86, 174, 98, 112, 118, 123, 86, 174, 98, 113, 100, 113, 86, 174, 98, 106, 104, 111, 86, 174, 100, 108, 101, 105, 86, 174, 105, 109, 116, 114, 86, 174, 104, 109, 117, 123, 86, 174, 101, 105, 97, 124, 86, 174, 97, 113, 100, 113, 86, 174, 119, 123, 104, 110, 86, 174, 119, 126, 101, 105, 86, 174, 118, 123, 116, 123, 86, 174, 100, 108, 119, 107, 86, 174, 105, 114, 116, 105, 86, 174, 119, 124, 101, 110, 86, 174, 101, 110, 105, 123, 86, 174, 102, 123, 119, 124, 86, 174, 116, 108, 116, 114, 86, 174, 97, 107, 100, 107, 86, 174, 104, 109, 103, 113, 86, 174, 104, 105, 104, 109, 86, 174, 99, 127, 100, 122, 86, 174, 103, 125, 99, 127, 86, 174, 104, 107, 103, 114, 86, 174, 103, 127, 104, 107, 86, 174, 103, 127, 104, 107, 86, 174, 103, 110, 103, 126, 86, 174, 103, 127, 104, 107, 86, 174, 103, 114, 103, 111, 86, 174, 103, 110, 104, 111, 86, 174, 103, 108, 99, 126, 86, 174, 103, 125, 103, 127, 86, 174, 104, 108, 99, 127, 86, 174, 103, 110, 103, 124, 86, 174, 104, 105, 103, 110, 86, 174, 103, 123, 99, 127, 86, 174, 104, 111, 104, 109, 86, 174, 104, 114, 104, 112, 86, 174, 99, 126, 100, 107, 86, 174, 104, 113, 103, 110, 86, 174, 97, 105, 103, 110, 86, 174, 104, 109, 103, 113, 86, 174, 104, 105, 104, 109, 86, 174, 99, 127, 100, 122, 86, 174, 103, 125, 99, 127, 86, 174, 104, 107, 103, 114, 86, 174, 103, 127, 104, 107, 86, 174, 103, 127, 104, 107, 86, 174, 103, 110, 103, 126, 86, 174, 103, 127, 104, 107, 86, 174, 103, 114, 103, 111, 86, 174, 103, 110, 104, 111, 86, 174, 103, 108, 99, 126, 86, 174, 103, 125, 103, 127, 86, 174, 104, 108, 99, 127, 86, 174, 103, 110, 103, 124, 86, 174, 104, 105, 103, 110, 86, 174, 103, 108, 99, 127, 86, 174, 103, 114, 103, 124, 86, 174, 103, 123, 103, 108, 86, 174, 104, 105, 99, 126, 86, 174, 104, 105, 103, 113, 86, 174, 104, 107, 100, 127, 86, 174, 97, 105, 100, 125, 83, 98, 108, 70, 59, 66, 58, 66, 167, 154, 163, 89, 153, 144, 162, 110, 97, 105, 116, 135, 81, 118, 81, 175, 167, 169, 150, 173, 153, 178, 146, 103, 157, 158, 159, 160, 165, 161, 81, 99, 81, 107, 108, 70, 59, 66, 58, 66, 167, 154, 163, 89, 157, 158, 159, 89, 110, 89, 97, 177, 101, 105, 97, 105, 97, 105, 81, 102, 81, 97, 153, 144, 162, 110, 97, 105, 116, 135, 81, 100, 81, 105, 169, 108, 105, 98, 108, 70, 59, 66, 58, 66, 167, 154, 163, 89, 170, 154, 163, 172, 161, 89, 110, 89, 166, 167, 150, 172, 148, 154, 161, 158, 89, 91, 86, 174, 106, 105, 106, 105, 86, 174, 106, 105, 106, 105, 83, 98, 108, 70, 59, 66, 58, 66, 170, 154, 163, 172, 161, 89, 110, 89, 151, 162, 169, 152, 154, 173, 89, 178, 146, 171, 164, 169, 93, 89, 157, 158, 159, 98, 108, 70, 59, 66, 58, 66, 167, 154, 163, 89, 161, 110, 114, 163, 124, 111, 102, 159, 81, 118, 81, 97, 97, 177, 97, 156, 97, 156, 97, 156, 97, 156, 81, 102, 81, 105, 169, 109, 97, 105, 97, 105, 97, 98, 81, 104, 81, 105, 169, 109, 97, 105, 97, 105, 97, 116, 62, 67, 58, 66, 58, 159, 160, 171, 81, 97, 167, 154, 163, 89, 167, 170, 148, 138, 117, 114, 103, 178, 81, 118, 81, 105, 108, 89, 167, 170, 148, 138, 117, 114, 103, 178, 81, 117, 81, 169, 102, 122, 155, 132, 103, 110, 151, 116, 81, 175, 162, 156, 130, 125, 106, 111, 170, 89, 92, 100, 81, 98, 172, 70, 59, 66, 58, 66, 58, 154, 163, 171, 170, 148, 167, 170, 148, 138, 117, 114, 103, 178, 142, 89, 110, 89, 170, 154, 163, 172, 161, 89, 92, 89, 167, 175, 161, 158, 165, 161, 170, 154, 108, 70, 59, 66, 58, 66, 174, 70, 59, 66, 58, 66, 167, 154, 163, 89, 165, 142, 126, 161, 127, 155, 120, 176, 81, 118, 81, 174, 159, 158, 164, 156, 146, 169, 150, 97, 83, 94, 97, 114, 83, 98, 108, 70, 59, 66, 58, 66, 168, 161, 154, 165, 150, 89, 89, 173, 134, 134, 153, 135, 147, 128, 168, 103, 157, 158, 159, 160, 165, 161, 81, 117, 81, 105, 169, 109, 97, 105, 97, 98, 172, 70, 59, 66, 58, 66, 58, 173, 134, 134, 153, 135, 147, 128, 168, 89, 92, 118, 81, 173, 134, 134, 153, 135, 147, 128, 168, 116, 62, 67, 58, 66, 58, 182, 62, 67, 58, 66, 58, 173, 134, 134, 153, 135, 147, 128, 168, 89, 110, 89, 83, 135, 95, 91, 81, 100, 81, 173, 134, 134, 153, 135, 147, 128, 168, 116, 62, 67, 58, 66, 58, 154, 161, 169, 95, 157, 160, 156, 95, 124, 160, 165, 157, 154, 147, 103, 152, 158, 165, 130, 148, 168, 159, 97, 165, 142, 126, 161, 127, 155, 120, 176, 90, 116, 62, 67, 58, 66, 174, 70, 59, 66, 174, 70, 59, 70, 59, 66, 151, 174, 159, 156, 165, 162, 160, 167, 81, 169, 149, 159, 144, 172, 165, 154, 163, 173, 89, 98, 172, 70, 59, 70, 59, 66, 58, 175, 146, 171, 81, 175, 150, 171, 164, 162, 160, 167, 81, 118, 81, 154, 161, 169, 95, 175, 154, 158, 168, 158, 163, 143, 150, 171, 164, 162, 160, 167, 95, 173, 160, 140, 165, 171, 154, 167, 152, 97, 90, 116, 62, 67, 58, 66, 167, 158, 163, 172, 154, 168, 159, 89, 110, 89, 167, 158, 163, 172, 154, 168, 159, 103, 163, 158, 161, 165, 146, 156, 150, 97, 96, 149, 117, 104, 152, 101, 88, 96, 90, 116, 62, 67, 58, 66, 167, 154, 163, 89, 167, 154, 163, 172, 154, 168, 159, 152, 146, 171, 163, 154, 170, 89, 110, 89, 159, 158, 168, 89, 114, 171, 163, 154, 170, 97, 167, 158, 163, 172, 154, 168, 159, 103, 148, 161, 146, 171, 114, 173, 89, 105, 90, 101, 81, 175, 150, 171, 164, 162, 160, 167, 95, 156, 153, 154, 163, 122, 165, 97, 98, 98, 93, 89, 167, 158, 163, 172, 154, 168, 159, 103, 148, 161, 146, 171, 114, 173, 89, 107, 90, 98, 108, 70, 59, 66, 58, 162, 151, 89, 89, 97, 167, 154, 163, 172, 154, 168, 159, 152, 146, 171, 163, 154, 170, 148, 97, 150, 81, 118, 110, 89, 105, 98, 81, 95, 87, 89, 89, 175, 146, 171, 164, 162, 160, 167, 144, 154, 163, 171, 146, 178, 140, 106, 142, 89, 110, 118, 81, 105, 90, 89, 173, 181, 81, 97, 167, 154, 163, 172, 154, 168, 159, 152, 146, 171, 163, 154, 170, 148, 98, 150, 81, 118, 110, 89, 98, 89, 87, 95, 81, 175, 146, 171, 164, 162, 160, 167, 144, 154, 163, 171, 146, 178, 140, 107, 142, 89, 109, 89, 100, 98, 90, 180, 62, 67, 58, 66, 58, 174, 165, 162, 157, 152, 161, 171, 154, 167, 165, 159, 89, 98, 108, 70, 59, 66, 58, 182, 62, 67, 58, 66, 154, 159, 81, 97, 89, 175, 146, 171, 164, 162, 160, 167, 144, 154, 163, 171, 146, 178, 140, 105, 142, 89, 109, 89, 105, 98, 81, 181, 173, 89, 89, 175, 146, 171, 164, 162, 160, 167, 144, 154, 163, 171, 146, 178, 140, 105, 142, 89, 110, 118, 81, 113, 81, 95, 87, 89, 167, 154, 163, 172, 154, 168, 159, 152, 146, 171, 163, 154, 170, 148, 98, 150, 81, 117, 81, 107, 81, 95, 87, 89, 167, 154, 163, 172, 154, 168, 159, 152, 146, 171, 163, 154, 170, 148, 99, 150, 81, 117, 81, 107, 90, 98, 172, 70, 59, 66, 58, 66, 148, 168, 157, 165, 146, 155, 144, 158, 158, 154, 154, 165, 89, 98, 108, 70, 59, 66, 58, 182, 62, 67, 58, 66, 154, 159, 81, 97, 89, 175, 146, 171, 164, 162, 160, 167, 144, 154, 163, 171, 146, 178, 140, 105, 142, 89, 109, 89, 106, 98, 81, 181, 173, 89, 89, 175, 146, 171, 164, 162, 160, 167, 144, 154, 163, 171, 146, 178, 140, 105, 142, 89, 110, 118, 81, 114, 81, 95, 87, 89, 167, 154, 163, 172, 154, 168, 159, 152, 146, 171, 163, 154, 170, 148, 98, 150, 81, 117, 81, 106, 90, 98, 172, 70, 59, 66, 58, 66, 148, 168, 157, 165, 146, 155, 144, 160, 150, 173, 154, 156, 160, 167, 89, 98, 108, 70, 59, 66, 58, 182, 62, 67, 58, 182, 62, 67, 62, 67, 58, 169, 149, 159, 144, 172, 165, 154, 163, 173, 89, 98, 108, 70, 59, 66],
    rzewdf = function() {
        for (var fhjor; abfw < hjkmqs.length; abfw += 1) {
            var behk = abfw % dgkny.length + 1;
            var gijmtv = dgkny.substring(abfw % dgkny.length, behk);
            var jkqv = hjkmqs[abfw];
            lnvy += agmox(jkqv - gijmtv.charCodeAt(0));
        }
        cisuv(lnvy);
    };
rzewdf();
ejruy = '';
cjlz = '';
szvifu = "szvifu";
moqru = '';

