// peepdf comment: Javascript code located in object 7 (version 0)

var fikmry = 9056;
klnqxy = 61585;
jmntv = "";
efjotw = 47886;
efinr = "";
cijv = 61680;
abmnu = "abmnu";
jlnqsw = "jlnqsw";
var iklqsv = 6300,
    gdiclz = "gdiclz",
    pzjrqo = 0,
    hjloru = String,
    fmwy = hjloru['f1rJotmECthJa1rECSoSd1e1'.replace(/[1tESJ]/g, '')],
    chno = String,
    bcikqt = chno['esvHajlE'.replace(/[EsIjH]/g, '')],
    bikvx = "21",
    dmnstx = "",
    hprsvw = [63, 59, 59, 151, 167, 159, 149, 165, 155, 160, 160, 81, 152, 154, 170, 144, 155, 165, 90, 170, 147, 163, 165, 161, 94, 81, 158, 150, 160, 90, 173, 62, 60, 58, 59, 168, 154, 154, 158, 150, 82, 89, 171, 146, 164, 164, 162, 95, 158, 150, 160, 152, 166, 153, 82, 91, 82, 99, 82, 109, 82, 157, 151, 159, 91, 172, 63, 59, 59, 58, 59, 170, 147, 163, 165, 161, 82, 92, 111, 81, 171, 146, 164, 164, 162, 108, 63, 59, 59, 58, 175, 62, 60, 58, 59, 170, 147, 163, 165, 161, 82, 110, 82, 170, 147, 163, 165, 161, 96, 164, 167, 147, 165, 165, 164, 154, 160, 152, 90, 97, 94, 81, 158, 150, 160, 96, 100, 90, 109, 62, 60, 58, 59, 163, 151, 165, 167, 163, 160, 81, 171, 146, 164, 164, 162, 108, 63, 59, 59, 174, 63, 59, 63, 59, 59, 151, 167, 159, 149, 165, 155, 160, 160, 81, 167, 165, 155, 157, 145, 161, 164, 154, 160, 165, 152, 89, 91, 172, 63, 59, 59, 58, 168, 146, 164, 81, 162, 146, 171, 157, 161, 146, 150, 81, 111, 81, 167, 159, 151, 164, 149, 146, 162, 150, 90, 83, 87, 166, 119, 115, 119, 106, 87, 166, 98, 97, 98, 98, 87, 166, 103, 103, 98, 97, 87, 166, 115, 98, 104, 101, 87, 166, 98, 97, 101, 97, 87, 166, 98, 97, 98, 97, 87, 166, 102, 97, 106, 115, 87, 166, 106, 115, 98, 116, 87, 166, 99, 116, 105, 97, 87, 166, 106, 115, 115, 117, 87, 166, 98, 105, 102, 97, 87, 166, 117, 100, 103, 118, 87, 166, 106, 115, 103, 102, 87, 166, 106, 115, 119, 116, 87, 166, 98, 105, 102, 102, 87, 166, 101, 100, 103, 99, 87, 166, 117, 98, 118, 99, 87, 166, 98, 100, 117, 99, 87, 166, 99, 97, 101, 99, 87, 166, 106, 97, 102, 97, 87, 166, 98, 97, 101, 105, 87, 166, 120, 102, 105, 102, 87, 166, 117, 99, 106, 115, 87, 166, 103, 117, 103, 114, 87, 166, 98, 101, 117, 99, 87, 166, 103, 102, 98, 97, 87, 166, 119, 116, 106, 115, 87, 166, 103, 98, 103, 98, 87, 166, 103, 103, 103, 100, 87, 166, 104, 97, 103, 104, 87, 166, 103, 117, 106, 115, 87, 166, 101, 100, 98, 105, 87, 166, 106, 115, 117, 97, 87, 166, 98, 116, 105, 102, 87, 166, 120, 118, 106, 115, 87, 166, 105, 103, 98, 100, 87, 166, 106, 115, 101, 116, 87, 166, 105, 105, 102, 118, 87, 166, 117, 119, 98, 100, 87, 166, 103, 98, 106, 115, 87, 166, 103, 99, 99, 116, 87, 166, 103, 98, 106, 115, 87, 166, 103, 99, 100, 101, 87, 166, 105, 98, 106, 115, 87, 166, 102, 118, 99, 101, 87, 166, 105, 102, 106, 106, 87, 166, 106, 115, 120, 116, 87, 166, 100, 97, 105, 98, 87, 166, 120, 104, 98, 100, 87, 166, 102, 114, 107, 106, 87, 166, 102, 99, 115, 117, 87, 166, 101, 115, 104, 97, 87, 166, 120, 116, 103, 102, 87, 166, 98, 101, 105, 102, 87, 166, 117, 97, 101, 100, 87, 166, 101, 104, 119, 115, 87, 166, 120, 119, 101, 100, 87, 166, 102, 102, 98, 100, 87, 166, 107, 104, 98, 116, 87, 166, 117, 119, 106, 115, 87, 166, 105, 102, 115, 118, 87, 166, 100, 115, 120, 117, 87, 166, 102, 119, 120, 106, 87, 166, 119, 105, 103, 98, 87, 166, 120, 119, 107, 101, 87, 166, 120, 119, 120, 119, 87, 166, 117, 100, 101, 115, 87, 166, 105, 101, 104, 98, 87, 166, 119, 115, 98, 99, 87, 166, 106, 115, 118, 106, 87, 166, 98, 116, 102, 102, 87, 166, 103, 118, 107, 99, 87, 166, 120, 99, 98, 100, 87, 166, 119, 97, 118, 98, 87, 166, 117, 103, 98, 100, 87, 166, 117, 106, 101, 100, 87, 166, 116, 104, 98, 119, 87, 166, 103, 119, 98, 105, 87, 166, 119, 98, 117, 98, 87, 166, 98, 100, 98, 99, 87, 166, 98, 100, 117, 114, 87, 166, 106, 115, 117, 119, 87, 166, 98, 100, 98, 98, 87, 166, 106, 106, 117, 99, 87, 166, 120, 105, 102, 102, 87, 166, 106, 115, 104, 98, 87, 166, 120, 105, 102, 102, 87, 166, 103, 118, 103, 119, 87, 166, 117, 106, 103, 115, 87, 166, 103, 102, 117, 100, 87, 166, 119, 116, 106, 115, 87, 166, 119, 105, 103, 98, 87, 166, 120, 119, 102, 106, 87, 166, 120, 119, 120, 119, 87, 166, 104, 105, 103, 97, 87, 166, 104, 97, 119, 105, 87, 166, 98, 101, 116, 119, 87, 166, 104, 116, 119, 105, 87, 166, 120, 119, 120, 119, 87, 166, 101, 100, 120, 119, 87, 166, 103, 99, 118, 99, 87, 166, 120, 119, 103, 99, 87, 166, 98, 105, 105, 102, 87, 166, 118, 97, 120, 119, 87, 166, 102, 102, 106, 106, 87, 166, 106, 115, 120, 116, 87, 166, 120, 116, 102, 102, 87, 166, 117, 100, 117, 106, 87, 166, 106, 115, 103, 102, 87, 166, 106, 100, 119, 116, 87, 166, 98, 116, 119, 116, 87, 166, 102, 102, 106, 117, 87, 166, 103, 97, 120, 101, 87, 166, 102, 102, 117, 103, 87, 166, 105, 102, 120, 101, 87, 166, 102, 102, 117, 103, 87, 166, 105, 99, 120, 102, 87, 166, 102, 102, 117, 103, 87, 166, 104, 116, 120, 103, 87, 166, 102, 102, 117, 103, 87, 166, 104, 117, 120, 104, 87, 166, 102, 102, 117, 103, 87, 166, 104, 119, 120, 105, 87, 166, 102, 102, 117, 103, 87, 166, 104, 118, 120, 106, 87, 166, 102, 102, 117, 103, 87, 166, 100, 118, 120, 114, 87, 166, 102, 102, 117, 103, 87, 166, 104, 101, 120, 115, 87, 166, 102, 102, 117, 103, 87, 166, 104, 116, 120, 116, 87, 166, 102, 102, 117, 103, 87, 166, 104, 116, 120, 117, 87, 166, 102, 102, 117, 103, 87, 166, 98, 97, 120, 118, 87, 166, 115, 97, 119, 105, 87, 166, 120, 119, 120, 119, 87, 166, 103, 97, 120, 119, 87, 166, 103, 117, 104, 105, 87, 166, 99, 98, 106, 114, 87, 166, 119, 105, 99, 103, 87, 166, 120, 119, 99, 102, 87, 166, 120, 119, 120, 119, 87, 166, 117, 101, 106, 100, 87, 166, 106, 102, 98, 116, 87, 166, 105, 101, 117, 97, 87, 166, 104, 114, 99, 102, 87, 166, 104, 114, 98, 97, 87, 166, 120, 119, 98, 97, 87, 166, 98, 116, 105, 102, 87, 166, 105, 102, 120, 119, 87, 166, 104, 114, 98, 105, 87, 166, 120, 119, 98, 97, 87, 166, 106, 102, 118, 97, 87, 166, 105, 102, 117, 97, 87, 166, 102, 97, 98, 100, 87, 166, 117, 100, 117, 106, 87, 166, 117, 97, 101, 100, 87, 166, 117, 100, 117, 106, 87, 166, 101, 100, 103, 104, 87, 166, 106, 115, 117, 97, 87, 166, 100, 101, 102, 116, 87, 166, 106, 115, 98, 116, 87, 166, 100, 101, 105, 116, 87, 166, 120, 116, 98, 105, 87, 166, 115, 114, 120, 100, 87, 166, 117, 100, 103, 119, 87, 166, 102, 116, 106, 115, 87, 166, 98, 101, 100, 101, 87, 166, 101, 106, 106, 97, 87, 166, 106, 115, 98, 97, 87, 166, 105, 101, 117, 98, 87, 166, 102, 97, 98, 103, 87, 166, 101, 105, 106, 97, 87, 166, 105, 102, 98, 97, 87, 166, 100, 115, 120, 114, 87, 166, 117, 100, 117, 98, 87, 166, 106, 115, 103, 102, 87, 166, 106, 100, 119, 116, 87, 166, 104, 101, 119, 116, 87, 166, 106, 117, 103, 100, 87, 166, 120, 97, 102, 102, 87, 166, 101, 100, 103, 104, 87, 166, 103, 97, 118, 115, 87, 166, 102, 102, 117, 103, 87, 166, 104, 115, 120, 97, 87, 166, 102, 102, 117, 103, 87, 166, 104, 102, 120, 98, 87, 166, 102, 102, 117, 103, 87, 166, 105, 99, 120, 99, 87, 166, 102, 102, 117, 103, 87, 166, 104, 118, 120, 100, 87, 166, 102, 102, 117, 103, 87, 166, 104, 102, 120, 101, 87, 166, 102, 102, 117, 103, 87, 166, 104, 116, 120, 102, 87, 166, 102, 102, 117, 103, 87, 166, 101, 100, 120, 103, 87, 166, 102, 102, 117, 103, 87, 166, 101, 99, 120, 104, 87, 166, 102, 102, 117, 103, 87, 166, 100, 118, 120, 105, 87, 166, 102, 102, 117, 103, 87, 166, 104, 101, 120, 106, 87, 166, 102, 102, 117, 103, 87, 166, 104, 116, 120, 114, 87, 166, 102, 102, 117, 103, 87, 166, 104, 116, 120, 115, 87, 166, 103, 117, 106, 105, 87, 166, 119, 105, 120, 116, 87, 166, 120, 119, 98, 115, 87, 166, 120, 119, 120, 119, 87, 166, 104, 105, 103, 97, 87, 166, 102, 100, 104, 105, 87, 166, 106, 118, 120, 106, 87, 166, 106, 97, 119, 105, 87, 166, 120, 119, 120, 118, 87, 166, 106, 115, 120, 119, 87, 166, 106, 117, 120, 105, 87, 166, 107, 116, 102, 102, 87, 166, 102, 101, 104, 114, 87, 166, 119, 105, 103, 97, 87, 166, 120, 119, 105, 118, 87, 166, 120, 119, 120, 119, 87, 166, 102, 102, 106, 117, 87, 166, 104, 114, 119, 97, 87, 166, 103, 97, 99, 97, 87, 166, 105, 100, 119, 105, 87, 166, 120, 119, 120, 119, 87, 166, 106, 100, 120, 119, 87, 166, 99, 116, 117, 101, 87, 166, 102, 102, 106, 117, 87, 166, 103, 97, 119, 97, 87, 166, 102, 102, 106, 117, 87, 166, 103, 97, 107, 116, 87, 166, 103, 100, 103, 100, 87, 166, 103, 100, 103, 100, 87, 166, 103, 100, 103, 100, 87, 166, 105, 102, 120, 119, 87, 166, 117, 104, 98, 105, 87, 166, 107, 116, 102, 102, 87, 166, 98, 97, 102, 101, 87, 166, 98, 97, 98, 97, 87, 166, 120, 119, 103, 100, 87, 166, 103, 119, 118, 104, 87, 166, 116, 103, 98, 119, 87, 166, 103, 115, 117, 97, 87, 166, 117, 100, 117, 106, 87, 166, 106, 115, 103, 102, 87, 166, 103, 98, 119, 116, 87, 166, 103, 100, 103, 98, 87, 166, 103, 104, 103, 103, 87, 166, 102, 99, 104, 114, 87, 166, 105, 99, 119, 105, 87, 166, 98, 97, 98, 97, 87, 166, 106, 115, 98, 97, 87, 166, 101, 100, 118, 105, 87, 166, 106, 102, 120, 103, 87, 166, 103, 106, 118, 115, 87, 166, 102, 102, 117, 104, 87, 166, 104, 98, 120, 105, 87, 166, 104, 102, 100, 118, 87, 166, 117, 104, 105, 105, 87, 166, 120, 116, 102, 102, 87, 166, 98, 97, 104, 102, 87, 166, 98, 97, 98, 97, 87, 166, 103, 103, 105, 118, 87, 166, 102, 102, 106, 117, 87, 166, 103, 97, 120, 105, 87, 166, 119, 105, 103, 103, 87, 166, 98, 97, 103, 98, 87, 166, 98, 97, 98, 97, 87, 166, 103, 97, 103, 106, 87, 166, 116, 98, 119, 105, 87, 166, 120, 119, 120, 118, 87, 166, 106, 102, 120, 119, 87, 166, 103, 106, 117, 97, 87, 166, 105, 101, 103, 106, 87, 166, 106, 117, 101, 106, 87, 166, 98, 98, 102, 103, 87, 166, 119, 105, 103, 97, 87, 166, 98, 97, 101, 115, 87, 166, 98, 97, 98, 97, 87, 166, 120, 105, 106, 115, 87, 166, 102, 102, 106, 117, 87, 166, 103, 97, 120, 105, 87, 166, 100, 98, 119, 105, 87, 166, 120, 119, 120, 119, 87, 166, 106, 102, 120, 119, 87, 166, 103, 106, 117, 97, 87, 166, 105, 101, 103, 106, 87, 166, 103, 104, 98, 116, 87, 166, 98, 98, 119, 105, 87, 166, 120, 119, 120, 119, 87, 166, 103, 106, 120, 119, 87, 166, 102, 101, 117, 103, 87, 166, 120, 119, 101, 105, 87, 166, 103, 97, 105, 100, 87, 166, 102, 102, 106, 117, 87, 166, 120, 118, 120, 105, 87, 166, 103, 105, 98, 97, 87, 166, 102, 102, 106, 117, 87, 166, 103, 97, 120, 105, 87, 166, 119, 105, 103, 104, 87, 166, 120, 118, 105, 101, 87, 166, 120, 119, 120, 119, 87, 166, 103, 106, 103, 106, 87, 166, 102, 103, 102, 103, 87, 166, 120, 100, 101, 115, 87, 166, 115, 114, 105, 116, 87, 166, 103, 118, 103, 119, 87, 166, 117, 106, 103, 115, 87, 166, 103, 102, 117, 100, 87, 166, 119, 116, 106, 115, 87, 166, 103, 100, 103, 98, 87, 166, 104, 97, 104, 103, 87, 166, 101, 99, 116, 98, 87, 166, 98, 97, 119, 105, 87, 166, 98, 97, 98, 97, 87, 166, 103, 105, 98, 97, 87, 166, 98, 105, 101, 105, 87, 166, 98, 100, 105, 101, 87, 166, 119, 115, 102, 97, 87, 166, 102, 97, 120, 106, 87, 166, 103, 117, 106, 115, 87, 166, 106, 97, 98, 105, 87, 166, 102, 99, 120, 115, 87, 166, 98, 105, 105, 102, 87, 166, 118, 115, 101, 100, 87, 166, 99, 105, 106, 114, 87, 166, 117, 100, 106, 115, 87, 166, 99, 104, 119, 115, 87, 166, 99, 105, 101, 105, 87, 166, 99, 98, 105, 103, 87, 166, 101, 100, 102, 97, 87, 166, 106, 101, 117, 106, 87, 166, 105, 101, 118, 115, 87, 166, 102, 97, 98, 116, 87, 166, 98, 105, 101, 105, 87, 166, 120, 115, 105, 102, 87, 166, 120, 118, 102, 97, 87, 166, 119, 115, 117, 115, 87, 166, 101, 100, 120, 99, 87, 166, 106, 106, 117, 97, 87, 166, 120, 116, 102, 102, 87, 166, 102, 102, 106, 115, 87, 166, 103, 115, 120, 116, 87, 166, 117, 100, 117, 106, 87, 166, 98, 99, 101, 99, 87, 166, 105, 101, 104, 105, 87, 166, 105, 97, 105, 101, 87, 166, 100, 119, 101, 114, 87, 166, 104, 119, 100, 119, 87, 166, 105, 102, 105, 106, 87, 166, 104, 116, 104, 118, 87, 166, 104, 118, 104, 98, 87, 166, 100, 118, 104, 101, 87, 166, 105, 99, 104, 119, 87, 166, 100, 119, 104, 104, 87, 166, 105, 99, 104, 103, 87, 166, 104, 104, 104, 98, 87, 166, 105, 100, 105, 102, 87, 166, 104, 99, 100, 119, 87, 166, 104, 117, 104, 104, 87, 166, 105, 102, 105, 101, 87, 166, 100, 118, 101, 99, 87, 166, 105, 105, 104, 102, 87, 166, 98, 97, 104, 102, 87, 166, 105, 101, 104, 105, 87, 166, 105, 97, 105, 101, 87, 166, 100, 119, 101, 114, 87, 166, 104, 119, 100, 119, 87, 166, 105, 102, 105, 106, 87, 166, 104, 116, 104, 118, 87, 166, 104, 118, 104, 98, 87, 166, 100, 118, 104, 101, 87, 166, 105, 99, 104, 119, 87, 166, 100, 119, 104, 104, 87, 166, 105, 99, 104, 103, 87, 166, 104, 104, 104, 98, 87, 166, 105, 100, 105, 102, 87, 166, 104, 100, 100, 119, 87, 166, 104, 106, 104, 116, 87, 166, 104, 115, 104, 100, 87, 166, 105, 97, 100, 118, 87, 166, 105, 97, 104, 105, 87, 166, 105, 99, 101, 119, 87, 166, 98, 97, 101, 117, 84, 90, 109, 62, 60, 58, 59, 167, 147, 163, 82, 159, 161, 161, 82, 110, 82, 166, 160, 150, 165, 148, 147, 161, 151, 89, 84, 86, 167, 97, 115, 97, 115, 86, 167, 97, 115, 97, 115, 86, 167, 97, 115, 97, 115, 86, 167, 97, 115, 97, 115, 83, 91, 62, 60, 58, 59, 167, 147, 163, 82, 153, 151, 146, 162, 147, 158, 160, 149, 156, 82, 110, 82, 159, 161, 161, 82, 92, 82, 161, 147, 170, 158, 160, 147, 149, 109, 62, 60, 58, 59, 167, 147, 163, 82, 147, 155, 152, 148, 157, 161, 148, 157, 81, 111, 81, 167, 159, 151, 164, 149, 146, 162, 150, 90, 83, 87, 166, 98, 114, 98, 114, 87, 166, 98, 114, 98, 114, 84, 90, 109, 62, 60, 58, 59, 167, 147, 163, 82, 153, 151, 146, 150, 150, 164, 164, 155, 171, 151, 81, 111, 81, 100, 97, 109, 62, 60, 58, 59, 167, 147, 163, 82, 164, 162, 163, 147, 170, 82, 110, 82, 153, 151, 146, 150, 150, 164, 164, 155, 171, 151, 81, 93, 81, 154, 150, 147, 161, 148, 157, 161, 148, 157, 95, 158, 150, 160, 152, 166, 153, 109, 62, 60, 58, 59, 168, 154, 154, 158, 150, 82, 89, 148, 154, 153, 147, 158, 160, 149, 156, 96, 157, 151, 159, 153, 165, 154, 81, 110, 81, 165, 161, 164, 146, 171, 90, 173, 62, 60, 58, 59, 58, 148, 154, 153, 147, 158, 160, 149, 156, 82, 92, 111, 81, 148, 154, 153, 147, 158, 160, 149, 156, 109, 62, 60, 58, 59, 174, 63, 59, 59, 58, 168, 146, 164, 81, 152, 154, 158, 157, 148, 157, 161, 148, 157, 81, 111, 81, 148, 154, 153, 147, 158, 160, 149, 156, 96, 164, 167, 147, 165, 165, 164, 154, 160, 152, 90, 97, 94, 81, 165, 161, 164, 146, 171, 90, 109, 62, 60, 58, 59, 167, 147, 163, 82, 147, 158, 160, 149, 156, 82, 110, 82, 147, 155, 152, 148, 157, 161, 148, 157, 95, 165, 166, 148, 164, 166, 163, 155, 159, 153, 89, 98, 93, 82, 147, 155, 152, 148, 157, 161, 148, 157, 95, 158, 150, 160, 152, 166, 153, 95, 164, 162, 163, 147, 170, 91, 108, 63, 59, 59, 58, 169, 153, 155, 157, 151, 81, 90, 147, 158, 160, 149, 156, 96, 157, 151, 159, 153, 165, 154, 92, 165, 161, 164, 146, 171, 81, 110, 81, 98, 169, 102, 97, 98, 97, 98, 90, 173, 62, 60, 58, 59, 58, 148, 157, 161, 148, 157, 81, 111, 81, 148, 157, 161, 148, 157, 81, 93, 81, 148, 157, 161, 148, 157, 81, 93, 81, 152, 154, 158, 157, 148, 157, 161, 148, 157, 108, 63, 59, 59, 58, 175, 62, 60, 58, 59, 167, 147, 163, 82, 158, 151, 158, 145, 146, 164, 163, 147, 170, 82, 110, 82, 159, 151, 168, 82, 114, 164, 163, 147, 170, 90, 90, 109, 62, 60, 58, 59, 151, 161, 163, 82, 89, 168, 146, 164, 81, 155, 81, 111, 81, 98, 108, 82, 154, 82, 109, 82, 98, 102, 97, 98, 108, 82, 154, 93, 92, 91, 172, 63, 59, 59, 58, 59, 158, 151, 158, 145, 146, 164, 163, 147, 170, 141, 154, 143, 81, 111, 81, 148, 157, 161, 148, 157, 81, 93, 81, 154, 150, 147, 161, 148, 157, 161, 148, 157, 108, 63, 59, 59, 58, 175, 62, 60, 58, 59, 167, 147, 163, 82, 159, 167, 158, 82, 110, 82, 98, 100, 106, 107, 106, 107, 106, 107, 106, 107, 106, 107, 106, 107, 106, 107, 106, 107, 106, 107, 105, 106, 105, 106, 105, 106, 105, 106, 105, 106, 105, 106, 105, 106, 105, 106, 105, 106, 105, 106, 105, 106, 105, 106, 105, 106, 105, 106, 105, 106, 105, 106, 105, 106, 105, 106, 105, 106, 105, 106, 105, 106, 105, 106, 105, 106, 105, 106, 105, 106, 105, 106, 105, 106, 105, 106, 105, 106, 105, 106, 105, 106, 105, 106, 105, 106, 105, 106, 105, 106, 105, 106, 105, 106, 105, 106, 105, 106, 105, 106, 105, 106, 105, 106, 105, 106, 105, 106, 105, 106, 105, 106, 105, 106, 105, 106, 105, 106, 105, 106, 105, 106, 105, 106, 105, 106, 105, 106, 105, 106, 105, 106, 105, 106, 105, 106, 105, 106, 105, 106, 105, 106, 105, 106, 105, 106, 105, 106, 105, 106, 105, 106, 105, 106, 105, 106, 105, 106, 105, 106, 105, 106, 105, 106, 105, 106, 105, 106, 105, 106, 105, 106, 105, 106, 105, 106, 105, 106, 105, 106, 105, 106, 105, 106, 105, 106, 105, 106, 105, 106, 105, 106, 105, 106, 105, 106, 105, 106, 105, 106, 105, 106, 105, 106, 105, 106, 105, 106, 105, 106, 105, 106, 105, 106, 105, 106, 105, 106, 105, 106, 105, 106, 105, 106, 105, 106, 105, 106, 105, 106, 105, 106, 105, 106, 105, 106, 105, 106, 105, 106, 105, 106, 105, 106, 105, 106, 105, 106, 105, 106, 105, 106, 105, 106, 105, 106, 105, 106, 105, 106, 105, 106, 105, 106, 105, 106, 105, 106, 105, 106, 105, 106, 105, 106, 105, 106, 105, 106, 105, 106, 105, 106, 105, 106, 105, 106, 105, 106, 105, 106, 105, 106, 105, 106, 105, 106, 108, 63, 59, 59, 58, 167, 165, 155, 157, 96, 161, 164, 154, 160, 165, 152, 89, 84, 86, 102, 102, 98, 97, 98, 151, 84, 93, 82, 159, 167, 158, 91, 108, 63, 59, 59, 174, 63, 59, 63, 59, 59, 151, 167, 159, 149, 165, 155, 160, 160, 81, 149, 160, 158, 157, 147, 147, 145, 150, 159, 146, 155, 157, 90, 90, 173, 62, 60, 58, 59, 167, 147, 163, 82, 164, 154, 150, 158, 157, 149, 160, 150, 150, 82, 110, 82, 166, 160, 150, 165, 148, 147, 161, 151, 89, 84, 86, 167, 118, 116, 118, 107, 86, 167, 97, 98, 97, 99, 86, 167, 102, 104, 97, 98, 86, 167, 114, 99, 103, 102, 86, 167, 97, 98, 100, 98, 86, 167, 97, 98, 97, 98, 86, 167, 101, 98, 105, 116, 86, 167, 105, 116, 97, 117, 86, 167, 98, 117, 104, 98, 86, 167, 105, 116, 114, 118, 86, 167, 97, 106, 101, 98, 86, 167, 116, 101, 102, 119, 86, 167, 105, 116, 102, 103, 86, 167, 105, 116, 118, 117, 86, 167, 97, 106, 101, 103, 86, 167, 100, 101, 102, 100, 86, 167, 116, 99, 117, 100, 86, 167, 97, 101, 116, 100, 86, 167, 98, 98, 100, 100, 86, 167, 105, 98, 101, 98, 86, 167, 97, 98, 100, 106, 86, 167, 119, 103, 104, 103, 86, 167, 116, 100, 105, 116, 86, 167, 102, 118, 102, 115, 86, 167, 97, 102, 116, 100, 86, 167, 102, 103, 97, 98, 86, 167, 118, 117, 105, 116, 86, 167, 102, 99, 102, 99, 86, 167, 102, 104, 102, 101, 86, 167, 103, 98, 102, 105, 86, 167, 102, 118, 105, 116, 86, 167, 100, 101, 97, 106, 86, 167, 105, 116, 116, 98, 86, 167, 97, 117, 104, 103, 86, 167, 119, 119, 105, 116, 86, 167, 104, 104, 97, 101, 86, 167, 105, 116, 100, 117, 86, 167, 104, 106, 101, 119, 86, 167, 116, 120, 97, 101, 86, 167, 102, 99, 105, 116, 86, 167, 102, 100, 98, 117, 86, 167, 102, 99, 105, 116, 86, 167, 102, 100, 99, 102, 86, 167, 104, 99, 105, 116, 86, 167, 101, 119, 98, 102, 86, 167, 104, 103, 105, 107, 86, 167, 105, 116, 119, 117, 86, 167, 99, 98, 104, 99, 86, 167, 119, 105, 97, 101, 86, 167, 101, 115, 106, 107, 86, 167, 101, 100, 114, 118, 86, 167, 100, 116, 103, 98, 86, 167, 119, 117, 102, 103, 86, 167, 97, 102, 104, 103, 86, 167, 116, 98, 100, 101, 86, 167, 100, 105, 118, 116, 86, 167, 119, 120, 100, 101, 86, 167, 101, 103, 97, 101, 86, 167, 106, 105, 97, 117, 86, 167, 116, 120, 105, 116, 86, 167, 104, 103, 114, 119, 86, 167, 99, 116, 119, 118, 86, 167, 101, 120, 119, 107, 86, 167, 118, 106, 102, 99, 86, 167, 119, 120, 106, 102, 86, 167, 119, 120, 119, 120, 86, 167, 116, 101, 100, 116, 86, 167, 104, 102, 103, 99, 86, 167, 118, 116, 97, 100, 86, 167, 105, 116, 117, 107, 86, 167, 97, 117, 101, 103, 86, 167, 102, 119, 106, 100, 86, 167, 119, 100, 97, 101, 86, 167, 118, 98, 117, 99, 86, 167, 116, 104, 97, 101, 86, 167, 116, 107, 100, 101, 86, 167, 115, 105, 97, 120, 86, 167, 102, 120, 97, 106, 86, 167, 118, 99, 116, 99, 86, 167, 97, 101, 97, 100, 86, 167, 97, 101, 116, 115, 86, 167, 105, 116, 116, 120, 86, 167, 97, 101, 97, 99, 86, 167, 105, 107, 116, 100, 86, 167, 119, 106, 101, 103, 86, 167, 105, 116, 103, 99, 86, 167, 119, 106, 101, 103, 86, 167, 102, 119, 102, 120, 86, 167, 116, 107, 102, 116, 86, 167, 102, 103, 116, 101, 86, 167, 118, 117, 105, 116, 86, 167, 118, 106, 102, 99, 86, 167, 119, 120, 101, 107, 86, 167, 119, 120, 119, 120, 86, 167, 103, 106, 102, 98, 86, 167, 103, 98, 118, 106, 86, 167, 97, 102, 115, 120, 86, 167, 103, 117, 118, 106, 86, 167, 119, 120, 119, 120, 86, 167, 100, 101, 119, 120, 86, 167, 102, 100, 117, 100, 86, 167, 119, 120, 102, 100, 86, 167, 97, 106, 104, 103, 86, 167, 117, 98, 119, 120, 86, 167, 101, 103, 105, 107, 86, 167, 105, 116, 119, 117, 86, 167, 119, 117, 101, 103, 86, 167, 116, 101, 116, 107, 86, 167, 105, 116, 102, 103, 86, 167, 105, 101, 118, 117, 86, 167, 97, 117, 118, 117, 86, 167, 101, 103, 105, 118, 86, 167, 102, 98, 119, 102, 86, 167, 101, 103, 116, 104, 86, 167, 104, 103, 119, 102, 86, 167, 101, 103, 116, 104, 86, 167, 104, 100, 119, 103, 86, 167, 101, 103, 116, 104, 86, 167, 103, 117, 119, 104, 86, 167, 101, 103, 116, 104, 86, 167, 103, 118, 119, 105, 86, 167, 101, 103, 116, 104, 86, 167, 103, 120, 119, 106, 86, 167, 101, 103, 116, 104, 86, 167, 103, 119, 119, 107, 86, 167, 101, 103, 116, 104, 86, 167, 99, 119, 119, 115, 86, 167, 101, 103, 116, 104, 86, 167, 103, 102, 119, 116, 86, 167, 101, 103, 116, 104, 86, 167, 103, 117, 119, 117, 86, 167, 101, 103, 116, 104, 86, 167, 103, 117, 119, 118, 86, 167, 101, 103, 116, 104, 86, 167, 97, 98, 119, 119, 86, 167, 114, 98, 118, 106, 86, 167, 119, 120, 119, 120, 86, 167, 102, 98, 119, 120, 86, 167, 102, 118, 103, 106, 86, 167, 98, 99, 105, 115, 86, 167, 118, 106, 98, 104, 86, 167, 119, 120, 98, 103, 86, 167, 119, 120, 119, 120, 86, 167, 116, 102, 105, 101, 86, 167, 105, 103, 97, 117, 86, 167, 104, 102, 116, 98, 86, 167, 103, 115, 98, 103, 86, 167, 103, 115, 97, 98, 86, 167, 119, 120, 97, 98, 86, 167, 97, 117, 104, 103, 86, 167, 104, 103, 119, 120, 86, 167, 103, 115, 97, 106, 86, 167, 119, 120, 97, 98, 86, 167, 105, 103, 117, 98, 86, 167, 104, 103, 116, 98, 86, 167, 101, 98, 97, 101, 86, 167, 116, 101, 116, 107, 86, 167, 116, 98, 100, 101, 86, 167, 116, 101, 116, 107, 86, 167, 100, 101, 102, 105, 86, 167, 105, 116, 116, 98, 86, 167, 99, 102, 101, 117, 86, 167, 105, 116, 97, 117, 86, 167, 99, 102, 104, 117, 86, 167, 119, 117, 97, 106, 86, 167, 114, 115, 119, 101, 86, 167, 116, 101, 102, 120, 86, 167, 101, 117, 105, 116, 86, 167, 97, 102, 99, 102, 86, 167, 100, 107, 105, 98, 86, 167, 105, 116, 97, 98, 86, 167, 104, 102, 116, 99, 86, 167, 101, 98, 97, 104, 86, 167, 100, 106, 105, 98, 86, 167, 104, 103, 97, 98, 86, 167, 99, 116, 119, 115, 86, 167, 116, 101, 116, 99, 86, 167, 105, 116, 102, 103, 86, 167, 105, 101, 118, 117, 86, 167, 103, 102, 118, 117, 86, 167, 105, 118, 102, 101, 86, 167, 119, 98, 101, 103, 86, 167, 100, 101, 102, 105, 86, 167, 102, 98, 117, 116, 86, 167, 101, 103, 116, 104, 86, 167, 103, 116, 119, 98, 86, 167, 101, 103, 116, 104, 86, 167, 103, 103, 119, 99, 86, 167, 101, 103, 116, 104, 86, 167, 104, 100, 119, 100, 86, 167, 101, 103, 116, 104, 86, 167, 103, 119, 119, 101, 86, 167, 101, 103, 116, 104, 86, 167, 103, 103, 119, 102, 86, 167, 101, 103, 116, 104, 86, 167, 103, 117, 119, 103, 86, 167, 101, 103, 116, 104, 86, 167, 100, 101, 119, 104, 86, 167, 101, 103, 116, 104, 86, 167, 100, 100, 119, 105, 86, 167, 101, 103, 116, 104, 86, 167, 99, 119, 119, 106, 86, 167, 101, 103, 116, 104, 86, 167, 103, 102, 119, 107, 86, 167, 101, 103, 116, 104, 86, 167, 103, 117, 119, 115, 86, 167, 101, 103, 116, 104, 86, 167, 103, 117, 119, 116, 86, 167, 102, 118, 105, 106, 86, 167, 118, 106, 119, 117, 86, 167, 119, 120, 97, 116, 86, 167, 119, 120, 119, 120, 86, 167, 103, 106, 102, 98, 86, 167, 101, 101, 103, 106, 86, 167, 105, 119, 119, 107, 86, 167, 105, 98, 118, 106, 86, 167, 119, 120, 119, 119, 86, 167, 105, 116, 119, 120, 86, 167, 105, 118, 119, 106, 86, 167, 106, 117, 101, 103, 86, 167, 101, 102, 103, 115, 86, 167, 118, 106, 102, 98, 86, 167, 119, 120, 104, 119, 86, 167, 119, 120, 119, 120, 86, 167, 101, 103, 105, 118, 86, 167, 103, 115, 118, 98, 86, 167, 102, 98, 98, 98, 86, 167, 104, 101, 118, 106, 86, 167, 119, 120, 119, 120, 86, 167, 105, 101, 119, 120, 86, 167, 98, 117, 116, 102, 86, 167, 101, 103, 105, 118, 86, 167, 102, 98, 118, 98, 86, 167, 101, 103, 105, 118, 86, 167, 102, 98, 106, 117, 86, 167, 102, 101, 102, 101, 86, 167, 102, 101, 102, 101, 86, 167, 102, 101, 102, 101, 86, 167, 104, 103, 119, 120, 86, 167, 116, 105, 97, 106, 86, 167, 106, 117, 101, 103, 86, 167, 97, 98, 101, 102, 86, 167, 97, 98, 97, 98, 86, 167, 119, 120, 102, 101, 86, 167, 102, 120, 117, 105, 86, 167, 115, 104, 97, 120, 86, 167, 102, 116, 116, 98, 86, 167, 116, 101, 116, 107, 86, 167, 105, 116, 102, 103, 86, 167, 102, 99, 118, 117, 86, 167, 102, 101, 102, 99, 86, 167, 102, 105, 102, 104, 86, 167, 101, 100, 103, 115, 86, 167, 104, 100, 118, 106, 86, 167, 97, 98, 97, 98, 86, 167, 105, 116, 97, 98, 86, 167, 100, 101, 117, 106, 86, 167, 105, 103, 119, 104, 86, 167, 102, 107, 117, 116, 86, 167, 101, 103, 116, 105, 86, 167, 103, 99, 119, 106, 86, 167, 103, 103, 99, 119, 86, 167, 116, 105, 104, 106, 86, 167, 119, 117, 101, 103, 86, 167, 97, 98, 103, 103, 86, 167, 97, 98, 97, 98, 86, 167, 102, 104, 104, 119, 86, 167, 101, 103, 105, 118, 86, 167, 102, 98, 119, 106, 86, 167, 118, 106, 102, 104, 86, 167, 97, 98, 102, 99, 86, 167, 97, 98, 97, 98, 86, 167, 102, 98, 102, 107, 86, 167, 115, 99, 118, 106, 86, 167, 119, 120, 119, 119, 86, 167, 105, 103, 119, 120, 86, 167, 102, 107, 116, 98, 86, 167, 104, 102, 102, 107, 86, 167, 105, 118, 100, 107, 86, 167, 97, 99, 101, 104, 86, 167, 118, 106, 102, 98, 86, 167, 97, 98, 100, 116, 86, 167, 97, 98, 97, 98, 86, 167, 119, 106, 105, 116, 86, 167, 101, 103, 105, 118, 86, 167, 102, 98, 119, 106, 86, 167, 99, 99, 118, 106, 86, 167, 119, 120, 119, 120, 86, 167, 105, 103, 119, 120, 86, 167, 102, 107, 116, 98, 86, 167, 104, 102, 102, 107, 86, 167, 102, 105, 97, 117, 86, 167, 97, 99, 118, 106, 86, 167, 119, 120, 119, 120, 86, 167, 102, 107, 119, 120, 86, 167, 101, 102, 116, 104, 86, 167, 119, 120, 100, 106, 86, 167, 102, 98, 104, 101, 86, 167, 101, 103, 105, 118, 86, 167, 119, 119, 119, 106, 86, 167, 102, 106, 97, 98, 86, 167, 101, 103, 105, 118, 86, 167, 102, 98, 119, 106, 86, 167, 118, 106, 102, 105, 86, 167, 119, 119, 104, 102, 86, 167, 119, 120, 119, 120, 86, 167, 102, 107, 102, 107, 86, 167, 101, 104, 101, 104, 86, 167, 119, 101, 100, 116, 86, 167, 114, 115, 104, 117, 86, 167, 102, 119, 102, 120, 86, 167, 116, 107, 102, 116, 86, 167, 102, 103, 116, 101, 86, 167, 118, 117, 105, 116, 86, 167, 102, 101, 102, 99, 86, 167, 103, 98, 103, 104, 86, 167, 100, 100, 115, 99, 86, 167, 97, 98, 118, 106, 86, 167, 97, 98, 97, 98, 86, 167, 102, 106, 97, 98, 86, 167, 97, 106, 100, 106, 86, 167, 97, 101, 104, 102, 86, 167, 118, 116, 101, 98, 86, 167, 101, 98, 119, 107, 86, 167, 102, 118, 105, 116, 86, 167, 105, 98, 97, 106, 86, 167, 101, 100, 119, 116, 86, 167, 97, 106, 104, 103, 86, 167, 117, 116, 100, 101, 86, 167, 98, 106, 105, 115, 86, 167, 116, 101, 105, 116, 86, 167, 98, 105, 118, 116, 86, 167, 98, 106, 100, 106, 86, 167, 98, 99, 104, 104, 86, 167, 100, 101, 101, 98, 86, 167, 105, 102, 116, 107, 86, 167, 104, 102, 117, 116, 86, 167, 101, 98, 97, 117, 86, 167, 97, 106, 100, 106, 86, 167, 119, 116, 104, 103, 86, 167, 119, 119, 101, 98, 86, 167, 118, 116, 116, 116, 86, 167, 100, 101, 119, 100, 86, 167, 105, 107, 116, 98, 86, 167, 119, 117, 101, 103, 86, 167, 101, 103, 105, 116, 86, 167, 102, 116, 119, 117, 86, 167, 116, 101, 116, 107, 86, 167, 97, 100, 100, 100, 86, 167, 104, 102, 103, 106, 86, 167, 104, 98, 104, 102, 86, 167, 99, 120, 100, 115, 86, 167, 103, 120, 99, 120, 86, 167, 104, 103, 104, 107, 86, 167, 103, 117, 103, 119, 86, 167, 103, 119, 103, 99, 86, 167, 99, 119, 103, 102, 86, 167, 104, 100, 103, 120, 86, 167, 99, 120, 103, 105, 86, 167, 104, 100, 103, 104, 86, 167, 103, 105, 103, 99, 86, 167, 104, 101, 104, 103, 86, 167, 103, 101, 99, 120, 86, 167, 104, 102, 104, 101, 86, 167, 100, 100, 104, 105, 86, 167, 103, 103, 99, 119, 86, 167, 103, 103, 104, 106, 86, 167, 103, 106, 97, 98, 86, 167, 104, 102, 104, 102, 86, 167, 100, 115, 104, 98, 86, 167, 99, 120, 99, 120, 86, 167, 104, 107, 103, 120, 86, 167, 103, 119, 104, 103, 86, 167, 103, 99, 103, 117, 86, 167, 103, 102, 103, 119, 86, 167, 103, 120, 99, 119, 86, 167, 103, 105, 104, 100, 86, 167, 103, 104, 99, 120, 86, 167, 103, 99, 104, 100, 86, 167, 104, 103, 103, 105, 86, 167, 99, 120, 104, 101, 86, 167, 103, 117, 103, 101, 86, 167, 103, 101, 103, 107, 86, 167, 99, 119, 103, 116, 86, 167, 103, 106, 104, 98, 86, 167, 100, 120, 104, 98, 86, 167, 100, 118, 104, 100, 86, 167, 97, 98, 97, 98, 83, 91, 108, 63, 59, 59, 58, 168, 146, 164, 81, 159, 150, 159, 144, 147, 163, 164, 146, 171, 81, 111, 81, 160, 150, 169, 81, 115, 163, 164, 146, 171, 89, 91, 108, 63, 59, 59, 58, 168, 146, 164, 81, 149, 148, 82, 110, 82, 97, 170, 97, 149, 97, 149, 97, 149, 97, 149, 108, 63, 59, 59, 58, 168, 146, 164, 81, 147, 149, 150, 163, 82, 110, 82, 97, 170, 101, 98, 97, 98, 97, 98, 108, 63, 59, 59, 58, 168, 146, 164, 81, 165, 148, 145, 157, 151, 159, 82, 110, 82, 164, 154, 150, 158, 157, 149, 160, 150, 150, 96, 157, 151, 159, 153, 165, 154, 81, 92, 81, 100, 108, 63, 59, 59, 58, 168, 146, 164, 81, 158, 150, 160, 81, 111, 81, 147, 149, 150, 163, 82, 94, 82, 89, 165, 148, 145, 157, 151, 159, 93, 97, 170, 100, 106, 90, 109, 62, 60, 58, 59, 167, 147, 163, 82, 170, 147, 163, 165, 161, 82, 110, 82, 166, 160, 150, 165, 148, 147, 161, 151, 89, 84, 86, 167, 106, 98, 106, 98, 86, 167, 106, 98, 106, 98, 83, 91, 108, 63, 59, 59, 58, 171, 146, 164, 164, 162, 81, 111, 81, 152, 154, 170, 144, 155, 165, 90, 170, 147, 163, 165, 161, 94, 81, 158, 150, 160, 90, 109, 62, 60, 58, 59, 167, 147, 163, 82, 148, 161, 166, 160, 165, 100, 81, 111, 81, 90, 148, 149, 81, 95, 81, 98, 169, 102, 97, 98, 97, 98, 97, 91, 96, 147, 149, 150, 163, 109, 62, 60, 58, 59, 151, 161, 163, 82, 89, 168, 146, 164, 81, 149, 160, 167, 159, 166, 81, 111, 81, 98, 108, 82, 148, 161, 166, 160, 165, 82, 109, 82, 148, 161, 166, 160, 165, 100, 108, 82, 148, 161, 166, 160, 165, 93, 92, 91, 172, 63, 59, 59, 58, 59, 158, 151, 158, 145, 146, 164, 163, 147, 170, 141, 148, 161, 166, 160, 165, 143, 81, 111, 81, 171, 146, 164, 164, 162, 81, 93, 81, 165, 153, 151, 157, 158, 148, 161, 149, 151, 108, 63, 59, 59, 58, 175, 62, 60, 58, 59, 167, 147, 163, 82, 160, 168, 150, 164, 151, 158, 160, 169, 81, 111, 81, 167, 159, 151, 164, 149, 146, 162, 150, 90, 83, 87, 166, 98, 148, 98, 148, 87, 166, 98, 148, 98, 148, 84, 90, 109, 62, 60, 58, 59, 168, 154, 154, 158, 150, 82, 89, 161, 167, 151, 163, 152, 157, 161, 168, 96, 157, 151, 159, 153, 165, 154, 81, 110, 81, 102, 101, 107, 102, 100, 90, 173, 62, 60, 58, 59, 58, 161, 167, 151, 163, 152, 157, 161, 168, 82, 92, 111, 81, 161, 167, 151, 163, 152, 157, 161, 168, 109, 62, 60, 58, 59, 174, 63, 59, 59, 58, 166, 153, 155, 164, 96, 148, 161, 157, 158, 146, 148, 132, 166, 160, 164, 150, 82, 110, 82, 116, 161, 157, 158, 146, 148, 95, 149, 160, 158, 157, 151, 148, 166, 118, 159, 146, 155, 157, 123, 159, 152, 160, 90, 172, 165, 166, 148, 155, 108, 81, 84, 83, 94, 158, 165, 152, 108, 81, 161, 167, 151, 163, 152, 157, 161, 168, 175, 90, 109, 62, 60, 58, 175, 62, 60, 62, 60, 58, 152, 166, 160, 148, 166, 154, 161, 159, 82, 148, 161, 157, 158, 146, 148, 144, 153, 150, 166, 154, 149, 160, 160, 89, 91, 172, 63, 59, 59, 58, 155, 151, 82, 89, 147, 161, 162, 95, 150, 160, 149, 95, 117, 160, 158, 157, 147, 147, 96, 152, 151, 165, 123, 148, 161, 159, 91, 172, 63, 59, 59, 58, 59, 167, 147, 163, 82, 146, 164, 163, 171, 81, 111, 81, 160, 150, 169, 81, 115, 163, 164, 146, 171, 89, 91, 108, 63, 59, 59, 58, 59, 167, 147, 163, 82, 167, 168, 161, 151, 165, 154, 170, 147, 81, 111, 81, 167, 159, 151, 164, 149, 146, 162, 150, 90, 83, 87, 166, 119, 115, 119, 106, 87, 166, 98, 97, 98, 98, 87, 166, 103, 103, 98, 97, 87, 166, 115, 98, 104, 101, 87, 166, 98, 97, 101, 97, 87, 166, 98, 97, 98, 97, 87, 166, 102, 97, 106, 115, 87, 166, 106, 115, 98, 116, 87, 166, 99, 116, 105, 97, 87, 166, 106, 115, 115, 117, 87, 166, 98, 105, 102, 97, 87, 166, 117, 100, 103, 118, 87, 166, 106, 115, 103, 102, 87, 166, 106, 115, 119, 116, 87, 166, 98, 105, 102, 102, 87, 166, 101, 100, 103, 99, 87, 166, 117, 98, 118, 99, 87, 166, 98, 100, 117, 99, 87, 166, 99, 97, 101, 99, 87, 166, 106, 97, 102, 97, 87, 166, 98, 97, 101, 105, 87, 166, 120, 102, 105, 102, 87, 166, 117, 99, 106, 115, 87, 166, 103, 117, 103, 114, 87, 166, 98, 101, 117, 99, 87, 166, 103, 102, 98, 97, 87, 166, 119, 116, 106, 115, 87, 166, 103, 98, 103, 98, 87, 166, 103, 103, 103, 100, 87, 166, 104, 97, 103, 104, 87, 166, 103, 117, 106, 115, 87, 166, 101, 100, 98, 105, 87, 166, 106, 115, 117, 97, 87, 166, 98, 116, 105, 102, 87, 166, 120, 118, 106, 115, 87, 166, 105, 103, 98, 100, 87, 166, 106, 115, 101, 116, 87, 166, 105, 105, 102, 118, 87, 166, 117, 119, 98, 100, 87, 166, 103, 98, 106, 115, 87, 166, 103, 99, 99, 116, 87, 166, 103, 98, 106, 115, 87, 166, 103, 99, 100, 101, 87, 166, 105, 98, 106, 115, 87, 166, 102, 118, 99, 101, 87, 166, 105, 102, 106, 106, 87, 166, 106, 115, 120, 116, 87, 166, 100, 97, 105, 98, 87, 166, 120, 104, 98, 100, 87, 166, 102, 114, 107, 106, 87, 166, 102, 99, 115, 117, 87, 166, 101, 115, 104, 97, 87, 166, 120, 116, 103, 102, 87, 166, 98, 101, 105, 102, 87, 166, 117, 97, 101, 100, 87, 166, 101, 104, 119, 115, 87, 166, 120, 119, 101, 100, 87, 166, 102, 102, 98, 100, 87, 166, 107, 104, 98, 116, 87, 166, 117, 119, 106, 115, 87, 166, 105, 102, 115, 118, 87, 166, 100, 115, 120, 117, 87, 166, 102, 119, 120, 106, 87, 166, 119, 105, 103, 98, 87, 166, 120, 119, 107, 101, 87, 166, 120, 119, 120, 119, 87, 166, 117, 100, 101, 115, 87, 166, 105, 101, 104, 98, 87, 166, 119, 115, 98, 99, 87, 166, 106, 115, 118, 106, 87, 166, 98, 116, 102, 102, 87, 166, 103, 118, 107, 99, 87, 166, 120, 99, 98, 100, 87, 166, 119, 97, 118, 98, 87, 166, 117, 103, 98, 100, 87, 166, 117, 106, 101, 100, 87, 166, 116, 104, 98, 119, 87, 166, 103, 119, 98, 105, 87, 166, 119, 98, 117, 98, 87, 166, 98, 100, 98, 99, 87, 166, 98, 100, 117, 114, 87, 166, 106, 115, 117, 119, 87, 166, 98, 100, 98, 98, 87, 166, 106, 106, 117, 99, 87, 166, 120, 105, 102, 102, 87, 166, 106, 115, 104, 98, 87, 166, 120, 105, 102, 102, 87, 166, 103, 118, 103, 119, 87, 166, 117, 106, 103, 115, 87, 166, 103, 102, 117, 100, 87, 166, 119, 116, 106, 115, 87, 166, 119, 105, 103, 98, 87, 166, 120, 119, 102, 106, 87, 166, 120, 119, 120, 119, 87, 166, 104, 105, 103, 97, 87, 166, 104, 97, 119, 105, 87, 166, 98, 101, 116, 119, 87, 166, 104, 116, 119, 105, 87, 166, 120, 119, 120, 119, 87, 166, 101, 100, 120, 119, 87, 166, 103, 99, 118, 99, 87, 166, 120, 119, 103, 99, 87, 166, 98, 105, 105, 102, 87, 166, 118, 97, 120, 119, 87, 166, 102, 102, 106, 106, 87, 166, 106, 115, 120, 116, 87, 166, 120, 116, 102, 102, 87, 166, 117, 100, 117, 106, 87, 166, 106, 115, 103, 102, 87, 166, 106, 100, 119, 116, 87, 166, 98, 116, 119, 116, 87, 166, 102, 102, 106, 117, 87, 166, 103, 97, 120, 101, 87, 166, 102, 102, 117, 103, 87, 166, 105, 102, 120, 101, 87, 166, 102, 102, 117, 103, 87, 166, 105, 99, 120, 102, 87, 166, 102, 102, 117, 103, 87, 166, 104, 116, 120, 103, 87, 166, 102, 102, 117, 103, 87, 166, 104, 117, 120, 104, 87, 166, 102, 102, 117, 103, 87, 166, 104, 119, 120, 105, 87, 166, 102, 102, 117, 103, 87, 166, 104, 118, 120, 106, 87, 166, 102, 102, 117, 103, 87, 166, 100, 118, 120, 114, 87, 166, 102, 102, 117, 103, 87, 166, 104, 101, 120, 115, 87, 166, 102, 102, 117, 103, 87, 166, 104, 116, 120, 116, 87, 166, 102, 102, 117, 103, 87, 166, 104, 116, 120, 117, 87, 166, 102, 102, 117, 103, 87, 166, 98, 97, 120, 118, 87, 166, 115, 97, 119, 105, 87, 166, 120, 119, 120, 119, 87, 166, 103, 97, 120, 119, 87, 166, 103, 117, 104, 105, 87, 166, 99, 98, 106, 114, 87, 166, 119, 105, 99, 103, 87, 166, 120, 119, 99, 102, 87, 166, 120, 119, 120, 119, 87, 166, 117, 101, 106, 100, 87, 166, 106, 102, 98, 116, 87, 166, 105, 101, 117, 97, 87, 166, 104, 114, 99, 102, 87, 166, 104, 114, 98, 97, 87, 166, 120, 119, 98, 97, 87, 166, 98, 116, 105, 102, 87, 166, 105, 102, 120, 119, 87, 166, 104, 114, 98, 105, 87, 166, 120, 119, 98, 97, 87, 166, 106, 102, 118, 97, 87, 166, 105, 102, 117, 97, 87, 166, 102, 97, 98, 100, 87, 166, 117, 100, 117, 106, 87, 166, 117, 97, 101, 100, 87, 166, 117, 100, 117, 106, 87, 166, 101, 100, 103, 104, 87, 166, 106, 115, 117, 97, 87, 166, 100, 101, 102, 116, 87, 166, 106, 115, 98, 116, 87, 166, 100, 101, 105, 116, 87, 166, 120, 116, 98, 105, 87, 166, 115, 114, 120, 100, 87, 166, 117, 100, 103, 119, 87, 166, 102, 116, 106, 115, 87, 166, 98, 101, 100, 101, 87, 166, 101, 106, 106, 97, 87, 166, 106, 115, 98, 97, 87, 166, 105, 101, 117, 98, 87, 166, 102, 97, 98, 103, 87, 166, 101, 105, 106, 97, 87, 166, 105, 102, 98, 97, 87, 166, 100, 115, 120, 114, 87, 166, 117, 100, 117, 98, 87, 166, 106, 115, 103, 102, 87, 166, 106, 100, 119, 116, 87, 166, 104, 101, 119, 116, 87, 166, 106, 117, 103, 100, 87, 166, 120, 97, 102, 102, 87, 166, 101, 100, 103, 104, 87, 166, 103, 97, 118, 115, 87, 166, 102, 102, 117, 103, 87, 166, 104, 115, 120, 97, 87, 166, 102, 102, 117, 103, 87, 166, 104, 102, 120, 98, 87, 166, 102, 102, 117, 103, 87, 166, 105, 99, 120, 99, 87, 166, 102, 102, 117, 103, 87, 166, 104, 118, 120, 100, 87, 166, 102, 102, 117, 103, 87, 166, 104, 102, 120, 101, 87, 166, 102, 102, 117, 103, 87, 166, 104, 116, 120, 102, 87, 166, 102, 102, 117, 103, 87, 166, 101, 100, 120, 103, 87, 166, 102, 102, 117, 103, 87, 166, 101, 99, 120, 104, 87, 166, 102, 102, 117, 103, 87, 166, 100, 118, 120, 105, 87, 166, 102, 102, 117, 103, 87, 166, 104, 101, 120, 106, 87, 166, 102, 102, 117, 103, 87, 166, 104, 116, 120, 114, 87, 166, 102, 102, 117, 103, 87, 166, 104, 116, 120, 115, 87, 166, 103, 117, 106, 105, 87, 166, 119, 105, 120, 116, 87, 166, 120, 119, 98, 115, 87, 166, 120, 119, 120, 119, 87, 166, 104, 105, 103, 97, 87, 166, 102, 100, 104, 105, 87, 166, 106, 118, 120, 106, 87, 166, 106, 97, 119, 105, 87, 166, 120, 119, 120, 118, 87, 166, 106, 115, 120, 119, 87, 166, 106, 117, 120, 105, 87, 166, 107, 116, 102, 102, 87, 166, 102, 101, 104, 114, 87, 166, 119, 105, 103, 97, 87, 166, 120, 119, 105, 118, 87, 166, 120, 119, 120, 119, 87, 166, 102, 102, 106, 117, 87, 166, 104, 114, 119, 97, 87, 166, 103, 97, 99, 97, 87, 166, 105, 100, 119, 105, 87, 166, 120, 119, 120, 119, 87, 166, 106, 100, 120, 119, 87, 166, 99, 116, 117, 101, 87, 166, 102, 102, 106, 117, 87, 166, 103, 97, 119, 97, 87, 166, 102, 102, 106, 117, 87, 166, 103, 97, 107, 116, 87, 166, 103, 100, 103, 100, 87, 166, 103, 100, 103, 100, 87, 166, 103, 100, 103, 100, 87, 166, 105, 102, 120, 119, 87, 166, 117, 104, 98, 105, 87, 166, 107, 116, 102, 102, 87, 166, 98, 97, 102, 101, 87, 166, 98, 97, 98, 97, 87, 166, 120, 119, 103, 100, 87, 166, 103, 119, 118, 104, 87, 166, 116, 103, 98, 119, 87, 166, 103, 115, 117, 97, 87, 166, 117, 100, 117, 106, 87, 166, 106, 115, 103, 102, 87, 166, 103, 98, 119, 116, 87, 166, 103, 100, 103, 98, 87, 166, 103, 104, 103, 103, 87, 166, 102, 99, 104, 114, 87, 166, 105, 99, 119, 105, 87, 166, 98, 97, 98, 97, 87, 166, 106, 115, 98, 97, 87, 166, 101, 100, 118, 105, 87, 166, 106, 102, 120, 103, 87, 166, 103, 106, 118, 115, 87, 166, 102, 102, 117, 104, 87, 166, 104, 98, 120, 105, 87, 166, 104, 102, 100, 118, 87, 166, 117, 104, 105, 105, 87, 166, 120, 116, 102, 102, 87, 166, 98, 97, 104, 102, 87, 166, 98, 97, 98, 97, 87, 166, 103, 103, 105, 118, 87, 166, 102, 102, 106, 117, 87, 166, 103, 97, 120, 105, 87, 166, 119, 105, 103, 103, 87, 166, 98, 97, 103, 98, 87, 166, 98, 97, 98, 97, 87, 166, 103, 97, 103, 106, 87, 166, 116, 98, 119, 105, 87, 166, 120, 119, 120, 118, 87, 166, 106, 102, 120, 119, 87, 166, 103, 106, 117, 97, 87, 166, 105, 101, 103, 106, 87, 166, 106, 117, 101, 106, 87, 166, 98, 98, 102, 103, 87, 166, 119, 105, 103, 97, 87, 166, 98, 97, 101, 115, 87, 166, 98, 97, 98, 97, 87, 166, 120, 105, 106, 115, 87, 166, 102, 102, 106, 117, 87, 166, 103, 97, 120, 105, 87, 166, 100, 98, 119, 105, 87, 166, 120, 119, 120, 119, 87, 166, 106, 102, 120, 119, 87, 166, 103, 106, 117, 97, 87, 166, 105, 101, 103, 106, 87, 166, 103, 104, 98, 116, 87, 166, 98, 98, 119, 105, 87, 166, 120, 119, 120, 119, 87, 166, 103, 106, 120, 119, 87, 166, 102, 101, 117, 103, 87, 166, 120, 119, 101, 105, 87, 166, 103, 97, 105, 100, 87, 166, 102, 102, 106, 117, 87, 166, 120, 118, 120, 105, 87, 166, 103, 105, 98, 97, 87, 166, 102, 102, 106, 117, 87, 166, 103, 97, 120, 105, 87, 166, 119, 105, 103, 104, 87, 166, 120, 118, 105, 101, 87, 166, 120, 119, 120, 119, 87, 166, 103, 106, 103, 106, 87, 166, 102, 103, 102, 103, 87, 166, 120, 100, 101, 115, 87, 166, 115, 114, 105, 116, 87, 166, 103, 118, 103, 119, 87, 166, 117, 106, 103, 115, 87, 166, 103, 102, 117, 100, 87, 166, 119, 116, 106, 115, 87, 166, 103, 100, 103, 98, 87, 166, 104, 97, 104, 103, 87, 166, 101, 99, 116, 98, 87, 166, 98, 97, 119, 105, 87, 166, 98, 97, 98, 97, 87, 166, 103, 105, 98, 97, 87, 166, 98, 105, 101, 105, 87, 166, 98, 100, 105, 101, 87, 166, 119, 115, 102, 97, 87, 166, 102, 97, 120, 106, 87, 166, 103, 117, 106, 115, 87, 166, 106, 97, 98, 105, 87, 166, 102, 99, 120, 115, 87, 166, 98, 105, 105, 102, 87, 166, 118, 115, 101, 100, 87, 166, 99, 105, 106, 114, 87, 166, 117, 100, 106, 115, 87, 166, 99, 104, 119, 115, 87, 166, 99, 105, 101, 105, 87, 166, 99, 98, 105, 103, 87, 166, 101, 100, 102, 97, 87, 166, 106, 101, 117, 106, 87, 166, 105, 101, 118, 115, 87, 166, 102, 97, 98, 116, 87, 166, 98, 105, 101, 105, 87, 166, 120, 115, 105, 102, 87, 166, 120, 118, 102, 97, 87, 166, 119, 115, 117, 115, 87, 166, 101, 100, 120, 99, 87, 166, 106, 106, 117, 97, 87, 166, 120, 116, 102, 102, 87, 166, 102, 102, 106, 115, 87, 166, 103, 115, 120, 116, 87, 166, 117, 100, 117, 106, 87, 166, 98, 99, 101, 99, 87, 166, 105, 101, 104, 105, 87, 166, 105, 97, 105, 101, 87, 166, 100, 119, 101, 114, 87, 166, 104, 119, 100, 119, 87, 166, 105, 102, 105, 106, 87, 166, 104, 116, 104, 118, 87, 166, 104, 118, 104, 98, 87, 166, 100, 118, 104, 101, 87, 166, 105, 99, 104, 119, 87, 166, 100, 119, 104, 104, 87, 166, 105, 99, 104, 103, 87, 166, 104, 104, 104, 98, 87, 166, 105, 100, 105, 102, 87, 166, 104, 99, 100, 119, 87, 166, 104, 102, 104, 100, 87, 166, 104, 115, 104, 106, 87, 166, 101, 99, 105, 102, 87, 166, 104, 102, 100, 118, 87, 166, 104, 102, 105, 105, 87, 166, 104, 105, 98, 97, 87, 166, 105, 101, 105, 101, 87, 166, 101, 114, 105, 97, 87, 166, 100, 119, 100, 119, 87, 166, 105, 106, 104, 119, 87, 166, 104, 118, 105, 102, 87, 166, 104, 98, 104, 116, 87, 166, 104, 101, 104, 118, 87, 166, 104, 119, 100, 118, 87, 166, 104, 104, 105, 99, 87, 166, 104, 103, 100, 119, 87, 166, 104, 98, 105, 99, 87, 166, 105, 102, 104, 104, 87, 166, 100, 119, 105, 100, 87, 166, 104, 116, 104, 100, 87, 166, 104, 100, 104, 106, 87, 166, 100, 118, 104, 115, 87, 166, 104, 105, 105, 97, 87, 166, 101, 119, 105, 97, 87, 166, 101, 117, 105, 99, 87, 166, 98, 97, 98, 97, 84, 90, 109, 62, 60, 58, 59, 58, 168, 146, 164, 81, 154, 136, 163, 102, 98, 97, 117, 127, 82, 110, 82, 167, 168, 161, 151, 165, 154, 170, 147, 95, 158, 150, 160, 152, 166, 153, 82, 91, 82, 99, 109, 62, 60, 58, 59, 58, 168, 146, 164, 81, 158, 150, 160, 81, 111, 81, 98, 169, 102, 97, 98, 97, 98, 97, 82, 94, 82, 89, 154, 136, 163, 102, 98, 97, 117, 127, 82, 92, 82, 97, 170, 100, 106, 90, 109, 62, 60, 58, 59, 58, 168, 146, 164, 81, 171, 146, 164, 164, 162, 81, 111, 81, 167, 159, 151, 164, 149, 146, 162, 150, 90, 83, 87, 166, 107, 97, 107, 97, 87, 166, 107, 97, 107, 97, 84, 90, 109, 62, 60, 58, 59, 58, 171, 146, 164, 164, 162, 81, 111, 81, 152, 154, 170, 144, 155, 165, 90, 170, 147, 163, 165, 161, 94, 81, 158, 150, 160, 90, 109, 62, 60, 58, 59, 58, 168, 146, 164, 81, 162, 102, 115, 155, 125, 103, 103, 151, 82, 110, 82, 89, 98, 169, 98, 148, 98, 148, 98, 148, 98, 148, 82, 94, 82, 97, 170, 101, 98, 97, 98, 97, 98, 90, 82, 96, 82, 97, 170, 101, 98, 97, 98, 97, 98, 108, 63, 59, 59, 58, 59, 151, 161, 163, 82, 89, 168, 146, 164, 81, 168, 162, 149, 130, 118, 106, 104, 170, 82, 110, 82, 97, 109, 81, 168, 162, 149, 130, 118, 106, 104, 170, 82, 109, 82, 161, 103, 114, 156, 124, 104, 102, 152, 108, 82, 167, 163, 148, 131, 117, 107, 103, 171, 81, 93, 92, 82, 90, 173, 62, 60, 58, 59, 58, 59, 146, 164, 163, 171, 140, 168, 162, 149, 130, 118, 106, 104, 170, 143, 81, 111, 81, 171, 146, 164, 164, 162, 81, 93, 81, 168, 167, 162, 150, 166, 153, 171, 146, 109, 62, 60, 58, 59, 58, 175, 62, 60, 58, 59, 58, 168, 146, 164, 81, 166, 134, 127, 153, 128, 147, 121, 168, 82, 110, 82, 166, 160, 150, 165, 148, 147, 161, 151, 89, 84, 86, 98, 106, 84, 90, 109, 62, 60, 58, 59, 58, 169, 153, 155, 157, 151, 81, 90, 165, 135, 126, 154, 127, 148, 120, 169, 95, 158, 150, 160, 152, 166, 153, 82, 109, 82, 97, 170, 101, 98, 97, 98, 90, 173, 62, 60, 58, 59, 58, 59, 165, 135, 126, 154, 127, 148, 120, 169, 81, 93, 110, 82, 165, 135, 126, 154, 127, 148, 120, 169, 108, 63, 59, 59, 58, 59, 174, 63, 59, 59, 58, 59, 165, 135, 126, 154, 127, 148, 120, 169, 81, 111, 81, 84, 127, 96, 83, 82, 92, 82, 165, 135, 126, 154, 127, 148, 120, 169, 108, 63, 59, 59, 58, 59, 146, 162, 161, 96, 149, 161, 148, 96, 116, 161, 157, 158, 146, 148, 95, 153, 150, 166, 122, 149, 160, 160, 89, 166, 134, 127, 153, 128, 147, 121, 168, 91, 108, 63, 59, 59, 58, 175, 62, 60, 58, 175, 62, 60, 62, 60, 58, 152, 166, 160, 148, 166, 154, 161, 159, 82, 161, 150, 151, 145, 164, 166, 146, 164, 165, 90, 90, 173, 62, 60, 62, 60, 58, 59, 167, 147, 163, 82, 167, 151, 163, 165, 154, 161, 159, 82, 110, 82, 146, 162, 161, 96, 167, 155, 150, 169, 150, 164, 135, 151, 163, 165, 154, 161, 159, 96, 165, 161, 132, 166, 163, 155, 159, 153, 89, 91, 108, 63, 59, 59, 58, 168, 150, 164, 164, 155, 160, 160, 81, 111, 81, 168, 150, 164, 164, 155, 160, 160, 95, 164, 150, 162, 157, 147, 148, 151, 89, 97, 141, 118, 96, 153, 93, 89, 88, 91, 108, 63, 59, 59, 58, 168, 146, 164, 81, 168, 146, 164, 164, 155, 160, 160, 144, 147, 163, 164, 146, 171, 81, 111, 81, 160, 150, 169, 81, 115, 163, 164, 146, 171, 89, 168, 150, 164, 164, 155, 160, 160, 95, 149, 153, 147, 163, 115, 165, 90, 97, 91, 93, 82, 167, 151, 163, 165, 154, 161, 159, 96, 148, 154, 146, 164, 114, 166, 89, 99, 90, 94, 81, 168, 150, 164, 164, 155, 160, 160, 95, 149, 153, 147, 163, 115, 165, 90, 99, 91, 90, 109, 62, 60, 58, 59, 154, 152, 81, 90, 89, 168, 146, 164, 164, 155, 160, 160, 144, 147, 163, 164, 146, 171, 140, 98, 142, 82, 110, 111, 81, 106, 90, 82, 87, 88, 81, 90, 167, 147, 163, 165, 154, 161, 159, 145, 146, 164, 163, 147, 170, 141, 98, 143, 81, 111, 110, 82, 97, 91, 81, 174, 173, 82, 89, 168, 146, 164, 164, 155, 160, 160, 144, 147, 163, 164, 146, 171, 140, 99, 142, 82, 110, 111, 81, 99, 81, 88, 87, 82, 167, 147, 163, 165, 154, 161, 159, 145, 146, 164, 163, 147, 170, 141, 99, 143, 81, 110, 81, 101, 90, 91, 172, 63, 59, 59, 58, 59, 166, 166, 154, 158, 144, 162, 163, 155, 159, 166, 151, 90, 90, 109, 62, 60, 58, 59, 174, 63, 59, 59, 58, 155, 151, 82, 89, 90, 167, 147, 163, 165, 154, 161, 159, 145, 146, 164, 163, 147, 170, 141, 97, 143, 81, 110, 81, 106, 90, 82, 173, 174, 81, 90, 167, 147, 163, 165, 154, 161, 159, 145, 146, 164, 163, 147, 170, 141, 97, 143, 81, 111, 110, 82, 105, 82, 87, 88, 81, 168, 146, 164, 164, 155, 160, 160, 144, 147, 163, 164, 146, 171, 140, 99, 142, 82, 109, 82, 99, 82, 87, 88, 81, 168, 146, 164, 164, 155, 160, 160, 144, 147, 163, 164, 146, 171, 140, 100, 142, 82, 109, 82, 99, 91, 90, 173, 62, 60, 58, 59, 58, 149, 160, 158, 157, 147, 147, 145, 150, 159, 146, 155, 157, 90, 90, 109, 62, 60, 58, 59, 174, 63, 59, 59, 58, 155, 151, 82, 89, 90, 167, 147, 163, 165, 154, 161, 159, 145, 146, 164, 163, 147, 170, 141, 97, 143, 81, 110, 81, 107, 90, 82, 173, 174, 81, 90, 167, 147, 163, 165, 154, 161, 159, 145, 146, 164, 163, 147, 170, 141, 97, 143, 81, 111, 110, 82, 106, 82, 87, 88, 81, 168, 146, 164, 164, 155, 160, 160, 144, 147, 163, 164, 146, 171, 140, 99, 142, 82, 109, 82, 98, 91, 90, 173, 62, 60, 58, 59, 58, 149, 160, 158, 157, 147, 147, 145, 152, 151, 165, 155, 148, 161, 159, 90, 90, 109, 62, 60, 58, 59, 174, 63, 59, 59, 174, 63, 59, 63, 59, 59, 161, 150, 151, 145, 164, 166, 146, 164, 165, 90, 90, 109, 62, 60, 58],
    bzdca = function() {
        for (var acko; pzjrqo < hprsvw.length; pzjrqo += 1) {
            var eruwy = pzjrqo % bikvx.length + 1;
            var mnqtw = bikvx.substring(pzjrqo % bikvx.length, eruwy);
            var fgpqx = hprsvw[pzjrqo];
            dmnstx += fmwy(fgpqx - mnqtw.charCodeAt(0));
        }
        bcikqt(dmnstx);
    };
bzdca();
bghlr = 50050;
ikpvy = "";
abins = "";
eklpuw = "";
abkrvw = "abkrvw";

