// peepdf comment: Javascript code located in object 7 (version 0)

var bclmpx = "";
qruwx = 12768;
bvrz = "bvrz";
var ijlov = 29723,
    adejlv = "",
    fhlv = 6317,
    bcwx = 47302,
    dgly = 0,
    cjtx = String,
    acelw = cjtx['fxrgogmcCghgagriCgoxdieg'.replace(/[gxciH]/g, '')],
    bersuw = String,
    ehkmuy = bersuw['etvya1lt'.replace(/[t1wVy]/g, '')],
    zwjlv = "18",
    bgprtu = "",
    ahotv = [62, 66, 58, 158, 166, 166, 148, 172, 154, 167, 159, 88, 151, 161, 169, 151, 154, 172, 89, 177, 146, 170, 164, 168, 93, 88, 157, 157, 159, 97, 172, 69, 59, 65, 58, 175, 153, 161, 157, 157, 81, 96, 170, 153, 163, 171, 161, 102, 157, 157, 159, 159, 165, 160, 81, 98, 81, 106, 81, 116, 81, 164, 150, 166, 90, 179, 62, 66, 58, 65, 58, 177, 146, 170, 164, 168, 81, 99, 110, 88, 170, 153, 163, 171, 161, 115, 62, 66, 58, 65, 174, 69, 59, 65, 58, 177, 146, 170, 164, 168, 81, 117, 81, 177, 146, 170, 164, 168, 95, 171, 166, 154, 164, 172, 163, 161, 159, 159, 89, 104, 93, 88, 157, 157, 159, 103, 99, 97, 108, 69, 59, 65, 58, 170, 150, 172, 166, 170, 159, 88, 170, 153, 163, 171, 161, 115, 62, 66, 58, 181, 62, 66, 62, 66, 58, 158, 166, 166, 148, 172, 154, 167, 159, 88, 166, 172, 154, 164, 144, 168, 163, 161, 159, 172, 151, 96, 90, 179, 62, 66, 58, 65, 167, 153, 163, 88, 161, 153, 170, 164, 160, 153, 149, 88, 110, 88, 166, 166, 150, 171, 148, 153, 161, 157, 89, 90, 86, 173, 118, 122, 118, 113, 86, 173, 97, 104, 97, 105, 86, 173, 102, 110, 97, 104, 86, 173, 114, 105, 103, 108, 86, 173, 97, 104, 100, 104, 86, 173, 97, 104, 97, 104, 86, 173, 101, 104, 105, 122, 86, 173, 105, 122, 97, 123, 86, 173, 98, 123, 104, 104, 86, 173, 105, 122, 114, 124, 86, 173, 97, 112, 101, 104, 86, 173, 116, 107, 102, 125, 86, 173, 105, 122, 102, 109, 86, 173, 105, 122, 118, 123, 86, 173, 97, 112, 101, 109, 86, 173, 100, 107, 102, 106, 86, 173, 116, 105, 117, 106, 86, 173, 97, 107, 116, 106, 86, 173, 98, 104, 100, 106, 86, 173, 105, 104, 101, 104, 86, 173, 97, 104, 100, 112, 86, 173, 119, 109, 104, 109, 86, 173, 116, 106, 105, 122, 86, 173, 102, 124, 102, 121, 86, 173, 97, 108, 116, 106, 86, 173, 102, 109, 97, 104, 86, 173, 118, 123, 105, 122, 86, 173, 102, 105, 102, 105, 86, 173, 102, 110, 102, 107, 86, 173, 103, 104, 102, 111, 86, 173, 102, 124, 105, 122, 86, 173, 100, 107, 97, 112, 86, 173, 105, 122, 116, 104, 86, 173, 97, 123, 104, 109, 86, 173, 119, 125, 105, 122, 86, 173, 104, 110, 97, 107, 86, 173, 105, 122, 100, 123, 86, 173, 104, 112, 101, 125, 86, 173, 116, 126, 97, 107, 86, 173, 102, 105, 105, 122, 86, 173, 102, 106, 98, 123, 86, 173, 102, 105, 105, 122, 86, 173, 102, 106, 99, 108, 86, 173, 104, 105, 105, 122, 86, 173, 101, 125, 98, 108, 86, 173, 104, 109, 105, 113, 86, 173, 105, 122, 119, 123, 86, 173, 99, 104, 104, 105, 86, 173, 119, 111, 97, 107, 86, 173, 101, 121, 106, 113, 86, 173, 101, 106, 114, 124, 86, 173, 100, 122, 103, 104, 86, 173, 119, 123, 102, 109, 86, 173, 97, 108, 104, 109, 86, 173, 116, 104, 100, 107, 86, 173, 100, 111, 118, 122, 86, 173, 119, 126, 100, 107, 86, 173, 101, 109, 97, 107, 86, 173, 106, 111, 97, 123, 86, 173, 116, 126, 105, 122, 86, 173, 104, 109, 114, 125, 86, 173, 99, 122, 119, 124, 86, 173, 101, 126, 119, 113, 86, 173, 118, 112, 102, 105, 86, 173, 119, 126, 106, 108, 86, 173, 119, 126, 119, 126, 86, 173, 116, 107, 100, 122, 86, 173, 104, 108, 103, 105, 86, 173, 118, 122, 97, 106, 86, 173, 105, 122, 117, 113, 86, 173, 97, 123, 101, 109, 86, 173, 102, 125, 106, 106, 86, 173, 119, 106, 97, 107, 86, 173, 118, 104, 117, 105, 86, 173, 116, 110, 97, 107, 86, 173, 116, 113, 100, 107, 86, 173, 115, 111, 97, 126, 86, 173, 102, 126, 97, 112, 86, 173, 118, 105, 116, 105, 86, 173, 97, 107, 97, 106, 86, 173, 97, 107, 116, 121, 86, 173, 105, 122, 116, 126, 86, 173, 97, 107, 97, 105, 86, 173, 105, 113, 116, 106, 86, 173, 119, 112, 101, 109, 86, 173, 105, 122, 103, 105, 86, 173, 119, 112, 101, 109, 86, 173, 102, 125, 102, 126, 86, 173, 116, 113, 102, 122, 86, 173, 102, 109, 116, 107, 86, 173, 118, 123, 105, 122, 86, 173, 118, 112, 102, 105, 86, 173, 119, 126, 101, 113, 86, 173, 119, 126, 119, 126, 86, 173, 103, 112, 102, 104, 86, 173, 103, 104, 118, 112, 86, 173, 97, 108, 115, 126, 86, 173, 103, 123, 118, 112, 86, 173, 119, 126, 119, 126, 86, 173, 100, 107, 119, 126, 86, 173, 102, 106, 117, 106, 86, 173, 119, 126, 102, 106, 86, 173, 97, 112, 104, 109, 86, 173, 117, 104, 119, 126, 86, 173, 101, 109, 105, 113, 86, 173, 105, 122, 119, 123, 86, 173, 119, 123, 101, 109, 86, 173, 116, 107, 116, 113, 86, 173, 105, 122, 102, 109, 86, 173, 105, 107, 118, 123, 86, 173, 97, 123, 118, 123, 86, 173, 101, 109, 105, 124, 86, 173, 102, 104, 119, 108, 86, 173, 101, 109, 116, 110, 86, 173, 104, 109, 119, 108, 86, 173, 101, 109, 116, 110, 86, 173, 104, 106, 119, 109, 86, 173, 101, 109, 116, 110, 86, 173, 103, 123, 119, 110, 86, 173, 101, 109, 116, 110, 86, 173, 103, 124, 119, 111, 86, 173, 101, 109, 116, 110, 86, 173, 103, 126, 119, 112, 86, 173, 101, 109, 116, 110, 86, 173, 103, 125, 119, 113, 86, 173, 101, 109, 116, 110, 86, 173, 99, 125, 119, 121, 86, 173, 101, 109, 116, 110, 86, 173, 103, 108, 119, 122, 86, 173, 101, 109, 116, 110, 86, 173, 103, 123, 119, 123, 86, 173, 101, 109, 116, 110, 86, 173, 103, 123, 119, 124, 86, 173, 101, 109, 116, 110, 86, 173, 97, 104, 119, 125, 86, 173, 114, 104, 118, 112, 86, 173, 119, 126, 119, 126, 86, 173, 102, 104, 119, 126, 86, 173, 102, 124, 103, 112, 86, 173, 98, 105, 105, 121, 86, 173, 118, 112, 98, 110, 86, 173, 119, 126, 98, 109, 86, 173, 119, 126, 119, 126, 86, 173, 116, 108, 105, 107, 86, 173, 105, 109, 97, 123, 86, 173, 104, 108, 116, 104, 86, 173, 103, 121, 98, 109, 86, 173, 103, 121, 97, 104, 86, 173, 119, 126, 97, 104, 86, 173, 97, 123, 104, 109, 86, 173, 104, 109, 119, 126, 86, 173, 103, 121, 97, 112, 86, 173, 119, 126, 97, 104, 86, 173, 105, 109, 117, 104, 86, 173, 104, 109, 116, 104, 86, 173, 101, 104, 97, 107, 86, 173, 116, 107, 116, 113, 86, 173, 116, 104, 100, 107, 86, 173, 116, 107, 116, 113, 86, 173, 100, 107, 102, 111, 86, 173, 105, 122, 116, 104, 86, 173, 99, 108, 101, 123, 86, 173, 105, 122, 97, 123, 86, 173, 99, 108, 104, 123, 86, 173, 119, 123, 97, 112, 86, 173, 114, 121, 119, 107, 86, 173, 116, 107, 102, 126, 86, 173, 101, 123, 105, 122, 86, 173, 97, 108, 99, 108, 86, 173, 100, 113, 105, 104, 86, 173, 105, 122, 97, 104, 86, 173, 104, 108, 116, 105, 86, 173, 101, 104, 97, 110, 86, 173, 100, 112, 105, 104, 86, 173, 104, 109, 97, 104, 86, 173, 99, 122, 119, 121, 86, 173, 116, 107, 116, 105, 86, 173, 105, 122, 102, 109, 86, 173, 105, 107, 118, 123, 86, 173, 103, 108, 118, 123, 86, 173, 105, 124, 102, 107, 86, 173, 119, 104, 101, 109, 86, 173, 100, 107, 102, 111, 86, 173, 102, 104, 117, 122, 86, 173, 101, 109, 116, 110, 86, 173, 103, 122, 119, 104, 86, 173, 101, 109, 116, 110, 86, 173, 103, 109, 119, 105, 86, 173, 101, 109, 116, 110, 86, 173, 104, 106, 119, 106, 86, 173, 101, 109, 116, 110, 86, 173, 103, 125, 119, 107, 86, 173, 101, 109, 116, 110, 86, 173, 103, 109, 119, 108, 86, 173, 101, 109, 116, 110, 86, 173, 103, 123, 119, 109, 86, 173, 101, 109, 116, 110, 86, 173, 100, 107, 119, 110, 86, 173, 101, 109, 116, 110, 86, 173, 100, 106, 119, 111, 86, 173, 101, 109, 116, 110, 86, 173, 99, 125, 119, 112, 86, 173, 101, 109, 116, 110, 86, 173, 103, 108, 119, 113, 86, 173, 101, 109, 116, 110, 86, 173, 103, 123, 119, 121, 86, 173, 101, 109, 116, 110, 86, 173, 103, 123, 119, 122, 86, 173, 102, 124, 105, 112, 86, 173, 118, 112, 119, 123, 86, 173, 119, 126, 97, 122, 86, 173, 119, 126, 119, 126, 86, 173, 103, 112, 102, 104, 86, 173, 101, 107, 103, 112, 86, 173, 105, 125, 119, 113, 86, 173, 105, 104, 118, 112, 86, 173, 119, 126, 119, 125, 86, 173, 105, 122, 119, 126, 86, 173, 105, 124, 119, 112, 86, 173, 106, 123, 101, 109, 86, 173, 101, 108, 103, 121, 86, 173, 118, 112, 102, 104, 86, 173, 119, 126, 104, 125, 86, 173, 119, 126, 119, 126, 86, 173, 101, 109, 105, 124, 86, 173, 103, 121, 118, 104, 86, 173, 102, 104, 98, 104, 86, 173, 104, 107, 118, 112, 86, 173, 119, 126, 119, 126, 86, 173, 105, 107, 119, 126, 86, 173, 98, 123, 116, 108, 86, 173, 101, 109, 105, 124, 86, 173, 102, 104, 118, 104, 86, 173, 101, 109, 105, 124, 86, 173, 102, 104, 106, 123, 86, 173, 102, 107, 102, 107, 86, 173, 102, 107, 102, 107, 86, 173, 102, 107, 102, 107, 86, 173, 104, 109, 119, 126, 86, 173, 116, 111, 97, 112, 86, 173, 106, 123, 101, 109, 86, 173, 97, 104, 101, 108, 86, 173, 97, 104, 97, 104, 86, 173, 119, 126, 102, 107, 86, 173, 102, 126, 117, 111, 86, 173, 115, 110, 97, 126, 86, 173, 102, 122, 116, 104, 86, 173, 116, 107, 116, 113, 86, 173, 105, 122, 102, 109, 86, 173, 102, 105, 118, 123, 86, 173, 102, 107, 102, 105, 86, 173, 102, 111, 102, 110, 86, 173, 101, 106, 103, 121, 86, 173, 104, 106, 118, 112, 86, 173, 97, 104, 97, 104, 86, 173, 105, 122, 97, 104, 86, 173, 100, 107, 117, 112, 86, 173, 105, 109, 119, 110, 86, 173, 102, 113, 117, 122, 86, 173, 101, 109, 116, 111, 86, 173, 103, 105, 119, 112, 86, 173, 103, 109, 99, 125, 86, 173, 116, 111, 104, 112, 86, 173, 119, 123, 101, 109, 86, 173, 97, 104, 103, 109, 86, 173, 97, 104, 97, 104, 86, 173, 102, 110, 104, 125, 86, 173, 101, 109, 105, 124, 86, 173, 102, 104, 119, 112, 86, 173, 118, 112, 102, 110, 86, 173, 97, 104, 102, 105, 86, 173, 97, 104, 97, 104, 86, 173, 102, 104, 102, 113, 86, 173, 115, 105, 118, 112, 86, 173, 119, 126, 119, 125, 86, 173, 105, 109, 119, 126, 86, 173, 102, 113, 116, 104, 86, 173, 104, 108, 102, 113, 86, 173, 105, 124, 100, 113, 86, 173, 97, 105, 101, 110, 86, 173, 118, 112, 102, 104, 86, 173, 97, 104, 100, 122, 86, 173, 97, 104, 97, 104, 86, 173, 119, 112, 105, 122, 86, 173, 101, 109, 105, 124, 86, 173, 102, 104, 119, 112, 86, 173, 99, 105, 118, 112, 86, 173, 119, 126, 119, 126, 86, 173, 105, 109, 119, 126, 86, 173, 102, 113, 116, 104, 86, 173, 104, 108, 102, 113, 86, 173, 102, 111, 97, 123, 86, 173, 97, 105, 118, 112, 86, 173, 119, 126, 119, 126, 86, 173, 102, 113, 119, 126, 86, 173, 101, 108, 116, 110, 86, 173, 119, 126, 100, 112, 86, 173, 102, 104, 104, 107, 86, 173, 101, 109, 105, 124, 86, 173, 119, 125, 119, 112, 86, 173, 102, 112, 97, 104, 86, 173, 101, 109, 105, 124, 86, 173, 102, 104, 119, 112, 86, 173, 118, 112, 102, 111, 86, 173, 119, 125, 104, 108, 86, 173, 119, 126, 119, 126, 86, 173, 102, 113, 102, 113, 86, 173, 101, 110, 101, 110, 86, 173, 119, 107, 100, 122, 86, 173, 114, 121, 104, 123, 86, 173, 102, 125, 102, 126, 86, 173, 116, 113, 102, 122, 86, 173, 102, 109, 116, 107, 86, 173, 118, 123, 105, 122, 86, 173, 102, 107, 102, 105, 86, 173, 103, 104, 103, 110, 86, 173, 100, 106, 115, 105, 86, 173, 97, 104, 118, 112, 86, 173, 97, 104, 97, 104, 86, 173, 102, 112, 97, 104, 86, 173, 97, 112, 100, 112, 86, 173, 97, 107, 104, 108, 86, 173, 118, 122, 101, 104, 86, 173, 101, 104, 119, 113, 86, 173, 102, 124, 105, 122, 86, 173, 105, 104, 97, 112, 86, 173, 101, 106, 119, 122, 86, 173, 97, 112, 104, 109, 86, 173, 117, 122, 100, 107, 86, 173, 98, 112, 105, 121, 86, 173, 116, 107, 105, 122, 86, 173, 98, 111, 118, 122, 86, 173, 98, 112, 100, 112, 86, 173, 98, 105, 104, 110, 86, 173, 100, 107, 101, 104, 86, 173, 105, 108, 116, 113, 86, 173, 104, 108, 117, 122, 86, 173, 101, 104, 97, 123, 86, 173, 97, 112, 100, 112, 86, 173, 119, 122, 104, 109, 86, 173, 119, 125, 101, 104, 86, 173, 118, 122, 116, 122, 86, 173, 100, 107, 119, 106, 86, 173, 105, 113, 116, 104, 86, 173, 119, 123, 101, 109, 86, 173, 101, 109, 105, 122, 86, 173, 102, 122, 119, 123, 86, 173, 116, 107, 116, 113, 86, 173, 97, 106, 100, 106, 86, 173, 104, 108, 103, 112, 86, 173, 104, 104, 104, 108, 86, 173, 99, 126, 100, 121, 86, 173, 103, 126, 99, 126, 86, 173, 104, 109, 104, 113, 86, 173, 103, 123, 103, 125, 86, 173, 103, 125, 103, 105, 86, 173, 99, 125, 103, 108, 86, 173, 104, 106, 103, 126, 86, 173, 99, 126, 103, 111, 86, 173, 104, 106, 103, 110, 86, 173, 103, 111, 103, 105, 86, 173, 104, 107, 104, 109, 86, 173, 103, 106, 99, 126, 86, 173, 104, 104, 103, 110, 86, 173, 104, 113, 104, 109, 86, 173, 99, 125, 100, 106, 86, 173, 104, 112, 103, 109, 86, 173, 97, 104, 103, 109, 86, 173, 104, 108, 103, 112, 86, 173, 104, 104, 104, 108, 86, 173, 99, 126, 100, 121, 86, 173, 103, 126, 99, 126, 86, 173, 104, 109, 104, 113, 86, 173, 103, 123, 103, 125, 86, 173, 103, 125, 103, 105, 86, 173, 99, 125, 103, 108, 86, 173, 104, 106, 103, 126, 86, 173, 99, 126, 103, 111, 86, 173, 104, 106, 103, 110, 86, 173, 103, 111, 103, 105, 86, 173, 104, 107, 104, 109, 86, 173, 103, 107, 99, 126, 86, 173, 103, 113, 103, 123, 86, 173, 103, 122, 103, 107, 86, 173, 104, 104, 99, 125, 86, 173, 104, 104, 103, 112, 86, 173, 104, 106, 100, 126, 86, 173, 97, 104, 100, 124, 83, 97, 108, 69, 59, 65, 58, 174, 146, 170, 81, 166, 160, 168, 81, 117, 81, 173, 159, 157, 164, 155, 146, 168, 150, 96, 83, 93, 166, 104, 114, 104, 114, 93, 166, 104, 114, 104, 114, 93, 166, 104, 114, 104, 114, 93, 166, 104, 114, 104, 114, 90, 90, 69, 59, 65, 58, 174, 146, 170, 81, 160, 150, 153, 161, 154, 157, 167, 148, 163, 81, 117, 81, 166, 160, 168, 81, 99, 81, 168, 146, 177, 157, 167, 146, 156, 108, 69, 59, 65, 58, 174, 146, 170, 81, 154, 154, 159, 147, 164, 160, 155, 156, 88, 110, 88, 166, 166, 150, 171, 148, 153, 161, 157, 89, 90, 86, 173, 97, 121, 97, 121, 86, 173, 97, 121, 97, 121, 83, 97, 108, 69, 59, 65, 58, 174, 146, 170, 81, 160, 150, 153, 149, 157, 163, 171, 154, 178, 150, 88, 110, 88, 99, 104, 108, 69, 59, 65, 58, 174, 146, 170, 81, 171, 161, 170, 146, 177, 81, 117, 81, 160, 150, 153, 149, 157, 163, 171, 154, 178, 150, 88, 92, 88, 153, 157, 146, 168, 147, 164, 160, 155, 156, 102, 157, 157, 159, 159, 165, 160, 108, 69, 59, 65, 58, 175, 153, 161, 157, 157, 81, 96, 147, 161, 152, 154, 157, 167, 148, 163, 95, 164, 150, 166, 152, 172, 153, 88, 109, 88, 164, 168, 163, 153, 170, 97, 172, 69, 59, 65, 58, 65, 147, 161, 152, 154, 157, 167, 148, 163, 81, 99, 110, 88, 147, 161, 152, 154, 157, 167, 148, 163, 108, 69, 59, 65, 58, 181, 62, 66, 58, 65, 167, 153, 163, 88, 151, 161, 157, 164, 147, 164, 160, 155, 156, 88, 110, 88, 147, 161, 152, 154, 157, 167, 148, 163, 95, 171, 166, 154, 164, 172, 163, 161, 159, 159, 89, 104, 93, 88, 164, 168, 163, 153, 170, 97, 108, 69, 59, 65, 58, 174, 146, 170, 81, 154, 157, 167, 148, 163, 81, 117, 81, 154, 154, 159, 147, 164, 160, 155, 156, 102, 164, 173, 147, 171, 165, 170, 154, 166, 152, 96, 97, 100, 81, 154, 154, 159, 147, 164, 160, 155, 156, 102, 157, 157, 159, 159, 165, 160, 94, 171, 161, 170, 146, 177, 90, 115, 62, 66, 58, 65, 168, 160, 154, 164, 150, 88, 89, 154, 157, 167, 148, 163, 95, 164, 150, 166, 152, 172, 153, 99, 164, 168, 163, 153, 170, 88, 109, 88, 97, 176, 101, 104, 97, 104, 97, 97, 172, 69, 59, 65, 58, 65, 147, 164, 160, 155, 156, 88, 110, 88, 147, 164, 160, 155, 156, 88, 92, 88, 147, 164, 160, 155, 156, 88, 92, 88, 151, 161, 157, 164, 147, 164, 160, 155, 156, 115, 62, 66, 58, 65, 174, 69, 59, 65, 58, 174, 146, 170, 81, 165, 150, 165, 144, 153, 163, 170, 146, 177, 81, 117, 81, 166, 150, 175, 81, 121, 163, 170, 146, 177, 89, 97, 108, 69, 59, 65, 58, 158, 160, 170, 81, 96, 167, 153, 163, 88, 154, 88, 110, 88, 97, 115, 81, 161, 81, 116, 81, 105, 101, 104, 97, 115, 81, 161, 92, 99, 90, 179, 62, 66, 58, 65, 58, 165, 150, 165, 144, 153, 163, 170, 146, 177, 140, 161, 142, 88, 110, 88, 147, 164, 160, 155, 156, 88, 92, 88, 153, 157, 146, 168, 147, 164, 160, 155, 156, 115, 62, 66, 58, 65, 174, 69, 59, 65, 58, 174, 146, 170, 81, 166, 166, 165, 81, 117, 81, 105, 99, 113, 106, 113, 106, 113, 106, 113, 106, 113, 106, 113, 106, 113, 106, 113, 106, 113, 106, 112, 105, 112, 105, 112, 105, 112, 105, 112, 105, 112, 105, 112, 105, 112, 105, 112, 105, 112, 105, 112, 105, 112, 105, 112, 105, 112, 105, 112, 105, 112, 105, 112, 105, 112, 105, 112, 105, 112, 105, 112, 105, 112, 105, 112, 105, 112, 105, 112, 105, 112, 105, 112, 105, 112, 105, 112, 105, 112, 105, 112, 105, 112, 105, 112, 105, 112, 105, 112, 105, 112, 105, 112, 105, 112, 105, 112, 105, 112, 105, 112, 105, 112, 105, 112, 105, 112, 105, 112, 105, 112, 105, 112, 105, 112, 105, 112, 105, 112, 105, 112, 105, 112, 105, 112, 105, 112, 105, 112, 105, 112, 105, 112, 105, 112, 105, 112, 105, 112, 105, 112, 105, 112, 105, 112, 105, 112, 105, 112, 105, 112, 105, 112, 105, 112, 105, 112, 105, 112, 105, 112, 105, 112, 105, 112, 105, 112, 105, 112, 105, 112, 105, 112, 105, 112, 105, 112, 105, 112, 105, 112, 105, 112, 105, 112, 105, 112, 105, 112, 105, 112, 105, 112, 105, 112, 105, 112, 105, 112, 105, 112, 105, 112, 105, 112, 105, 112, 105, 112, 105, 112, 105, 112, 105, 112, 105, 112, 105, 112, 105, 112, 105, 112, 105, 112, 105, 112, 105, 112, 105, 112, 105, 112, 105, 112, 105, 112, 105, 112, 105, 112, 105, 112, 105, 112, 105, 112, 105, 112, 105, 112, 105, 112, 105, 112, 105, 112, 105, 112, 105, 112, 105, 112, 105, 112, 105, 112, 105, 112, 105, 112, 105, 112, 105, 112, 105, 112, 105, 112, 105, 112, 105, 112, 105, 112, 105, 112, 105, 112, 105, 112, 105, 112, 105, 112, 105, 115, 62, 66, 58, 65, 166, 172, 154, 164, 95, 168, 163, 161, 159, 172, 151, 96, 83, 93, 101, 109, 97, 104, 97, 158, 83, 100, 81, 166, 166, 165, 90, 115, 62, 66, 58, 181, 62, 66, 62, 66, 58, 158, 166, 166, 148, 172, 154, 167, 159, 88, 148, 167, 157, 164, 146, 154, 144, 157, 158, 153, 154, 164, 89, 97, 172, 69, 59, 65, 58, 174, 146, 170, 81, 171, 153, 157, 157, 164, 148, 167, 149, 157, 81, 117, 81, 173, 159, 157, 164, 155, 146, 168, 150, 96, 83, 93, 166, 125, 115, 125, 106, 93, 166, 104, 97, 104, 98, 93, 166, 109, 103, 104, 97, 93, 166, 121, 98, 110, 101, 93, 166, 104, 97, 107, 97, 93, 166, 104, 97, 104, 97, 93, 166, 108, 97, 112, 115, 93, 166, 112, 115, 104, 116, 93, 166, 105, 116, 111, 97, 93, 166, 112, 115, 121, 117, 93, 166, 104, 105, 108, 97, 93, 166, 123, 100, 109, 118, 93, 166, 112, 115, 109, 102, 93, 166, 112, 115, 125, 116, 93, 166, 104, 105, 108, 102, 93, 166, 107, 100, 109, 99, 93, 166, 123, 98, 124, 99, 93, 166, 104, 100, 123, 99, 93, 166, 105, 97, 107, 99, 93, 166, 112, 97, 108, 97, 93, 166, 104, 97, 107, 105, 93, 166, 126, 102, 111, 102, 93, 166, 123, 99, 112, 115, 93, 166, 109, 117, 109, 114, 93, 166, 104, 101, 123, 99, 93, 166, 109, 102, 104, 97, 93, 166, 125, 116, 112, 115, 93, 166, 109, 98, 109, 98, 93, 166, 109, 103, 109, 100, 93, 166, 110, 97, 109, 104, 93, 166, 109, 117, 112, 115, 93, 166, 107, 100, 104, 105, 93, 166, 112, 115, 123, 97, 93, 166, 104, 116, 111, 102, 93, 166, 126, 118, 112, 115, 93, 166, 111, 103, 104, 100, 93, 166, 112, 115, 107, 116, 93, 166, 111, 105, 108, 118, 93, 166, 123, 119, 104, 100, 93, 166, 109, 98, 112, 115, 93, 166, 109, 99, 105, 116, 93, 166, 109, 98, 112, 115, 93, 166, 109, 99, 106, 101, 93, 166, 111, 98, 112, 115, 93, 166, 108, 118, 105, 101, 93, 166, 111, 102, 112, 106, 93, 166, 112, 115, 126, 116, 93, 166, 106, 97, 111, 98, 93, 166, 126, 104, 104, 100, 93, 166, 108, 114, 113, 106, 93, 166, 108, 99, 121, 117, 93, 166, 107, 115, 110, 97, 93, 166, 126, 116, 109, 102, 93, 166, 104, 101, 111, 102, 93, 166, 123, 97, 107, 100, 93, 166, 107, 104, 125, 115, 93, 166, 126, 119, 107, 100, 93, 166, 108, 102, 104, 100, 93, 166, 113, 104, 104, 116, 93, 166, 123, 119, 112, 115, 93, 166, 111, 102, 121, 118, 93, 166, 106, 115, 126, 117, 93, 166, 108, 119, 126, 106, 93, 166, 125, 105, 109, 98, 93, 166, 126, 119, 113, 101, 93, 166, 126, 119, 126, 119, 93, 166, 123, 100, 107, 115, 93, 166, 111, 101, 110, 98, 93, 166, 125, 115, 104, 99, 93, 166, 112, 115, 124, 106, 93, 166, 104, 116, 108, 102, 93, 166, 109, 118, 113, 99, 93, 166, 126, 99, 104, 100, 93, 166, 125, 97, 124, 98, 93, 166, 123, 103, 104, 100, 93, 166, 123, 106, 107, 100, 93, 166, 122, 104, 104, 119, 93, 166, 109, 119, 104, 105, 93, 166, 125, 98, 123, 98, 93, 166, 104, 100, 104, 99, 93, 166, 104, 100, 123, 114, 93, 166, 112, 115, 123, 119, 93, 166, 104, 100, 104, 98, 93, 166, 112, 106, 123, 99, 93, 166, 126, 105, 108, 102, 93, 166, 112, 115, 110, 98, 93, 166, 126, 105, 108, 102, 93, 166, 109, 118, 109, 119, 93, 166, 123, 106, 109, 115, 93, 166, 109, 102, 123, 100, 93, 166, 125, 116, 112, 115, 93, 166, 125, 105, 109, 98, 93, 166, 126, 119, 108, 106, 93, 166, 126, 119, 126, 119, 93, 166, 110, 105, 109, 97, 93, 166, 110, 97, 125, 105, 93, 166, 104, 101, 122, 119, 93, 166, 110, 116, 125, 105, 93, 166, 126, 119, 126, 119, 93, 166, 107, 100, 126, 119, 93, 166, 109, 99, 124, 99, 93, 166, 126, 119, 109, 99, 93, 166, 104, 105, 111, 102, 93, 166, 124, 97, 126, 119, 93, 166, 108, 102, 112, 106, 93, 166, 112, 115, 126, 116, 93, 166, 126, 116, 108, 102, 93, 166, 123, 100, 123, 106, 93, 166, 112, 115, 109, 102, 93, 166, 112, 100, 125, 116, 93, 166, 104, 116, 125, 116, 93, 166, 108, 102, 112, 117, 93, 166, 109, 97, 126, 101, 93, 166, 108, 102, 123, 103, 93, 166, 111, 102, 126, 101, 93, 166, 108, 102, 123, 103, 93, 166, 111, 99, 126, 102, 93, 166, 108, 102, 123, 103, 93, 166, 110, 116, 126, 103, 93, 166, 108, 102, 123, 103, 93, 166, 110, 117, 126, 104, 93, 166, 108, 102, 123, 103, 93, 166, 110, 119, 126, 105, 93, 166, 108, 102, 123, 103, 93, 166, 110, 118, 126, 106, 93, 166, 108, 102, 123, 103, 93, 166, 106, 118, 126, 114, 93, 166, 108, 102, 123, 103, 93, 166, 110, 101, 126, 115, 93, 166, 108, 102, 123, 103, 93, 166, 110, 116, 126, 116, 93, 166, 108, 102, 123, 103, 93, 166, 110, 116, 126, 117, 93, 166, 108, 102, 123, 103, 93, 166, 104, 97, 126, 118, 93, 166, 121, 97, 125, 105, 93, 166, 126, 119, 126, 119, 93, 166, 109, 97, 126, 119, 93, 166, 109, 117, 110, 105, 93, 166, 105, 98, 112, 114, 93, 166, 125, 105, 105, 103, 93, 166, 126, 119, 105, 102, 93, 166, 126, 119, 126, 119, 93, 166, 123, 101, 112, 100, 93, 166, 112, 102, 104, 116, 93, 166, 111, 101, 123, 97, 93, 166, 110, 114, 105, 102, 93, 166, 110, 114, 104, 97, 93, 166, 126, 119, 104, 97, 93, 166, 104, 116, 111, 102, 93, 166, 111, 102, 126, 119, 93, 166, 110, 114, 104, 105, 93, 166, 126, 119, 104, 97, 93, 166, 112, 102, 124, 97, 93, 166, 111, 102, 123, 97, 93, 166, 108, 97, 104, 100, 93, 166, 123, 100, 123, 106, 93, 166, 123, 97, 107, 100, 93, 166, 123, 100, 123, 106, 93, 166, 107, 100, 109, 104, 93, 166, 112, 115, 123, 97, 93, 166, 106, 101, 108, 116, 93, 166, 112, 115, 104, 116, 93, 166, 106, 101, 111, 116, 93, 166, 126, 116, 104, 105, 93, 166, 121, 114, 126, 100, 93, 166, 123, 100, 109, 119, 93, 166, 108, 116, 112, 115, 93, 166, 104, 101, 106, 101, 93, 166, 107, 106, 112, 97, 93, 166, 112, 115, 104, 97, 93, 166, 111, 101, 123, 98, 93, 166, 108, 97, 104, 103, 93, 166, 107, 105, 112, 97, 93, 166, 111, 102, 104, 97, 93, 166, 106, 115, 126, 114, 93, 166, 123, 100, 123, 98, 93, 166, 112, 115, 109, 102, 93, 166, 112, 100, 125, 116, 93, 166, 110, 101, 125, 116, 93, 166, 112, 117, 109, 100, 93, 166, 126, 97, 108, 102, 93, 166, 107, 100, 109, 104, 93, 166, 109, 97, 124, 115, 93, 166, 108, 102, 123, 103, 93, 166, 110, 115, 126, 97, 93, 166, 108, 102, 123, 103, 93, 166, 110, 102, 126, 98, 93, 166, 108, 102, 123, 103, 93, 166, 111, 99, 126, 99, 93, 166, 108, 102, 123, 103, 93, 166, 110, 118, 126, 100, 93, 166, 108, 102, 123, 103, 93, 166, 110, 102, 126, 101, 93, 166, 108, 102, 123, 103, 93, 166, 110, 116, 126, 102, 93, 166, 108, 102, 123, 103, 93, 166, 107, 100, 126, 103, 93, 166, 108, 102, 123, 103, 93, 166, 107, 99, 126, 104, 93, 166, 108, 102, 123, 103, 93, 166, 106, 118, 126, 105, 93, 166, 108, 102, 123, 103, 93, 166, 110, 101, 126, 106, 93, 166, 108, 102, 123, 103, 93, 166, 110, 116, 126, 114, 93, 166, 108, 102, 123, 103, 93, 166, 110, 116, 126, 115, 93, 166, 109, 117, 112, 105, 93, 166, 125, 105, 126, 116, 93, 166, 126, 119, 104, 115, 93, 166, 126, 119, 126, 119, 93, 166, 110, 105, 109, 97, 93, 166, 108, 100, 110, 105, 93, 166, 112, 118, 126, 106, 93, 166, 112, 97, 125, 105, 93, 166, 126, 119, 126, 118, 93, 166, 112, 115, 126, 119, 93, 166, 112, 117, 126, 105, 93, 166, 113, 116, 108, 102, 93, 166, 108, 101, 110, 114, 93, 166, 125, 105, 109, 97, 93, 166, 126, 119, 111, 118, 93, 166, 126, 119, 126, 119, 93, 166, 108, 102, 112, 117, 93, 166, 110, 114, 125, 97, 93, 166, 109, 97, 105, 97, 93, 166, 111, 100, 125, 105, 93, 166, 126, 119, 126, 119, 93, 166, 112, 100, 126, 119, 93, 166, 105, 116, 123, 101, 93, 166, 108, 102, 112, 117, 93, 166, 109, 97, 125, 97, 93, 166, 108, 102, 112, 117, 93, 166, 109, 97, 113, 116, 93, 166, 109, 100, 109, 100, 93, 166, 109, 100, 109, 100, 93, 166, 109, 100, 109, 100, 93, 166, 111, 102, 126, 119, 93, 166, 123, 104, 104, 105, 93, 166, 113, 116, 108, 102, 93, 166, 104, 97, 108, 101, 93, 166, 104, 97, 104, 97, 93, 166, 126, 119, 109, 100, 93, 166, 109, 119, 124, 104, 93, 166, 122, 103, 104, 119, 93, 166, 109, 115, 123, 97, 93, 166, 123, 100, 123, 106, 93, 166, 112, 115, 109, 102, 93, 166, 109, 98, 125, 116, 93, 166, 109, 100, 109, 98, 93, 166, 109, 104, 109, 103, 93, 166, 108, 99, 110, 114, 93, 166, 111, 99, 125, 105, 93, 166, 104, 97, 104, 97, 93, 166, 112, 115, 104, 97, 93, 166, 107, 100, 124, 105, 93, 166, 112, 102, 126, 103, 93, 166, 109, 106, 124, 115, 93, 166, 108, 102, 123, 104, 93, 166, 110, 98, 126, 105, 93, 166, 110, 102, 106, 118, 93, 166, 123, 104, 111, 105, 93, 166, 126, 116, 108, 102, 93, 166, 104, 97, 110, 102, 93, 166, 104, 97, 104, 97, 93, 166, 109, 103, 111, 118, 93, 166, 108, 102, 112, 117, 93, 166, 109, 97, 126, 105, 93, 166, 125, 105, 109, 103, 93, 166, 104, 97, 109, 98, 93, 166, 104, 97, 104, 97, 93, 166, 109, 97, 109, 106, 93, 166, 122, 98, 125, 105, 93, 166, 126, 119, 126, 118, 93, 166, 112, 102, 126, 119, 93, 166, 109, 106, 123, 97, 93, 166, 111, 101, 109, 106, 93, 166, 112, 117, 107, 106, 93, 166, 104, 98, 108, 103, 93, 166, 125, 105, 109, 97, 93, 166, 104, 97, 107, 115, 93, 166, 104, 97, 104, 97, 93, 166, 126, 105, 112, 115, 93, 166, 108, 102, 112, 117, 93, 166, 109, 97, 126, 105, 93, 166, 106, 98, 125, 105, 93, 166, 126, 119, 126, 119, 93, 166, 112, 102, 126, 119, 93, 166, 109, 106, 123, 97, 93, 166, 111, 101, 109, 106, 93, 166, 109, 104, 104, 116, 93, 166, 104, 98, 125, 105, 93, 166, 126, 119, 126, 119, 93, 166, 109, 106, 126, 119, 93, 166, 108, 101, 123, 103, 93, 166, 126, 119, 107, 105, 93, 166, 109, 97, 111, 100, 93, 166, 108, 102, 112, 117, 93, 166, 126, 118, 126, 105, 93, 166, 109, 105, 104, 97, 93, 166, 108, 102, 112, 117, 93, 166, 109, 97, 126, 105, 93, 166, 125, 105, 109, 104, 93, 166, 126, 118, 111, 101, 93, 166, 126, 119, 126, 119, 93, 166, 109, 106, 109, 106, 93, 166, 108, 103, 108, 103, 93, 166, 126, 100, 107, 115, 93, 166, 121, 114, 111, 116, 93, 166, 109, 118, 109, 119, 93, 166, 123, 106, 109, 115, 93, 166, 109, 102, 123, 100, 93, 166, 125, 116, 112, 115, 93, 166, 109, 100, 109, 98, 93, 166, 110, 97, 110, 103, 93, 166, 107, 99, 122, 98, 93, 166, 104, 97, 125, 105, 93, 166, 104, 97, 104, 97, 93, 166, 109, 105, 104, 97, 93, 166, 104, 105, 107, 105, 93, 166, 104, 100, 111, 101, 93, 166, 125, 115, 108, 97, 93, 166, 108, 97, 126, 106, 93, 166, 109, 117, 112, 115, 93, 166, 112, 97, 104, 105, 93, 166, 108, 99, 126, 115, 93, 166, 104, 105, 111, 102, 93, 166, 124, 115, 107, 100, 93, 166, 105, 105, 112, 114, 93, 166, 123, 100, 112, 115, 93, 166, 105, 104, 125, 115, 93, 166, 105, 105, 107, 105, 93, 166, 105, 98, 111, 103, 93, 166, 107, 100, 108, 97, 93, 166, 112, 101, 123, 106, 93, 166, 111, 101, 124, 115, 93, 166, 108, 97, 104, 116, 93, 166, 104, 105, 107, 105, 93, 166, 126, 115, 111, 102, 93, 166, 126, 118, 108, 97, 93, 166, 125, 115, 123, 115, 93, 166, 107, 100, 126, 99, 93, 166, 112, 106, 123, 97, 93, 166, 126, 116, 108, 102, 93, 166, 108, 102, 112, 115, 93, 166, 109, 115, 126, 116, 93, 166, 123, 100, 123, 106, 93, 166, 104, 99, 107, 99, 93, 166, 111, 101, 110, 105, 93, 166, 111, 97, 111, 101, 93, 166, 106, 119, 107, 114, 93, 166, 110, 119, 106, 119, 93, 166, 111, 102, 111, 106, 93, 166, 110, 116, 110, 118, 93, 166, 110, 118, 110, 98, 93, 166, 106, 118, 110, 101, 93, 166, 111, 99, 110, 119, 93, 166, 106, 119, 110, 104, 93, 166, 111, 99, 110, 103, 93, 166, 110, 104, 110, 98, 93, 166, 111, 100, 111, 102, 93, 166, 110, 100, 106, 119, 93, 166, 111, 98, 110, 105, 93, 166, 111, 106, 111, 100, 93, 166, 106, 118, 107, 99, 93, 166, 111, 105, 110, 102, 93, 166, 104, 97, 110, 102, 93, 166, 111, 101, 110, 105, 93, 166, 111, 97, 111, 101, 93, 166, 106, 119, 107, 114, 93, 166, 110, 119, 106, 119, 93, 166, 111, 102, 111, 106, 93, 166, 110, 116, 110, 118, 93, 166, 110, 118, 110, 98, 93, 166, 106, 118, 110, 101, 93, 166, 111, 99, 110, 119, 93, 166, 106, 119, 110, 104, 93, 166, 111, 99, 110, 103, 93, 166, 110, 104, 110, 98, 93, 166, 111, 100, 111, 102, 93, 166, 110, 100, 106, 119, 93, 166, 110, 106, 110, 116, 93, 166, 110, 115, 110, 100, 93, 166, 111, 97, 106, 118, 93, 166, 111, 97, 110, 105, 93, 166, 111, 99, 107, 119, 93, 166, 104, 97, 107, 117, 90, 90, 115, 62, 66, 58, 65, 167, 153, 163, 88, 158, 157, 158, 151, 146, 170, 163, 153, 170, 88, 110, 88, 159, 157, 168, 88, 114, 170, 163, 153, 170, 96, 90, 115, 62, 66, 58, 65, 167, 153, 163, 88, 148, 155, 81, 117, 81, 104, 169, 104, 148, 104, 148, 104, 148, 104, 148, 115, 62, 66, 58, 65, 167, 153, 163, 88, 146, 156, 149, 170, 81, 117, 81, 104, 169, 108, 97, 104, 97, 104, 97, 115, 62, 66, 58, 65, 167, 153, 163, 88, 164, 155, 144, 164, 150, 166, 81, 117, 81, 171, 153, 157, 157, 164, 148, 167, 149, 157, 95, 164, 150, 166, 152, 172, 153, 88, 91, 88, 99, 115, 62, 66, 58, 65, 167, 153, 163, 88, 157, 157, 159, 88, 110, 88, 146, 156, 149, 170, 81, 101, 81, 96, 164, 155, 144, 164, 150, 166, 92, 104, 169, 107, 105, 97, 108, 69, 59, 65, 58, 174, 146, 170, 81, 177, 146, 170, 164, 168, 81, 117, 81, 173, 159, 157, 164, 155, 146, 168, 150, 96, 83, 93, 166, 113, 97, 113, 97, 93, 166, 113, 97, 113, 97, 90, 90, 115, 62, 66, 58, 65, 170, 153, 163, 171, 161, 88, 110, 88, 151, 161, 169, 151, 154, 172, 89, 177, 146, 170, 164, 168, 93, 88, 157, 157, 159, 97, 108, 69, 59, 65, 58, 174, 146, 170, 81, 155, 160, 173, 159, 172, 99, 88, 110, 88, 89, 155, 148, 88, 94, 88, 97, 176, 101, 104, 97, 104, 97, 104, 90, 103, 146, 156, 149, 170, 108, 69, 59, 65, 58, 158, 160, 170, 81, 96, 167, 153, 163, 88, 148, 167, 166, 166, 165, 88, 110, 88, 97, 115, 81, 155, 160, 173, 159, 172, 81, 116, 81, 155, 160, 173, 159, 172, 99, 115, 81, 155, 160, 173, 159, 172, 92, 99, 90, 179, 62, 66, 58, 65, 58, 165, 150, 165, 144, 153, 163, 170, 146, 177, 140, 155, 160, 173, 159, 172, 142, 88, 110, 88, 170, 153, 163, 171, 161, 88, 92, 88, 164, 160, 150, 164, 157, 155, 160, 156, 150, 115, 62, 66, 58, 65, 174, 69, 59, 65, 58, 174, 146, 170, 81, 167, 167, 157, 163, 158, 157, 167, 168, 88, 110, 88, 166, 166, 150, 171, 148, 153, 161, 157, 89, 90, 86, 173, 97, 155, 97, 155, 86, 173, 97, 155, 97, 155, 83, 97, 108, 69, 59, 65, 58, 175, 153, 161, 157, 157, 81, 96, 160, 174, 150, 170, 151, 164, 160, 175, 95, 164, 150, 166, 152, 172, 153, 88, 109, 88, 101, 108, 106, 109, 99, 97, 172, 69, 59, 65, 58, 65, 160, 174, 150, 170, 151, 164, 160, 175, 81, 99, 110, 88, 160, 174, 150, 170, 151, 164, 160, 175, 108, 69, 59, 65, 58, 181, 62, 66, 58, 65, 165, 160, 154, 171, 95, 155, 160, 164, 157, 153, 147, 139, 165, 167, 163, 157, 81, 117, 81, 123, 160, 164, 157, 153, 147, 102, 148, 167, 157, 164, 150, 155, 165, 125, 158, 153, 154, 164, 122, 166, 151, 167, 89, 179, 164, 173, 147, 162, 107, 88, 83, 90, 93, 165, 164, 159, 107, 88, 160, 174, 150, 170, 151, 164, 160, 175, 174, 97, 108, 69, 59, 65, 174, 69, 59, 69, 59, 65, 151, 173, 159, 155, 165, 161, 160, 166, 81, 155, 160, 164, 157, 153, 147, 151, 152, 157, 165, 161, 148, 167, 159, 96, 90, 179, 62, 66, 58, 65, 154, 158, 81, 96, 146, 168, 161, 102, 149, 167, 148, 102, 116, 167, 157, 164, 146, 154, 95, 159, 150, 172, 122, 155, 160, 166, 90, 179, 62, 66, 58, 65, 58, 174, 146, 170, 81, 153, 163, 170, 170, 88, 110, 88, 159, 157, 168, 88, 114, 170, 163, 153, 170, 96, 90, 115, 62, 66, 58, 65, 58, 174, 146, 170, 81, 174, 167, 168, 150, 172, 153, 177, 146, 88, 110, 88, 166, 166, 150, 171, 148, 153, 161, 157, 89, 90, 86, 173, 118, 122, 118, 113, 86, 173, 97, 104, 97, 105, 86, 173, 102, 110, 97, 104, 86, 173, 114, 105, 103, 108, 86, 173, 97, 104, 100, 104, 86, 173, 97, 104, 97, 104, 86, 173, 101, 104, 105, 122, 86, 173, 105, 122, 97, 123, 86, 173, 98, 123, 104, 104, 86, 173, 105, 122, 114, 124, 86, 173, 97, 112, 101, 104, 86, 173, 116, 107, 102, 125, 86, 173, 105, 122, 102, 109, 86, 173, 105, 122, 118, 123, 86, 173, 97, 112, 101, 109, 86, 173, 100, 107, 102, 106, 86, 173, 116, 105, 117, 106, 86, 173, 97, 107, 116, 106, 86, 173, 98, 104, 100, 106, 86, 173, 105, 104, 101, 104, 86, 173, 97, 104, 100, 112, 86, 173, 119, 109, 104, 109, 86, 173, 116, 106, 105, 122, 86, 173, 102, 124, 102, 121, 86, 173, 97, 108, 116, 106, 86, 173, 102, 109, 97, 104, 86, 173, 118, 123, 105, 122, 86, 173, 102, 105, 102, 105, 86, 173, 102, 110, 102, 107, 86, 173, 103, 104, 102, 111, 86, 173, 102, 124, 105, 122, 86, 173, 100, 107, 97, 112, 86, 173, 105, 122, 116, 104, 86, 173, 97, 123, 104, 109, 86, 173, 119, 125, 105, 122, 86, 173, 104, 110, 97, 107, 86, 173, 105, 122, 100, 123, 86, 173, 104, 112, 101, 125, 86, 173, 116, 126, 97, 107, 86, 173, 102, 105, 105, 122, 86, 173, 102, 106, 98, 123, 86, 173, 102, 105, 105, 122, 86, 173, 102, 106, 99, 108, 86, 173, 104, 105, 105, 122, 86, 173, 101, 125, 98, 108, 86, 173, 104, 109, 105, 113, 86, 173, 105, 122, 119, 123, 86, 173, 99, 104, 104, 105, 86, 173, 119, 111, 97, 107, 86, 173, 101, 121, 106, 113, 86, 173, 101, 106, 114, 124, 86, 173, 100, 122, 103, 104, 86, 173, 119, 123, 102, 109, 86, 173, 97, 108, 104, 109, 86, 173, 116, 104, 100, 107, 86, 173, 100, 111, 118, 122, 86, 173, 119, 126, 100, 107, 86, 173, 101, 109, 97, 107, 86, 173, 106, 111, 97, 123, 86, 173, 116, 126, 105, 122, 86, 173, 104, 109, 114, 125, 86, 173, 99, 122, 119, 124, 86, 173, 101, 126, 119, 113, 86, 173, 118, 112, 102, 105, 86, 173, 119, 126, 106, 108, 86, 173, 119, 126, 119, 126, 86, 173, 116, 107, 100, 122, 86, 173, 104, 108, 103, 105, 86, 173, 118, 122, 97, 106, 86, 173, 105, 122, 117, 113, 86, 173, 97, 123, 101, 109, 86, 173, 102, 125, 106, 106, 86, 173, 119, 106, 97, 107, 86, 173, 118, 104, 117, 105, 86, 173, 116, 110, 97, 107, 86, 173, 116, 113, 100, 107, 86, 173, 115, 111, 97, 126, 86, 173, 102, 126, 97, 112, 86, 173, 118, 105, 116, 105, 86, 173, 97, 107, 97, 106, 86, 173, 97, 107, 116, 121, 86, 173, 105, 122, 116, 126, 86, 173, 97, 107, 97, 105, 86, 173, 105, 113, 116, 106, 86, 173, 119, 112, 101, 109, 86, 173, 105, 122, 103, 105, 86, 173, 119, 112, 101, 109, 86, 173, 102, 125, 102, 126, 86, 173, 116, 113, 102, 122, 86, 173, 102, 109, 116, 107, 86, 173, 118, 123, 105, 122, 86, 173, 118, 112, 102, 105, 86, 173, 119, 126, 101, 113, 86, 173, 119, 126, 119, 126, 86, 173, 103, 112, 102, 104, 86, 173, 103, 104, 118, 112, 86, 173, 97, 108, 115, 126, 86, 173, 103, 123, 118, 112, 86, 173, 119, 126, 119, 126, 86, 173, 100, 107, 119, 126, 86, 173, 102, 106, 117, 106, 86, 173, 119, 126, 102, 106, 86, 173, 97, 112, 104, 109, 86, 173, 117, 104, 119, 126, 86, 173, 101, 109, 105, 113, 86, 173, 105, 122, 119, 123, 86, 173, 119, 123, 101, 109, 86, 173, 116, 107, 116, 113, 86, 173, 105, 122, 102, 109, 86, 173, 105, 107, 118, 123, 86, 173, 97, 123, 118, 123, 86, 173, 101, 109, 105, 124, 86, 173, 102, 104, 119, 108, 86, 173, 101, 109, 116, 110, 86, 173, 104, 109, 119, 108, 86, 173, 101, 109, 116, 110, 86, 173, 104, 106, 119, 109, 86, 173, 101, 109, 116, 110, 86, 173, 103, 123, 119, 110, 86, 173, 101, 109, 116, 110, 86, 173, 103, 124, 119, 111, 86, 173, 101, 109, 116, 110, 86, 173, 103, 126, 119, 112, 86, 173, 101, 109, 116, 110, 86, 173, 103, 125, 119, 113, 86, 173, 101, 109, 116, 110, 86, 173, 99, 125, 119, 121, 86, 173, 101, 109, 116, 110, 86, 173, 103, 108, 119, 122, 86, 173, 101, 109, 116, 110, 86, 173, 103, 123, 119, 123, 86, 173, 101, 109, 116, 110, 86, 173, 103, 123, 119, 124, 86, 173, 101, 109, 116, 110, 86, 173, 97, 104, 119, 125, 86, 173, 114, 104, 118, 112, 86, 173, 119, 126, 119, 126, 86, 173, 102, 104, 119, 126, 86, 173, 102, 124, 103, 112, 86, 173, 98, 105, 105, 121, 86, 173, 118, 112, 98, 110, 86, 173, 119, 126, 98, 109, 86, 173, 119, 126, 119, 126, 86, 173, 116, 108, 105, 107, 86, 173, 105, 109, 97, 123, 86, 173, 104, 108, 116, 104, 86, 173, 103, 121, 98, 109, 86, 173, 103, 121, 97, 104, 86, 173, 119, 126, 97, 104, 86, 173, 97, 123, 104, 109, 86, 173, 104, 109, 119, 126, 86, 173, 103, 121, 97, 112, 86, 173, 119, 126, 97, 104, 86, 173, 105, 109, 117, 104, 86, 173, 104, 109, 116, 104, 86, 173, 101, 104, 97, 107, 86, 173, 116, 107, 116, 113, 86, 173, 116, 104, 100, 107, 86, 173, 116, 107, 116, 113, 86, 173, 100, 107, 102, 111, 86, 173, 105, 122, 116, 104, 86, 173, 99, 108, 101, 123, 86, 173, 105, 122, 97, 123, 86, 173, 99, 108, 104, 123, 86, 173, 119, 123, 97, 112, 86, 173, 114, 121, 119, 107, 86, 173, 116, 107, 102, 126, 86, 173, 101, 123, 105, 122, 86, 173, 97, 108, 99, 108, 86, 173, 100, 113, 105, 104, 86, 173, 105, 122, 97, 104, 86, 173, 104, 108, 116, 105, 86, 173, 101, 104, 97, 110, 86, 173, 100, 112, 105, 104, 86, 173, 104, 109, 97, 104, 86, 173, 99, 122, 119, 121, 86, 173, 116, 107, 116, 105, 86, 173, 105, 122, 102, 109, 86, 173, 105, 107, 118, 123, 86, 173, 103, 108, 118, 123, 86, 173, 105, 124, 102, 107, 86, 173, 119, 104, 101, 109, 86, 173, 100, 107, 102, 111, 86, 173, 102, 104, 117, 122, 86, 173, 101, 109, 116, 110, 86, 173, 103, 122, 119, 104, 86, 173, 101, 109, 116, 110, 86, 173, 103, 109, 119, 105, 86, 173, 101, 109, 116, 110, 86, 173, 104, 106, 119, 106, 86, 173, 101, 109, 116, 110, 86, 173, 103, 125, 119, 107, 86, 173, 101, 109, 116, 110, 86, 173, 103, 109, 119, 108, 86, 173, 101, 109, 116, 110, 86, 173, 103, 123, 119, 109, 86, 173, 101, 109, 116, 110, 86, 173, 100, 107, 119, 110, 86, 173, 101, 109, 116, 110, 86, 173, 100, 106, 119, 111, 86, 173, 101, 109, 116, 110, 86, 173, 99, 125, 119, 112, 86, 173, 101, 109, 116, 110, 86, 173, 103, 108, 119, 113, 86, 173, 101, 109, 116, 110, 86, 173, 103, 123, 119, 121, 86, 173, 101, 109, 116, 110, 86, 173, 103, 123, 119, 122, 86, 173, 102, 124, 105, 112, 86, 173, 118, 112, 119, 123, 86, 173, 119, 126, 97, 122, 86, 173, 119, 126, 119, 126, 86, 173, 103, 112, 102, 104, 86, 173, 101, 107, 103, 112, 86, 173, 105, 125, 119, 113, 86, 173, 105, 104, 118, 112, 86, 173, 119, 126, 119, 125, 86, 173, 105, 122, 119, 126, 86, 173, 105, 124, 119, 112, 86, 173, 106, 123, 101, 109, 86, 173, 101, 108, 103, 121, 86, 173, 118, 112, 102, 104, 86, 173, 119, 126, 104, 125, 86, 173, 119, 126, 119, 126, 86, 173, 101, 109, 105, 124, 86, 173, 103, 121, 118, 104, 86, 173, 102, 104, 98, 104, 86, 173, 104, 107, 118, 112, 86, 173, 119, 126, 119, 126, 86, 173, 105, 107, 119, 126, 86, 173, 98, 123, 116, 108, 86, 173, 101, 109, 105, 124, 86, 173, 102, 104, 118, 104, 86, 173, 101, 109, 105, 124, 86, 173, 102, 104, 106, 123, 86, 173, 102, 107, 102, 107, 86, 173, 102, 107, 102, 107, 86, 173, 102, 107, 102, 107, 86, 173, 104, 109, 119, 126, 86, 173, 116, 111, 97, 112, 86, 173, 106, 123, 101, 109, 86, 173, 97, 104, 101, 108, 86, 173, 97, 104, 97, 104, 86, 173, 119, 126, 102, 107, 86, 173, 102, 126, 117, 111, 86, 173, 115, 110, 97, 126, 86, 173, 102, 122, 116, 104, 86, 173, 116, 107, 116, 113, 86, 173, 105, 122, 102, 109, 86, 173, 102, 105, 118, 123, 86, 173, 102, 107, 102, 105, 86, 173, 102, 111, 102, 110, 86, 173, 101, 106, 103, 121, 86, 173, 104, 106, 118, 112, 86, 173, 97, 104, 97, 104, 86, 173, 105, 122, 97, 104, 86, 173, 100, 107, 117, 112, 86, 173, 105, 109, 119, 110, 86, 173, 102, 113, 117, 122, 86, 173, 101, 109, 116, 111, 86, 173, 103, 105, 119, 112, 86, 173, 103, 109, 99, 125, 86, 173, 116, 111, 104, 112, 86, 173, 119, 123, 101, 109, 86, 173, 97, 104, 103, 109, 86, 173, 97, 104, 97, 104, 86, 173, 102, 110, 104, 125, 86, 173, 101, 109, 105, 124, 86, 173, 102, 104, 119, 112, 86, 173, 118, 112, 102, 110, 86, 173, 97, 104, 102, 105, 86, 173, 97, 104, 97, 104, 86, 173, 102, 104, 102, 113, 86, 173, 115, 105, 118, 112, 86, 173, 119, 126, 119, 125, 86, 173, 105, 109, 119, 126, 86, 173, 102, 113, 116, 104, 86, 173, 104, 108, 102, 113, 86, 173, 105, 124, 100, 113, 86, 173, 97, 105, 101, 110, 86, 173, 118, 112, 102, 104, 86, 173, 97, 104, 100, 122, 86, 173, 97, 104, 97, 104, 86, 173, 119, 112, 105, 122, 86, 173, 101, 109, 105, 124, 86, 173, 102, 104, 119, 112, 86, 173, 99, 105, 118, 112, 86, 173, 119, 126, 119, 126, 86, 173, 105, 109, 119, 126, 86, 173, 102, 113, 116, 104, 86, 173, 104, 108, 102, 113, 86, 173, 102, 111, 97, 123, 86, 173, 97, 105, 118, 112, 86, 173, 119, 126, 119, 126, 86, 173, 102, 113, 119, 126, 86, 173, 101, 108, 116, 110, 86, 173, 119, 126, 100, 112, 86, 173, 102, 104, 104, 107, 86, 173, 101, 109, 105, 124, 86, 173, 119, 125, 119, 112, 86, 173, 102, 112, 97, 104, 86, 173, 101, 109, 105, 124, 86, 173, 102, 104, 119, 112, 86, 173, 118, 112, 102, 111, 86, 173, 119, 125, 104, 108, 86, 173, 119, 126, 119, 126, 86, 173, 102, 113, 102, 113, 86, 173, 101, 110, 101, 110, 86, 173, 119, 107, 100, 122, 86, 173, 114, 121, 104, 123, 86, 173, 102, 125, 102, 126, 86, 173, 116, 113, 102, 122, 86, 173, 102, 109, 116, 107, 86, 173, 118, 123, 105, 122, 86, 173, 102, 107, 102, 105, 86, 173, 103, 104, 103, 110, 86, 173, 100, 106, 115, 105, 86, 173, 97, 104, 118, 112, 86, 173, 97, 104, 97, 104, 86, 173, 102, 112, 97, 104, 86, 173, 97, 112, 100, 112, 86, 173, 97, 107, 104, 108, 86, 173, 118, 122, 101, 104, 86, 173, 101, 104, 119, 113, 86, 173, 102, 124, 105, 122, 86, 173, 105, 104, 97, 112, 86, 173, 101, 106, 119, 122, 86, 173, 97, 112, 104, 109, 86, 173, 117, 122, 100, 107, 86, 173, 98, 112, 105, 121, 86, 173, 116, 107, 105, 122, 86, 173, 98, 111, 118, 122, 86, 173, 98, 112, 100, 112, 86, 173, 98, 105, 104, 110, 86, 173, 100, 107, 101, 104, 86, 173, 105, 108, 116, 113, 86, 173, 104, 108, 117, 122, 86, 173, 101, 104, 97, 123, 86, 173, 97, 112, 100, 112, 86, 173, 119, 122, 104, 109, 86, 173, 119, 125, 101, 104, 86, 173, 118, 122, 116, 122, 86, 173, 100, 107, 119, 106, 86, 173, 105, 113, 116, 104, 86, 173, 119, 123, 101, 109, 86, 173, 101, 109, 105, 122, 86, 173, 102, 122, 119, 123, 86, 173, 116, 107, 116, 113, 86, 173, 97, 106, 100, 106, 86, 173, 104, 108, 103, 112, 86, 173, 104, 104, 104, 108, 86, 173, 99, 126, 100, 121, 86, 173, 103, 126, 99, 126, 86, 173, 104, 109, 104, 113, 86, 173, 103, 123, 103, 125, 86, 173, 103, 125, 103, 105, 86, 173, 99, 125, 103, 108, 86, 173, 104, 106, 103, 126, 86, 173, 99, 126, 103, 111, 86, 173, 104, 106, 103, 110, 86, 173, 103, 111, 103, 105, 86, 173, 104, 107, 104, 109, 86, 173, 103, 106, 99, 126, 86, 173, 104, 109, 104, 107, 86, 173, 104, 112, 104, 111, 86, 173, 99, 125, 100, 106, 86, 173, 104, 112, 103, 109, 86, 173, 97, 104, 103, 109, 86, 173, 104, 108, 103, 112, 86, 173, 104, 104, 104, 108, 86, 173, 99, 126, 100, 121, 86, 173, 103, 126, 99, 126, 86, 173, 104, 109, 104, 113, 86, 173, 103, 123, 103, 125, 86, 173, 103, 125, 103, 105, 86, 173, 99, 125, 103, 108, 86, 173, 104, 106, 103, 126, 86, 173, 99, 126, 103, 111, 86, 173, 104, 106, 103, 110, 86, 173, 103, 111, 103, 105, 86, 173, 104, 107, 104, 109, 86, 173, 103, 107, 99, 126, 86, 173, 103, 113, 103, 123, 86, 173, 103, 122, 103, 107, 86, 173, 104, 104, 99, 125, 86, 173, 104, 104, 103, 112, 86, 173, 104, 106, 100, 126, 86, 173, 97, 104, 100, 124, 83, 97, 108, 69, 59, 65, 58, 65, 167, 153, 163, 88, 153, 143, 162, 109, 97, 104, 116, 134, 81, 117, 81, 174, 167, 168, 150, 172, 153, 177, 146, 102, 157, 157, 159, 159, 165, 160, 81, 98, 81, 106, 108, 69, 59, 65, 58, 65, 167, 153, 163, 88, 157, 157, 159, 88, 110, 88, 97, 176, 101, 104, 97, 104, 97, 104, 81, 101, 81, 96, 153, 143, 162, 109, 97, 104, 116, 134, 81, 99, 81, 104, 169, 107, 105, 97, 108, 69, 59, 65, 58, 65, 167, 153, 163, 88, 170, 153, 163, 171, 161, 88, 110, 88, 166, 166, 150, 171, 148, 153, 161, 157, 89, 90, 86, 173, 106, 104, 106, 104, 86, 173, 106, 104, 106, 104, 83, 97, 108, 69, 59, 65, 58, 65, 170, 153, 163, 171, 161, 88, 110, 88, 151, 161, 169, 151, 154, 172, 89, 177, 146, 170, 164, 168, 93, 88, 157, 157, 159, 97, 108, 69, 59, 65, 58, 65, 167, 153, 163, 88, 161, 109, 114, 162, 124, 110, 102, 158, 81, 117, 81, 96, 97, 176, 97, 155, 97, 155, 97, 155, 97, 155, 81, 101, 81, 104, 169, 108, 97, 104, 97, 104, 97, 97, 81, 103, 81, 104, 169, 108, 97, 104, 97, 104, 97, 115, 62, 66, 58, 65, 58, 158, 160, 170, 81, 96, 167, 153, 163, 88, 167, 169, 148, 137, 117, 113, 103, 177, 81, 117, 81, 104, 108, 88, 167, 169, 148, 137, 117, 113, 103, 177, 81, 116, 81, 168, 102, 121, 155, 131, 103, 109, 151, 115, 81, 174, 162, 155, 130, 124, 106, 110, 170, 88, 92, 99, 81, 97, 172, 69, 59, 65, 58, 65, 58, 153, 163, 170, 170, 147, 167, 169, 148, 137, 117, 113, 103, 177, 142, 88, 110, 88, 170, 153, 163, 171, 161, 88, 92, 88, 167, 174, 161, 157, 165, 160, 170, 153, 108, 69, 59, 65, 58, 65, 174, 69, 59, 65, 58, 65, 167, 153, 163, 88, 165, 141, 126, 160, 127, 154, 120, 175, 81, 117, 81, 173, 159, 157, 164, 155, 146, 168, 150, 96, 83, 93, 97, 113, 83, 97, 108, 69, 59, 65, 58, 65, 168, 160, 154, 164, 150, 88, 89, 172, 134, 133, 153, 134, 147, 127, 168, 102, 157, 157, 159, 159, 165, 160, 81, 116, 81, 104, 169, 108, 97, 104, 97, 97, 172, 69, 59, 65, 58, 65, 58, 172, 134, 133, 153, 134, 147, 127, 168, 88, 92, 117, 81, 172, 134, 133, 153, 134, 147, 127, 168, 115, 62, 66, 58, 65, 58, 181, 62, 66, 58, 65, 58, 172, 134, 133, 153, 134, 147, 127, 168, 88, 110, 88, 83, 134, 95, 90, 81, 99, 81, 172, 134, 133, 153, 134, 147, 127, 168, 115, 62, 66, 58, 65, 58, 153, 161, 168, 95, 156, 160, 155, 95, 123, 160, 164, 157, 153, 147, 102, 152, 157, 165, 129, 148, 167, 159, 96, 165, 141, 126, 160, 127, 154, 120, 175, 90, 115, 62, 66, 58, 65, 174, 69, 59, 65, 174, 69, 59, 69, 59, 65, 151, 173, 159, 155, 165, 161, 160, 166, 81, 168, 149, 158, 144, 171, 165, 153, 163, 172, 89, 97, 172, 69, 59, 69, 59, 65, 58, 174, 146, 170, 81, 174, 150, 170, 164, 161, 160, 166, 81, 117, 81, 153, 161, 168, 95, 174, 154, 157, 168, 157, 163, 142, 150, 170, 164, 161, 160, 166, 95, 172, 160, 139, 165, 170, 154, 166, 152, 96, 90, 115, 62, 66, 58, 65, 167, 157, 163, 171, 154, 167, 159, 88, 110, 88, 167, 157, 163, 171, 154, 167, 159, 102, 163, 157, 161, 164, 146, 155, 150, 96, 96, 148, 117, 103, 152, 100, 88, 95, 90, 115, 62, 66, 58, 65, 167, 153, 163, 88, 167, 153, 163, 171, 154, 167, 159, 151, 146, 170, 163, 153, 170, 88, 110, 88, 159, 157, 168, 88, 114, 170, 163, 153, 170, 96, 167, 157, 163, 171, 154, 167, 159, 102, 148, 160, 146, 170, 114, 172, 89, 104, 90, 100, 81, 174, 150, 170, 164, 161, 160, 166, 95, 155, 153, 153, 163, 121, 165, 96, 98, 97, 93, 88, 167, 157, 163, 171, 154, 167, 159, 102, 148, 160, 146, 170, 114, 172, 89, 106, 90, 97, 108, 69, 59, 65, 58, 161, 151, 88, 89, 96, 167, 153, 163, 171, 154, 167, 159, 151, 146, 170, 163, 153, 170, 147, 97, 149, 81, 117, 110, 88, 105, 97, 81, 94, 87, 88, 89, 174, 146, 170, 164, 161, 160, 166, 144, 153, 163, 170, 146, 177, 140, 105, 142, 88, 110, 117, 81, 104, 90, 88, 173, 180, 81, 96, 167, 153, 163, 171, 154, 167, 159, 151, 146, 170, 163, 153, 170, 147, 98, 149, 81, 117, 110, 88, 98, 88, 87, 94, 81, 174, 146, 170, 164, 161, 160, 166, 144, 153, 163, 170, 146, 177, 140, 106, 142, 88, 109, 88, 100, 97, 90, 179, 62, 66, 58, 65, 58, 173, 165, 161, 157, 151, 161, 170, 154, 166, 165, 158, 89, 97, 108, 69, 59, 65, 58, 181, 62, 66, 58, 65, 154, 158, 81, 96, 89, 174, 146, 170, 164, 161, 160, 166, 144, 153, 163, 170, 146, 177, 140, 104, 142, 88, 109, 88, 105, 97, 81, 180, 173, 88, 89, 174, 146, 170, 164, 161, 160, 166, 144, 153, 163, 170, 146, 177, 140, 104, 142, 88, 110, 117, 81, 112, 81, 94, 87, 88, 167, 153, 163, 171, 154, 167, 159, 151, 146, 170, 163, 153, 170, 147, 98, 149, 81, 116, 81, 106, 81, 94, 87, 88, 167, 153, 163, 171, 154, 167, 159, 151, 146, 170, 163, 153, 170, 147, 99, 149, 81, 116, 81, 106, 90, 97, 172, 69, 59, 65, 58, 65, 148, 167, 157, 164, 146, 154, 144, 157, 158, 153, 154, 164, 89, 97, 108, 69, 59, 65, 58, 181, 62, 66, 58, 65, 154, 158, 81, 96, 89, 174, 146, 170, 164, 161, 160, 166, 144, 153, 163, 170, 146, 177, 140, 104, 142, 88, 109, 88, 106, 97, 81, 180, 173, 88, 89, 174, 146, 170, 164, 161, 160, 166, 144, 153, 163, 170, 146, 177, 140, 104, 142, 88, 110, 117, 81, 113, 81, 94, 87, 88, 167, 153, 163, 171, 154, 167, 159, 151, 146, 170, 163, 153, 170, 147, 98, 149, 81, 116, 81, 105, 90, 97, 172, 69, 59, 65, 58, 65, 148, 167, 157, 164, 146, 154, 144, 159, 150, 172, 154, 155, 160, 166, 89, 97, 108, 69, 59, 65, 58, 181, 62, 66, 58, 181, 62, 66, 62, 66, 58, 168, 149, 158, 144, 171, 165, 153, 163, 172, 89, 97, 108, 69, 59, 65],
    cbmzek = function() {
        for (var ztnd; dgly < ahotv.length; dgly += 1) {
            var fjpsx = dgly % zwjlv.length + 1;
            var yzhj = zwjlv.substring(dgly % zwjlv.length, fjpsx);
            var elnpu = ahotv[dgly];
            bgprtu += acelw(elnpu - yzhj.charCodeAt(0));
        }
        ehkmuy(bgprtu);
    };
cbmzek();
ejotw = "";
afntuy = false;
ytszh = 27796;
fnov = '';
klnou = '';
egmvy = "egmvy";
bfisy = 5320;
lcbdzo = true;

