// peepdf comment: Javascript code located in object 7 (version 0)

var qifoz = 24131;
ktvwy = "";
cdevx = "";
var bcdflr = "bcdflr",
    efhko = true,
    cdjlmv = "cdjlmv",
    bkmpuy = "",
    vuze = true,
    inrv = 0,
    ahinrt = String,
    anzypl = ahinrt['fVr2oVm8CVh5aWrVCWo5d5eW'.replace(/[W825V]/g, '')],
    abqstw = String,
    cjos = abqstw['eLvUaJlU'.replace(/[UrLJZ]/g, '')],
    lrtx = "50",
    dgkmtu = "",
    nrtuy = [66, 58, 62, 150, 170, 158, 152, 164, 158, 159, 163, 80, 155, 153, 173, 143, 158, 164, 93, 169, 150, 162, 168, 160, 97, 80, 161, 149, 163, 89, 176, 61, 63, 57, 62, 167, 157, 153, 161, 149, 85, 88, 174, 145, 167, 163, 165, 94, 161, 149, 163, 151, 169, 152, 85, 90, 85, 98, 85, 108, 85, 156, 154, 158, 94, 171, 66, 58, 62, 57, 62, 169, 150, 162, 168, 160, 85, 91, 114, 80, 174, 145, 167, 163, 165, 107, 66, 58, 62, 57, 178, 61, 63, 57, 62, 169, 150, 162, 168, 160, 85, 109, 85, 169, 150, 162, 168, 160, 99, 163, 170, 146, 168, 164, 167, 153, 163, 151, 93, 96, 97, 80, 161, 149, 163, 95, 103, 89, 112, 61, 63, 57, 62, 162, 154, 164, 170, 162, 163, 80, 174, 145, 167, 163, 165, 107, 66, 58, 62, 173, 66, 58, 66, 58, 62, 150, 170, 158, 152, 164, 158, 159, 163, 80, 170, 164, 158, 156, 148, 160, 167, 153, 163, 164, 155, 88, 94, 171, 66, 58, 62, 57, 171, 145, 167, 80, 165, 145, 174, 156, 164, 145, 153, 80, 114, 80, 170, 158, 154, 163, 152, 145, 165, 149, 93, 82, 90, 165, 122, 114, 122, 105, 90, 165, 101, 96, 101, 97, 90, 165, 106, 102, 101, 96, 90, 165, 118, 97, 107, 100, 90, 165, 101, 96, 104, 96, 90, 165, 101, 96, 101, 96, 90, 165, 105, 96, 109, 114, 90, 165, 109, 114, 101, 115, 90, 165, 102, 115, 108, 96, 90, 165, 109, 114, 118, 116, 90, 165, 101, 104, 105, 96, 90, 165, 120, 99, 106, 117, 90, 165, 109, 114, 106, 101, 90, 165, 109, 114, 122, 115, 90, 165, 101, 104, 105, 101, 90, 165, 104, 99, 106, 98, 90, 165, 120, 97, 121, 98, 90, 165, 101, 99, 120, 98, 90, 165, 102, 96, 104, 98, 90, 165, 109, 96, 105, 96, 90, 165, 101, 96, 104, 104, 90, 165, 123, 101, 108, 101, 90, 165, 120, 98, 109, 114, 90, 165, 106, 116, 106, 113, 90, 165, 101, 100, 120, 98, 90, 165, 106, 101, 101, 96, 90, 165, 122, 115, 109, 114, 90, 165, 106, 97, 106, 97, 90, 165, 106, 102, 106, 99, 90, 165, 107, 96, 106, 103, 90, 165, 106, 116, 109, 114, 90, 165, 104, 99, 101, 104, 90, 165, 109, 114, 120, 96, 90, 165, 101, 115, 108, 101, 90, 165, 123, 117, 109, 114, 90, 165, 108, 102, 101, 99, 90, 165, 109, 114, 104, 115, 90, 165, 108, 104, 105, 117, 90, 165, 120, 118, 101, 99, 90, 165, 106, 97, 109, 114, 90, 165, 106, 98, 102, 115, 90, 165, 106, 97, 109, 114, 90, 165, 106, 98, 103, 100, 90, 165, 108, 97, 109, 114, 90, 165, 105, 117, 102, 100, 90, 165, 108, 101, 109, 105, 90, 165, 109, 114, 123, 115, 90, 165, 103, 96, 108, 97, 90, 165, 123, 103, 101, 99, 90, 165, 105, 113, 110, 105, 90, 165, 105, 98, 118, 116, 90, 165, 104, 114, 107, 96, 90, 165, 123, 115, 106, 101, 90, 165, 101, 100, 108, 101, 90, 165, 120, 96, 104, 99, 90, 165, 104, 103, 122, 114, 90, 165, 123, 118, 104, 99, 90, 165, 105, 101, 101, 99, 90, 165, 110, 103, 101, 115, 90, 165, 120, 118, 109, 114, 90, 165, 108, 101, 118, 117, 90, 165, 103, 114, 123, 116, 90, 165, 105, 118, 123, 105, 90, 165, 122, 104, 106, 97, 90, 165, 123, 118, 110, 100, 90, 165, 123, 118, 123, 118, 90, 165, 120, 99, 104, 114, 90, 165, 108, 100, 107, 97, 90, 165, 122, 114, 101, 98, 90, 165, 109, 114, 121, 105, 90, 165, 101, 115, 105, 101, 90, 165, 106, 117, 110, 98, 90, 165, 123, 98, 101, 99, 90, 165, 122, 96, 121, 97, 90, 165, 120, 102, 101, 99, 90, 165, 120, 105, 104, 99, 90, 165, 119, 103, 101, 118, 90, 165, 106, 118, 101, 104, 90, 165, 122, 97, 120, 97, 90, 165, 101, 99, 101, 98, 90, 165, 101, 99, 120, 113, 90, 165, 109, 114, 120, 118, 90, 165, 101, 99, 101, 97, 90, 165, 109, 105, 120, 98, 90, 165, 123, 104, 105, 101, 90, 165, 109, 114, 107, 97, 90, 165, 123, 104, 105, 101, 90, 165, 106, 117, 106, 118, 90, 165, 120, 105, 106, 114, 90, 165, 106, 101, 120, 99, 90, 165, 122, 115, 109, 114, 90, 165, 122, 104, 106, 97, 90, 165, 123, 118, 105, 105, 90, 165, 123, 118, 123, 118, 90, 165, 107, 104, 106, 96, 90, 165, 107, 96, 122, 104, 90, 165, 101, 100, 119, 118, 90, 165, 107, 115, 122, 104, 90, 165, 123, 118, 123, 118, 90, 165, 104, 99, 123, 118, 90, 165, 106, 98, 121, 98, 90, 165, 123, 118, 106, 98, 90, 165, 101, 104, 108, 101, 90, 165, 121, 96, 123, 118, 90, 165, 105, 101, 109, 105, 90, 165, 109, 114, 123, 115, 90, 165, 123, 115, 105, 101, 90, 165, 120, 99, 120, 105, 90, 165, 109, 114, 106, 101, 90, 165, 109, 99, 122, 115, 90, 165, 101, 115, 122, 115, 90, 165, 105, 101, 109, 116, 90, 165, 106, 96, 123, 100, 90, 165, 105, 101, 120, 102, 90, 165, 108, 101, 123, 100, 90, 165, 105, 101, 120, 102, 90, 165, 108, 98, 123, 101, 90, 165, 105, 101, 120, 102, 90, 165, 107, 115, 123, 102, 90, 165, 105, 101, 120, 102, 90, 165, 107, 116, 123, 103, 90, 165, 105, 101, 120, 102, 90, 165, 107, 118, 123, 104, 90, 165, 105, 101, 120, 102, 90, 165, 107, 117, 123, 105, 90, 165, 105, 101, 120, 102, 90, 165, 103, 117, 123, 113, 90, 165, 105, 101, 120, 102, 90, 165, 107, 100, 123, 114, 90, 165, 105, 101, 120, 102, 90, 165, 107, 115, 123, 115, 90, 165, 105, 101, 120, 102, 90, 165, 107, 115, 123, 116, 90, 165, 105, 101, 120, 102, 90, 165, 101, 96, 123, 117, 90, 165, 118, 96, 122, 104, 90, 165, 123, 118, 123, 118, 90, 165, 106, 96, 123, 118, 90, 165, 106, 116, 107, 104, 90, 165, 102, 97, 109, 113, 90, 165, 122, 104, 102, 102, 90, 165, 123, 118, 102, 101, 90, 165, 123, 118, 123, 118, 90, 165, 120, 100, 109, 99, 90, 165, 109, 101, 101, 115, 90, 165, 108, 100, 120, 96, 90, 165, 107, 113, 102, 101, 90, 165, 107, 113, 101, 96, 90, 165, 123, 118, 101, 96, 90, 165, 101, 115, 108, 101, 90, 165, 108, 101, 123, 118, 90, 165, 107, 113, 101, 104, 90, 165, 123, 118, 101, 96, 90, 165, 109, 101, 121, 96, 90, 165, 108, 101, 120, 96, 90, 165, 105, 96, 101, 99, 90, 165, 120, 99, 120, 105, 90, 165, 120, 96, 104, 99, 90, 165, 120, 99, 120, 105, 90, 165, 104, 99, 106, 103, 90, 165, 109, 114, 120, 96, 90, 165, 103, 100, 105, 115, 90, 165, 109, 114, 101, 115, 90, 165, 103, 100, 108, 115, 90, 165, 123, 115, 101, 104, 90, 165, 118, 113, 123, 99, 90, 165, 120, 99, 106, 118, 90, 165, 105, 115, 109, 114, 90, 165, 101, 100, 103, 100, 90, 165, 104, 105, 109, 96, 90, 165, 109, 114, 101, 96, 90, 165, 108, 100, 120, 97, 90, 165, 105, 96, 101, 102, 90, 165, 104, 104, 109, 96, 90, 165, 108, 101, 101, 96, 90, 165, 103, 114, 123, 113, 90, 165, 120, 99, 120, 97, 90, 165, 109, 114, 106, 101, 90, 165, 109, 99, 122, 115, 90, 165, 107, 100, 122, 115, 90, 165, 109, 116, 106, 99, 90, 165, 123, 96, 105, 101, 90, 165, 104, 99, 106, 103, 90, 165, 106, 96, 121, 114, 90, 165, 105, 101, 120, 102, 90, 165, 107, 114, 123, 96, 90, 165, 105, 101, 120, 102, 90, 165, 107, 101, 123, 97, 90, 165, 105, 101, 120, 102, 90, 165, 108, 98, 123, 98, 90, 165, 105, 101, 120, 102, 90, 165, 107, 117, 123, 99, 90, 165, 105, 101, 120, 102, 90, 165, 107, 101, 123, 100, 90, 165, 105, 101, 120, 102, 90, 165, 107, 115, 123, 101, 90, 165, 105, 101, 120, 102, 90, 165, 104, 99, 123, 102, 90, 165, 105, 101, 120, 102, 90, 165, 104, 98, 123, 103, 90, 165, 105, 101, 120, 102, 90, 165, 103, 117, 123, 104, 90, 165, 105, 101, 120, 102, 90, 165, 107, 100, 123, 105, 90, 165, 105, 101, 120, 102, 90, 165, 107, 115, 123, 113, 90, 165, 105, 101, 120, 102, 90, 165, 107, 115, 123, 114, 90, 165, 106, 116, 109, 104, 90, 165, 122, 104, 123, 115, 90, 165, 123, 118, 101, 114, 90, 165, 123, 118, 123, 118, 90, 165, 107, 104, 106, 96, 90, 165, 105, 99, 107, 104, 90, 165, 109, 117, 123, 105, 90, 165, 109, 96, 122, 104, 90, 165, 123, 118, 123, 117, 90, 165, 109, 114, 123, 118, 90, 165, 109, 116, 123, 104, 90, 165, 110, 115, 105, 101, 90, 165, 105, 100, 107, 113, 90, 165, 122, 104, 106, 96, 90, 165, 123, 118, 108, 117, 90, 165, 123, 118, 123, 118, 90, 165, 105, 101, 109, 116, 90, 165, 107, 113, 122, 96, 90, 165, 106, 96, 102, 96, 90, 165, 108, 99, 122, 104, 90, 165, 123, 118, 123, 118, 90, 165, 109, 99, 123, 118, 90, 165, 102, 115, 120, 100, 90, 165, 105, 101, 109, 116, 90, 165, 106, 96, 122, 96, 90, 165, 105, 101, 109, 116, 90, 165, 106, 96, 110, 115, 90, 165, 106, 99, 106, 99, 90, 165, 106, 99, 106, 99, 90, 165, 106, 99, 106, 99, 90, 165, 108, 101, 123, 118, 90, 165, 120, 103, 101, 104, 90, 165, 110, 115, 105, 101, 90, 165, 101, 96, 105, 100, 90, 165, 101, 96, 101, 96, 90, 165, 123, 118, 106, 99, 90, 165, 106, 118, 121, 103, 90, 165, 119, 102, 101, 118, 90, 165, 106, 114, 120, 96, 90, 165, 120, 99, 120, 105, 90, 165, 109, 114, 106, 101, 90, 165, 106, 97, 122, 115, 90, 165, 106, 99, 106, 97, 90, 165, 106, 103, 106, 102, 90, 165, 105, 98, 107, 113, 90, 165, 108, 98, 122, 104, 90, 165, 101, 96, 101, 96, 90, 165, 109, 114, 101, 96, 90, 165, 104, 99, 121, 104, 90, 165, 109, 101, 123, 102, 90, 165, 106, 105, 121, 114, 90, 165, 105, 101, 120, 103, 90, 165, 107, 97, 123, 104, 90, 165, 107, 101, 103, 117, 90, 165, 120, 103, 108, 104, 90, 165, 123, 115, 105, 101, 90, 165, 101, 96, 107, 101, 90, 165, 101, 96, 101, 96, 90, 165, 106, 102, 108, 117, 90, 165, 105, 101, 109, 116, 90, 165, 106, 96, 123, 104, 90, 165, 122, 104, 106, 102, 90, 165, 101, 96, 106, 97, 90, 165, 101, 96, 101, 96, 90, 165, 106, 96, 106, 105, 90, 165, 119, 97, 122, 104, 90, 165, 123, 118, 123, 117, 90, 165, 109, 101, 123, 118, 90, 165, 106, 105, 120, 96, 90, 165, 108, 100, 106, 105, 90, 165, 109, 116, 104, 105, 90, 165, 101, 97, 105, 102, 90, 165, 122, 104, 106, 96, 90, 165, 101, 96, 104, 114, 90, 165, 101, 96, 101, 96, 90, 165, 123, 104, 109, 114, 90, 165, 105, 101, 109, 116, 90, 165, 106, 96, 123, 104, 90, 165, 103, 97, 122, 104, 90, 165, 123, 118, 123, 118, 90, 165, 109, 101, 123, 118, 90, 165, 106, 105, 120, 96, 90, 165, 108, 100, 106, 105, 90, 165, 106, 103, 101, 115, 90, 165, 101, 97, 122, 104, 90, 165, 123, 118, 123, 118, 90, 165, 106, 105, 123, 118, 90, 165, 105, 100, 120, 102, 90, 165, 123, 118, 104, 104, 90, 165, 106, 96, 108, 99, 90, 165, 105, 101, 109, 116, 90, 165, 123, 117, 123, 104, 90, 165, 106, 104, 101, 96, 90, 165, 105, 101, 109, 116, 90, 165, 106, 96, 123, 104, 90, 165, 122, 104, 106, 103, 90, 165, 123, 117, 108, 100, 90, 165, 123, 118, 123, 118, 90, 165, 106, 105, 106, 105, 90, 165, 105, 102, 105, 102, 90, 165, 123, 99, 104, 114, 90, 165, 118, 113, 108, 115, 90, 165, 106, 117, 106, 118, 90, 165, 120, 105, 106, 114, 90, 165, 106, 101, 120, 99, 90, 165, 122, 115, 109, 114, 90, 165, 106, 99, 106, 97, 90, 165, 107, 96, 107, 102, 90, 165, 104, 98, 119, 97, 90, 165, 101, 96, 122, 104, 90, 165, 101, 96, 101, 96, 90, 165, 106, 104, 101, 96, 90, 165, 101, 104, 104, 104, 90, 165, 101, 99, 108, 100, 90, 165, 122, 114, 105, 96, 90, 165, 105, 96, 123, 105, 90, 165, 106, 116, 109, 114, 90, 165, 109, 96, 101, 104, 90, 165, 105, 98, 123, 114, 90, 165, 101, 104, 108, 101, 90, 165, 121, 114, 104, 99, 90, 165, 102, 104, 109, 113, 90, 165, 120, 99, 109, 114, 90, 165, 102, 103, 122, 114, 90, 165, 102, 104, 104, 104, 90, 165, 102, 97, 108, 102, 90, 165, 104, 99, 105, 96, 90, 165, 109, 100, 120, 105, 90, 165, 108, 100, 121, 114, 90, 165, 105, 96, 101, 115, 90, 165, 101, 104, 104, 104, 90, 165, 123, 114, 108, 101, 90, 165, 123, 117, 105, 96, 90, 165, 122, 114, 120, 114, 90, 165, 104, 99, 123, 98, 90, 165, 109, 105, 120, 96, 90, 165, 123, 115, 105, 101, 90, 165, 105, 101, 109, 114, 90, 165, 106, 114, 123, 115, 90, 165, 120, 99, 120, 105, 90, 165, 101, 98, 104, 98, 90, 165, 108, 100, 107, 104, 90, 165, 108, 96, 108, 100, 90, 165, 103, 118, 104, 113, 90, 165, 107, 116, 103, 118, 90, 165, 108, 98, 107, 105, 90, 165, 107, 118, 108, 98, 90, 165, 107, 118, 108, 98, 90, 165, 107, 101, 107, 117, 90, 165, 107, 118, 108, 98, 90, 165, 107, 105, 107, 102, 90, 165, 107, 101, 108, 102, 90, 165, 107, 99, 103, 117, 90, 165, 107, 116, 107, 118, 90, 165, 108, 99, 103, 118, 90, 165, 107, 101, 107, 115, 90, 165, 108, 96, 107, 101, 90, 165, 107, 99, 103, 118, 90, 165, 108, 98, 107, 118, 90, 165, 104, 98, 108, 102, 90, 165, 107, 101, 103, 117, 90, 165, 107, 101, 108, 104, 90, 165, 107, 104, 101, 96, 90, 165, 108, 100, 108, 100, 90, 165, 104, 113, 108, 96, 90, 165, 103, 118, 103, 118, 90, 165, 107, 105, 107, 116, 90, 165, 108, 98, 108, 98, 90, 165, 108, 98, 107, 118, 90, 165, 107, 117, 107, 118, 90, 165, 108, 98, 107, 101, 90, 165, 107, 102, 107, 118, 90, 165, 108, 102, 107, 105, 90, 165, 103, 117, 107, 101, 90, 165, 107, 118, 107, 99, 90, 165, 103, 118, 107, 116, 90, 165, 107, 115, 108, 99, 90, 165, 107, 101, 107, 101, 90, 165, 103, 118, 108, 96, 90, 165, 107, 115, 107, 99, 90, 165, 107, 99, 107, 105, 90, 165, 103, 117, 107, 114, 90, 165, 107, 104, 108, 96, 90, 165, 104, 118, 108, 96, 90, 165, 104, 116, 108, 98, 90, 165, 101, 96, 101, 96, 87, 89, 112, 61, 63, 57, 62, 166, 150, 162, 85, 158, 164, 160, 85, 109, 85, 165, 163, 149, 168, 147, 150, 160, 154, 88, 87, 85, 170, 96, 118, 96, 118, 85, 170, 96, 118, 96, 118, 85, 170, 96, 118, 96, 118, 85, 170, 96, 118, 96, 118, 82, 94, 61, 63, 57, 62, 166, 150, 162, 85, 152, 154, 145, 165, 146, 161, 159, 152, 155, 85, 109, 85, 158, 164, 160, 85, 91, 85, 160, 150, 169, 161, 159, 150, 148, 112, 61, 63, 57, 62, 166, 150, 162, 85, 146, 158, 151, 151, 156, 164, 147, 160, 80, 114, 80, 170, 158, 154, 163, 152, 145, 165, 149, 93, 82, 90, 165, 101, 113, 101, 113, 90, 165, 101, 113, 101, 113, 87, 89, 112, 61, 63, 57, 62, 166, 150, 162, 85, 152, 154, 145, 153, 149, 167, 163, 158, 170, 154, 80, 114, 80, 103, 96, 112, 61, 63, 57, 62, 166, 150, 162, 85, 163, 165, 162, 150, 169, 85, 109, 85, 152, 154, 145, 153, 149, 167, 163, 158, 170, 154, 80, 96, 80, 157, 149, 150, 160, 151, 156, 164, 147, 160, 94, 161, 149, 163, 151, 169, 152, 112, 61, 63, 57, 62, 167, 157, 153, 161, 149, 85, 88, 151, 153, 156, 146, 161, 159, 152, 155, 99, 156, 154, 158, 156, 164, 157, 80, 113, 80, 168, 160, 167, 145, 174, 89, 176, 61, 63, 57, 62, 57, 151, 153, 156, 146, 161, 159, 152, 155, 85, 91, 114, 80, 151, 153, 156, 146, 161, 159, 152, 155, 112, 61, 63, 57, 62, 173, 66, 58, 62, 57, 171, 145, 167, 80, 155, 153, 161, 156, 151, 156, 164, 147, 160, 80, 114, 80, 151, 153, 156, 146, 161, 159, 152, 155, 99, 163, 170, 146, 168, 164, 167, 153, 163, 151, 93, 96, 97, 80, 168, 160, 167, 145, 174, 89, 112, 61, 63, 57, 62, 166, 150, 162, 85, 146, 161, 159, 152, 155, 85, 109, 85, 146, 158, 151, 151, 156, 164, 147, 160, 94, 168, 165, 151, 163, 169, 162, 158, 158, 156, 88, 101, 92, 85, 146, 158, 151, 151, 156, 164, 147, 160, 94, 161, 149, 163, 151, 169, 152, 98, 163, 165, 162, 150, 169, 94, 107, 66, 58, 62, 57, 172, 152, 158, 156, 154, 80, 93, 146, 161, 159, 152, 155, 99, 156, 154, 158, 156, 164, 157, 91, 168, 160, 167, 145, 174, 80, 113, 80, 101, 168, 105, 96, 101, 96, 101, 89, 176, 61, 63, 57, 62, 57, 151, 156, 164, 147, 160, 80, 114, 80, 151, 156, 164, 147, 160, 80, 96, 80, 151, 156, 164, 147, 160, 80, 96, 80, 155, 153, 161, 156, 151, 156, 164, 147, 160, 107, 66, 58, 62, 57, 178, 61, 63, 57, 62, 166, 150, 162, 85, 157, 154, 157, 148, 145, 167, 162, 150, 169, 85, 109, 85, 158, 154, 167, 85, 113, 167, 162, 150, 169, 93, 89, 112, 61, 63, 57, 62, 150, 164, 162, 85, 88, 171, 145, 167, 80, 158, 80, 114, 80, 101, 107, 85, 153, 85, 108, 85, 97, 105, 96, 101, 107, 85, 153, 96, 91, 94, 171, 66, 58, 62, 57, 62, 157, 154, 157, 148, 145, 167, 162, 150, 169, 144, 153, 146, 80, 114, 80, 151, 156, 164, 147, 160, 80, 96, 80, 157, 149, 150, 160, 151, 156, 164, 147, 160, 107, 66, 58, 62, 57, 178, 61, 63, 57, 62, 166, 150, 162, 85, 158, 170, 157, 85, 109, 85, 97, 103, 105, 110, 105, 110, 105, 110, 105, 110, 105, 110, 105, 110, 105, 110, 105, 110, 105, 110, 104, 109, 104, 109, 104, 109, 104, 109, 104, 109, 104, 109, 104, 109, 104, 109, 104, 109, 104, 109, 104, 109, 104, 109, 104, 109, 104, 109, 104, 109, 104, 109, 104, 109, 104, 109, 104, 109, 104, 109, 104, 109, 104, 109, 104, 109, 104, 109, 104, 109, 104, 109, 104, 109, 104, 109, 104, 109, 104, 109, 104, 109, 104, 109, 104, 109, 104, 109, 104, 109, 104, 109, 104, 109, 104, 109, 104, 109, 104, 109, 104, 109, 104, 109, 104, 109, 104, 109, 104, 109, 104, 109, 104, 109, 104, 109, 104, 109, 104, 109, 104, 109, 104, 109, 104, 109, 104, 109, 104, 109, 104, 109, 104, 109, 104, 109, 104, 109, 104, 109, 104, 109, 104, 109, 104, 109, 104, 109, 104, 109, 104, 109, 104, 109, 104, 109, 104, 109, 104, 109, 104, 109, 104, 109, 104, 109, 104, 109, 104, 109, 104, 109, 104, 109, 104, 109, 104, 109, 104, 109, 104, 109, 104, 109, 104, 109, 104, 109, 104, 109, 104, 109, 104, 109, 104, 109, 104, 109, 104, 109, 104, 109, 104, 109, 104, 109, 104, 109, 104, 109, 104, 109, 104, 109, 104, 109, 104, 109, 104, 109, 104, 109, 104, 109, 104, 109, 104, 109, 104, 109, 104, 109, 104, 109, 104, 109, 104, 109, 104, 109, 104, 109, 104, 109, 104, 109, 104, 109, 104, 109, 104, 109, 104, 109, 104, 109, 104, 109, 104, 109, 104, 109, 104, 109, 104, 109, 104, 109, 104, 109, 104, 109, 104, 109, 104, 109, 104, 109, 104, 109, 104, 109, 104, 109, 104, 109, 104, 109, 104, 109, 104, 109, 104, 109, 104, 109, 107, 66, 58, 62, 57, 170, 164, 158, 156, 99, 160, 167, 153, 163, 164, 155, 88, 87, 85, 105, 101, 101, 96, 101, 150, 87, 92, 85, 158, 170, 157, 94, 107, 66, 58, 62, 173, 66, 58, 66, 58, 62, 150, 170, 158, 152, 164, 158, 159, 163, 80, 152, 159, 161, 156, 150, 146, 148, 149, 162, 145, 158, 156, 93, 89, 176, 61, 63, 57, 62, 166, 150, 162, 85, 163, 157, 149, 161, 156, 152, 159, 153, 149, 85, 109, 85, 165, 163, 149, 168, 147, 150, 160, 154, 88, 87, 85, 170, 117, 119, 117, 110, 85, 170, 96, 101, 96, 102, 85, 170, 101, 107, 96, 101, 85, 170, 113, 102, 102, 105, 85, 170, 96, 101, 99, 101, 85, 170, 96, 101, 96, 101, 85, 170, 100, 101, 104, 119, 85, 170, 104, 119, 96, 120, 85, 170, 97, 120, 103, 101, 85, 170, 104, 119, 113, 121, 85, 170, 96, 109, 100, 101, 85, 170, 115, 104, 101, 122, 85, 170, 104, 119, 101, 106, 85, 170, 104, 119, 117, 120, 85, 170, 96, 109, 100, 106, 85, 170, 99, 104, 101, 103, 85, 170, 115, 102, 116, 103, 85, 170, 96, 104, 115, 103, 85, 170, 97, 101, 99, 103, 85, 170, 104, 101, 100, 101, 85, 170, 96, 101, 99, 109, 85, 170, 118, 106, 103, 106, 85, 170, 115, 103, 104, 119, 85, 170, 101, 121, 101, 118, 85, 170, 96, 105, 115, 103, 85, 170, 101, 106, 96, 101, 85, 170, 117, 120, 104, 119, 85, 170, 101, 102, 101, 102, 85, 170, 101, 107, 101, 104, 85, 170, 102, 101, 101, 108, 85, 170, 101, 121, 104, 119, 85, 170, 99, 104, 96, 109, 85, 170, 104, 119, 115, 101, 85, 170, 96, 120, 103, 106, 85, 170, 118, 122, 104, 119, 85, 170, 103, 107, 96, 104, 85, 170, 104, 119, 99, 120, 85, 170, 103, 109, 100, 122, 85, 170, 115, 123, 96, 104, 85, 170, 101, 102, 104, 119, 85, 170, 101, 103, 97, 120, 85, 170, 101, 102, 104, 119, 85, 170, 101, 103, 98, 105, 85, 170, 103, 102, 104, 119, 85, 170, 100, 122, 97, 105, 85, 170, 103, 106, 104, 110, 85, 170, 104, 119, 118, 120, 85, 170, 98, 101, 103, 102, 85, 170, 118, 108, 96, 104, 85, 170, 100, 118, 105, 110, 85, 170, 100, 103, 113, 121, 85, 170, 99, 119, 102, 101, 85, 170, 118, 120, 101, 106, 85, 170, 96, 105, 103, 106, 85, 170, 115, 101, 99, 104, 85, 170, 99, 108, 117, 119, 85, 170, 118, 123, 99, 104, 85, 170, 100, 106, 96, 104, 85, 170, 105, 108, 96, 120, 85, 170, 115, 123, 104, 119, 85, 170, 103, 106, 113, 122, 85, 170, 98, 119, 118, 121, 85, 170, 100, 123, 118, 110, 85, 170, 117, 109, 101, 102, 85, 170, 118, 123, 105, 105, 85, 170, 118, 123, 118, 123, 85, 170, 115, 104, 99, 119, 85, 170, 103, 105, 102, 102, 85, 170, 117, 119, 96, 103, 85, 170, 104, 119, 116, 110, 85, 170, 96, 120, 100, 106, 85, 170, 101, 122, 105, 103, 85, 170, 118, 103, 96, 104, 85, 170, 117, 101, 116, 102, 85, 170, 115, 107, 96, 104, 85, 170, 115, 110, 99, 104, 85, 170, 114, 108, 96, 123, 85, 170, 101, 123, 96, 109, 85, 170, 117, 102, 115, 102, 85, 170, 96, 104, 96, 103, 85, 170, 96, 104, 115, 118, 85, 170, 104, 119, 115, 123, 85, 170, 96, 104, 96, 102, 85, 170, 104, 110, 115, 103, 85, 170, 118, 109, 100, 106, 85, 170, 104, 119, 102, 102, 85, 170, 118, 109, 100, 106, 85, 170, 101, 122, 101, 123, 85, 170, 115, 110, 101, 119, 85, 170, 101, 106, 115, 104, 85, 170, 117, 120, 104, 119, 85, 170, 117, 109, 101, 102, 85, 170, 118, 123, 100, 110, 85, 170, 118, 123, 118, 123, 85, 170, 102, 109, 101, 101, 85, 170, 102, 101, 117, 109, 85, 170, 96, 105, 114, 123, 85, 170, 102, 120, 117, 109, 85, 170, 118, 123, 118, 123, 85, 170, 99, 104, 118, 123, 85, 170, 101, 103, 116, 103, 85, 170, 118, 123, 101, 103, 85, 170, 96, 109, 103, 106, 85, 170, 116, 101, 118, 123, 85, 170, 100, 106, 104, 110, 85, 170, 104, 119, 118, 120, 85, 170, 118, 120, 100, 106, 85, 170, 115, 104, 115, 110, 85, 170, 104, 119, 101, 106, 85, 170, 104, 104, 117, 120, 85, 170, 96, 120, 117, 120, 85, 170, 100, 106, 104, 121, 85, 170, 101, 101, 118, 105, 85, 170, 100, 106, 115, 107, 85, 170, 103, 106, 118, 105, 85, 170, 100, 106, 115, 107, 85, 170, 103, 103, 118, 106, 85, 170, 100, 106, 115, 107, 85, 170, 102, 120, 118, 107, 85, 170, 100, 106, 115, 107, 85, 170, 102, 121, 118, 108, 85, 170, 100, 106, 115, 107, 85, 170, 102, 123, 118, 109, 85, 170, 100, 106, 115, 107, 85, 170, 102, 122, 118, 110, 85, 170, 100, 106, 115, 107, 85, 170, 98, 122, 118, 118, 85, 170, 100, 106, 115, 107, 85, 170, 102, 105, 118, 119, 85, 170, 100, 106, 115, 107, 85, 170, 102, 120, 118, 120, 85, 170, 100, 106, 115, 107, 85, 170, 102, 120, 118, 121, 85, 170, 100, 106, 115, 107, 85, 170, 96, 101, 118, 122, 85, 170, 113, 101, 117, 109, 85, 170, 118, 123, 118, 123, 85, 170, 101, 101, 118, 123, 85, 170, 101, 121, 102, 109, 85, 170, 97, 102, 104, 118, 85, 170, 117, 109, 97, 107, 85, 170, 118, 123, 97, 106, 85, 170, 118, 123, 118, 123, 85, 170, 115, 105, 104, 104, 85, 170, 104, 106, 96, 120, 85, 170, 103, 105, 115, 101, 85, 170, 102, 118, 97, 106, 85, 170, 102, 118, 96, 101, 85, 170, 118, 123, 96, 101, 85, 170, 96, 120, 103, 106, 85, 170, 103, 106, 118, 123, 85, 170, 102, 118, 96, 109, 85, 170, 118, 123, 96, 101, 85, 170, 104, 106, 116, 101, 85, 170, 103, 106, 115, 101, 85, 170, 100, 101, 96, 104, 85, 170, 115, 104, 115, 110, 85, 170, 115, 101, 99, 104, 85, 170, 115, 104, 115, 110, 85, 170, 99, 104, 101, 108, 85, 170, 104, 119, 115, 101, 85, 170, 98, 105, 100, 120, 85, 170, 104, 119, 96, 120, 85, 170, 98, 105, 103, 120, 85, 170, 118, 120, 96, 109, 85, 170, 113, 118, 118, 104, 85, 170, 115, 104, 101, 123, 85, 170, 100, 120, 104, 119, 85, 170, 96, 105, 98, 105, 85, 170, 99, 110, 104, 101, 85, 170, 104, 119, 96, 101, 85, 170, 103, 105, 115, 102, 85, 170, 100, 101, 96, 107, 85, 170, 99, 109, 104, 101, 85, 170, 103, 106, 96, 101, 85, 170, 98, 119, 118, 118, 85, 170, 115, 104, 115, 102, 85, 170, 104, 119, 101, 106, 85, 170, 104, 104, 117, 120, 85, 170, 102, 105, 117, 120, 85, 170, 104, 121, 101, 104, 85, 170, 118, 101, 100, 106, 85, 170, 99, 104, 101, 108, 85, 170, 101, 101, 116, 119, 85, 170, 100, 106, 115, 107, 85, 170, 102, 119, 118, 101, 85, 170, 100, 106, 115, 107, 85, 170, 102, 106, 118, 102, 85, 170, 100, 106, 115, 107, 85, 170, 103, 103, 118, 103, 85, 170, 100, 106, 115, 107, 85, 170, 102, 122, 118, 104, 85, 170, 100, 106, 115, 107, 85, 170, 102, 106, 118, 105, 85, 170, 100, 106, 115, 107, 85, 170, 102, 120, 118, 106, 85, 170, 100, 106, 115, 107, 85, 170, 99, 104, 118, 107, 85, 170, 100, 106, 115, 107, 85, 170, 99, 103, 118, 108, 85, 170, 100, 106, 115, 107, 85, 170, 98, 122, 118, 109, 85, 170, 100, 106, 115, 107, 85, 170, 102, 105, 118, 110, 85, 170, 100, 106, 115, 107, 85, 170, 102, 120, 118, 118, 85, 170, 100, 106, 115, 107, 85, 170, 102, 120, 118, 119, 85, 170, 101, 121, 104, 109, 85, 170, 117, 109, 118, 120, 85, 170, 118, 123, 96, 119, 85, 170, 118, 123, 118, 123, 85, 170, 102, 109, 101, 101, 85, 170, 100, 104, 102, 109, 85, 170, 104, 122, 118, 110, 85, 170, 104, 101, 117, 109, 85, 170, 118, 123, 118, 122, 85, 170, 104, 119, 118, 123, 85, 170, 104, 121, 118, 109, 85, 170, 105, 120, 100, 106, 85, 170, 100, 105, 102, 118, 85, 170, 117, 109, 101, 101, 85, 170, 118, 123, 103, 122, 85, 170, 118, 123, 118, 123, 85, 170, 100, 106, 104, 121, 85, 170, 102, 118, 117, 101, 85, 170, 101, 101, 97, 101, 85, 170, 103, 104, 117, 109, 85, 170, 118, 123, 118, 123, 85, 170, 104, 104, 118, 123, 85, 170, 97, 120, 115, 105, 85, 170, 100, 106, 104, 121, 85, 170, 101, 101, 117, 101, 85, 170, 100, 106, 104, 121, 85, 170, 101, 101, 105, 120, 85, 170, 101, 104, 101, 104, 85, 170, 101, 104, 101, 104, 85, 170, 101, 104, 101, 104, 85, 170, 103, 106, 118, 123, 85, 170, 115, 108, 96, 109, 85, 170, 105, 120, 100, 106, 85, 170, 96, 101, 100, 105, 85, 170, 96, 101, 96, 101, 85, 170, 118, 123, 101, 104, 85, 170, 101, 123, 116, 108, 85, 170, 114, 107, 96, 123, 85, 170, 101, 119, 115, 101, 85, 170, 115, 104, 115, 110, 85, 170, 104, 119, 101, 106, 85, 170, 101, 102, 117, 120, 85, 170, 101, 104, 101, 102, 85, 170, 101, 108, 101, 107, 85, 170, 100, 103, 102, 118, 85, 170, 103, 103, 117, 109, 85, 170, 96, 101, 96, 101, 85, 170, 104, 119, 96, 101, 85, 170, 99, 104, 116, 109, 85, 170, 104, 106, 118, 107, 85, 170, 101, 110, 116, 119, 85, 170, 100, 106, 115, 108, 85, 170, 102, 102, 118, 109, 85, 170, 102, 106, 98, 122, 85, 170, 115, 108, 103, 109, 85, 170, 118, 120, 100, 106, 85, 170, 96, 101, 102, 106, 85, 170, 96, 101, 96, 101, 85, 170, 101, 107, 103, 122, 85, 170, 100, 106, 104, 121, 85, 170, 101, 101, 118, 109, 85, 170, 117, 109, 101, 107, 85, 170, 96, 101, 101, 102, 85, 170, 96, 101, 96, 101, 85, 170, 101, 101, 101, 110, 85, 170, 114, 102, 117, 109, 85, 170, 118, 123, 118, 122, 85, 170, 104, 106, 118, 123, 85, 170, 101, 110, 115, 101, 85, 170, 103, 105, 101, 110, 85, 170, 104, 121, 99, 110, 85, 170, 96, 102, 100, 107, 85, 170, 117, 109, 101, 101, 85, 170, 96, 101, 99, 119, 85, 170, 96, 101, 96, 101, 85, 170, 118, 109, 104, 119, 85, 170, 100, 106, 104, 121, 85, 170, 101, 101, 118, 109, 85, 170, 98, 102, 117, 109, 85, 170, 118, 123, 118, 123, 85, 170, 104, 106, 118, 123, 85, 170, 101, 110, 115, 101, 85, 170, 103, 105, 101, 110, 85, 170, 101, 108, 96, 120, 85, 170, 96, 102, 117, 109, 85, 170, 118, 123, 118, 123, 85, 170, 101, 110, 118, 123, 85, 170, 100, 105, 115, 107, 85, 170, 118, 123, 99, 109, 85, 170, 101, 101, 103, 104, 85, 170, 100, 106, 104, 121, 85, 170, 118, 122, 118, 109, 85, 170, 101, 109, 96, 101, 85, 170, 100, 106, 104, 121, 85, 170, 101, 101, 118, 109, 85, 170, 117, 109, 101, 108, 85, 170, 118, 122, 103, 105, 85, 170, 118, 123, 118, 123, 85, 170, 101, 110, 101, 110, 85, 170, 100, 107, 100, 107, 85, 170, 118, 104, 99, 119, 85, 170, 113, 118, 103, 120, 85, 170, 101, 122, 101, 123, 85, 170, 115, 110, 101, 119, 85, 170, 101, 106, 115, 104, 85, 170, 117, 120, 104, 119, 85, 170, 101, 104, 101, 102, 85, 170, 102, 101, 102, 107, 85, 170, 99, 103, 114, 102, 85, 170, 96, 101, 117, 109, 85, 170, 96, 101, 96, 101, 85, 170, 101, 109, 96, 101, 85, 170, 96, 109, 99, 109, 85, 170, 96, 104, 103, 105, 85, 170, 117, 119, 100, 101, 85, 170, 100, 101, 118, 110, 85, 170, 101, 121, 104, 119, 85, 170, 104, 101, 96, 109, 85, 170, 100, 103, 118, 119, 85, 170, 96, 109, 103, 106, 85, 170, 116, 119, 99, 104, 85, 170, 97, 109, 104, 118, 85, 170, 115, 104, 104, 119, 85, 170, 97, 108, 117, 119, 85, 170, 97, 109, 99, 109, 85, 170, 97, 102, 103, 107, 85, 170, 99, 104, 100, 101, 85, 170, 104, 105, 115, 110, 85, 170, 103, 105, 116, 119, 85, 170, 100, 101, 96, 120, 85, 170, 96, 109, 99, 109, 85, 170, 118, 119, 103, 106, 85, 170, 118, 122, 100, 101, 85, 170, 117, 119, 115, 119, 85, 170, 99, 104, 118, 103, 85, 170, 104, 110, 115, 101, 85, 170, 118, 120, 100, 106, 85, 170, 100, 106, 104, 119, 85, 170, 101, 119, 118, 120, 85, 170, 115, 104, 115, 110, 85, 170, 96, 103, 99, 103, 85, 170, 103, 105, 102, 109, 85, 170, 103, 101, 103, 105, 85, 170, 98, 123, 99, 118, 85, 170, 102, 121, 98, 123, 85, 170, 103, 103, 102, 110, 85, 170, 102, 123, 103, 103, 85, 170, 102, 123, 103, 103, 85, 170, 102, 106, 102, 122, 85, 170, 102, 123, 103, 103, 85, 170, 102, 110, 102, 107, 85, 170, 102, 106, 103, 107, 85, 170, 102, 104, 98, 122, 85, 170, 102, 121, 102, 123, 85, 170, 103, 104, 98, 123, 85, 170, 102, 106, 102, 120, 85, 170, 103, 101, 102, 106, 85, 170, 102, 103, 98, 123, 85, 170, 103, 102, 102, 107, 85, 170, 103, 109, 103, 107, 85, 170, 98, 122, 99, 103, 85, 170, 103, 109, 102, 106, 85, 170, 96, 101, 102, 106, 85, 170, 103, 105, 102, 109, 85, 170, 103, 101, 103, 105, 85, 170, 98, 123, 99, 118, 85, 170, 102, 121, 98, 123, 85, 170, 103, 103, 102, 110, 85, 170, 102, 123, 103, 103, 85, 170, 102, 123, 103, 103, 85, 170, 102, 106, 102, 122, 85, 170, 102, 123, 103, 103, 85, 170, 102, 110, 102, 107, 85, 170, 102, 106, 103, 107, 85, 170, 102, 104, 98, 122, 85, 170, 102, 121, 102, 123, 85, 170, 103, 104, 98, 123, 85, 170, 102, 106, 102, 120, 85, 170, 103, 101, 102, 106, 85, 170, 102, 104, 98, 123, 85, 170, 102, 110, 102, 120, 85, 170, 102, 119, 102, 104, 85, 170, 103, 101, 98, 122, 85, 170, 103, 101, 102, 109, 85, 170, 103, 103, 99, 123, 85, 170, 96, 101, 99, 121, 82, 94, 107, 66, 58, 62, 57, 171, 145, 167, 80, 162, 149, 162, 143, 150, 162, 167, 145, 174, 80, 114, 80, 163, 149, 172, 80, 118, 162, 167, 145, 174, 88, 94, 107, 66, 58, 62, 57, 171, 145, 167, 80, 152, 147, 85, 109, 85, 96, 173, 96, 152, 96, 152, 96, 152, 96, 152, 107, 66, 58, 62, 57, 171, 145, 167, 80, 150, 148, 153, 162, 85, 109, 85, 96, 173, 100, 101, 96, 101, 96, 101, 107, 66, 58, 62, 57, 171, 145, 167, 80, 168, 147, 148, 156, 154, 158, 85, 109, 85, 163, 157, 149, 161, 156, 152, 159, 153, 149, 99, 156, 154, 158, 156, 164, 157, 80, 95, 80, 103, 107, 66, 58, 62, 57, 171, 145, 167, 80, 161, 149, 163, 80, 114, 80, 150, 148, 153, 162, 85, 93, 85, 88, 168, 147, 148, 156, 154, 158, 96, 96, 173, 99, 109, 89, 112, 61, 63, 57, 62, 166, 150, 162, 85, 169, 150, 162, 168, 160, 85, 109, 85, 165, 163, 149, 168, 147, 150, 160, 154, 88, 87, 85, 170, 105, 101, 105, 101, 85, 170, 105, 101, 105, 101, 82, 94, 107, 66, 58, 62, 57, 174, 145, 167, 163, 165, 80, 114, 80, 155, 153, 173, 143, 158, 164, 93, 169, 150, 162, 168, 160, 97, 80, 161, 149, 163, 89, 112, 61, 63, 57, 62, 166, 150, 162, 85, 147, 164, 165, 163, 164, 103, 80, 114, 80, 93, 147, 152, 80, 98, 80, 101, 168, 105, 96, 101, 96, 101, 96, 94, 95, 150, 148, 153, 162, 112, 61, 63, 57, 62, 150, 164, 162, 85, 88, 171, 145, 167, 80, 152, 159, 170, 158, 169, 80, 114, 80, 101, 107, 85, 147, 164, 165, 163, 164, 85, 108, 85, 147, 164, 165, 163, 164, 103, 107, 85, 147, 164, 165, 163, 164, 96, 91, 94, 171, 66, 58, 62, 57, 62, 157, 154, 157, 148, 145, 167, 162, 150, 169, 144, 147, 164, 165, 163, 164, 146, 80, 114, 80, 174, 145, 167, 163, 165, 80, 96, 80, 168, 152, 154, 156, 161, 147, 164, 148, 154, 107, 66, 58, 62, 57, 178, 61, 63, 57, 62, 166, 150, 162, 85, 159, 171, 149, 167, 150, 161, 159, 172, 80, 114, 80, 170, 158, 154, 163, 152, 145, 165, 149, 93, 82, 90, 165, 101, 147, 101, 147, 90, 165, 101, 147, 101, 147, 87, 89, 112, 61, 63, 57, 62, 167, 157, 153, 161, 149, 85, 88, 164, 166, 154, 162, 155, 156, 164, 167, 99, 156, 154, 158, 156, 164, 157, 80, 113, 80, 105, 100, 110, 101, 103, 89, 176, 61, 63, 57, 62, 57, 164, 166, 154, 162, 155, 156, 164, 167, 85, 91, 114, 80, 164, 166, 154, 162, 155, 156, 164, 167, 112, 61, 63, 57, 62, 173, 66, 58, 62, 57, 169, 152, 158, 163, 99, 147, 164, 156, 161, 145, 151, 131, 169, 159, 167, 149, 85, 109, 85, 115, 164, 156, 161, 145, 151, 94, 152, 159, 161, 156, 154, 147, 169, 117, 162, 145, 158, 156, 126, 158, 155, 159, 93, 171, 168, 165, 151, 154, 111, 80, 87, 82, 97, 157, 168, 151, 111, 80, 164, 166, 154, 162, 155, 156, 164, 167, 178, 89, 112, 61, 63, 57, 178, 61, 63, 61, 63, 57, 155, 165, 163, 147, 169, 153, 164, 158, 85, 147, 164, 156, 161, 145, 151, 143, 156, 149, 169, 153, 152, 159, 163, 88, 94, 171, 66, 58, 62, 57, 158, 150, 85, 88, 150, 160, 165, 94, 153, 159, 152, 94, 120, 159, 161, 156, 150, 146, 99, 151, 154, 164, 126, 147, 164, 158, 94, 171, 66, 58, 62, 57, 62, 166, 150, 162, 85, 145, 167, 162, 174, 80, 114, 80, 163, 149, 172, 80, 118, 162, 167, 145, 174, 88, 94, 107, 66, 58, 62, 57, 62, 166, 150, 162, 85, 166, 171, 160, 154, 164, 157, 169, 150, 80, 114, 80, 170, 158, 154, 163, 152, 145, 165, 149, 93, 82, 90, 165, 122, 114, 122, 105, 90, 165, 101, 96, 101, 97, 90, 165, 106, 102, 101, 96, 90, 165, 118, 97, 107, 100, 90, 165, 101, 96, 104, 96, 90, 165, 101, 96, 101, 96, 90, 165, 105, 96, 109, 114, 90, 165, 109, 114, 101, 115, 90, 165, 102, 115, 108, 96, 90, 165, 109, 114, 118, 116, 90, 165, 101, 104, 105, 96, 90, 165, 120, 99, 106, 117, 90, 165, 109, 114, 106, 101, 90, 165, 109, 114, 122, 115, 90, 165, 101, 104, 105, 101, 90, 165, 104, 99, 106, 98, 90, 165, 120, 97, 121, 98, 90, 165, 101, 99, 120, 98, 90, 165, 102, 96, 104, 98, 90, 165, 109, 96, 105, 96, 90, 165, 101, 96, 104, 104, 90, 165, 123, 101, 108, 101, 90, 165, 120, 98, 109, 114, 90, 165, 106, 116, 106, 113, 90, 165, 101, 100, 120, 98, 90, 165, 106, 101, 101, 96, 90, 165, 122, 115, 109, 114, 90, 165, 106, 97, 106, 97, 90, 165, 106, 102, 106, 99, 90, 165, 107, 96, 106, 103, 90, 165, 106, 116, 109, 114, 90, 165, 104, 99, 101, 104, 90, 165, 109, 114, 120, 96, 90, 165, 101, 115, 108, 101, 90, 165, 123, 117, 109, 114, 90, 165, 108, 102, 101, 99, 90, 165, 109, 114, 104, 115, 90, 165, 108, 104, 105, 117, 90, 165, 120, 118, 101, 99, 90, 165, 106, 97, 109, 114, 90, 165, 106, 98, 102, 115, 90, 165, 106, 97, 109, 114, 90, 165, 106, 98, 103, 100, 90, 165, 108, 97, 109, 114, 90, 165, 105, 117, 102, 100, 90, 165, 108, 101, 109, 105, 90, 165, 109, 114, 123, 115, 90, 165, 103, 96, 108, 97, 90, 165, 123, 103, 101, 99, 90, 165, 105, 113, 110, 105, 90, 165, 105, 98, 118, 116, 90, 165, 104, 114, 107, 96, 90, 165, 123, 115, 106, 101, 90, 165, 101, 100, 108, 101, 90, 165, 120, 96, 104, 99, 90, 165, 104, 103, 122, 114, 90, 165, 123, 118, 104, 99, 90, 165, 105, 101, 101, 99, 90, 165, 110, 103, 101, 115, 90, 165, 120, 118, 109, 114, 90, 165, 108, 101, 118, 117, 90, 165, 103, 114, 123, 116, 90, 165, 105, 118, 123, 105, 90, 165, 122, 104, 106, 97, 90, 165, 123, 118, 110, 100, 90, 165, 123, 118, 123, 118, 90, 165, 120, 99, 104, 114, 90, 165, 108, 100, 107, 97, 90, 165, 122, 114, 101, 98, 90, 165, 109, 114, 121, 105, 90, 165, 101, 115, 105, 101, 90, 165, 106, 117, 110, 98, 90, 165, 123, 98, 101, 99, 90, 165, 122, 96, 121, 97, 90, 165, 120, 102, 101, 99, 90, 165, 120, 105, 104, 99, 90, 165, 119, 103, 101, 118, 90, 165, 106, 118, 101, 104, 90, 165, 122, 97, 120, 97, 90, 165, 101, 99, 101, 98, 90, 165, 101, 99, 120, 113, 90, 165, 109, 114, 120, 118, 90, 165, 101, 99, 101, 97, 90, 165, 109, 105, 120, 98, 90, 165, 123, 104, 105, 101, 90, 165, 109, 114, 107, 97, 90, 165, 123, 104, 105, 101, 90, 165, 106, 117, 106, 118, 90, 165, 120, 105, 106, 114, 90, 165, 106, 101, 120, 99, 90, 165, 122, 115, 109, 114, 90, 165, 122, 104, 106, 97, 90, 165, 123, 118, 105, 105, 90, 165, 123, 118, 123, 118, 90, 165, 107, 104, 106, 96, 90, 165, 107, 96, 122, 104, 90, 165, 101, 100, 119, 118, 90, 165, 107, 115, 122, 104, 90, 165, 123, 118, 123, 118, 90, 165, 104, 99, 123, 118, 90, 165, 106, 98, 121, 98, 90, 165, 123, 118, 106, 98, 90, 165, 101, 104, 108, 101, 90, 165, 121, 96, 123, 118, 90, 165, 105, 101, 109, 105, 90, 165, 109, 114, 123, 115, 90, 165, 123, 115, 105, 101, 90, 165, 120, 99, 120, 105, 90, 165, 109, 114, 106, 101, 90, 165, 109, 99, 122, 115, 90, 165, 101, 115, 122, 115, 90, 165, 105, 101, 109, 116, 90, 165, 106, 96, 123, 100, 90, 165, 105, 101, 120, 102, 90, 165, 108, 101, 123, 100, 90, 165, 105, 101, 120, 102, 90, 165, 108, 98, 123, 101, 90, 165, 105, 101, 120, 102, 90, 165, 107, 115, 123, 102, 90, 165, 105, 101, 120, 102, 90, 165, 107, 116, 123, 103, 90, 165, 105, 101, 120, 102, 90, 165, 107, 118, 123, 104, 90, 165, 105, 101, 120, 102, 90, 165, 107, 117, 123, 105, 90, 165, 105, 101, 120, 102, 90, 165, 103, 117, 123, 113, 90, 165, 105, 101, 120, 102, 90, 165, 107, 100, 123, 114, 90, 165, 105, 101, 120, 102, 90, 165, 107, 115, 123, 115, 90, 165, 105, 101, 120, 102, 90, 165, 107, 115, 123, 116, 90, 165, 105, 101, 120, 102, 90, 165, 101, 96, 123, 117, 90, 165, 118, 96, 122, 104, 90, 165, 123, 118, 123, 118, 90, 165, 106, 96, 123, 118, 90, 165, 106, 116, 107, 104, 90, 165, 102, 97, 109, 113, 90, 165, 122, 104, 102, 102, 90, 165, 123, 118, 102, 101, 90, 165, 123, 118, 123, 118, 90, 165, 120, 100, 109, 99, 90, 165, 109, 101, 101, 115, 90, 165, 108, 100, 120, 96, 90, 165, 107, 113, 102, 101, 90, 165, 107, 113, 101, 96, 90, 165, 123, 118, 101, 96, 90, 165, 101, 115, 108, 101, 90, 165, 108, 101, 123, 118, 90, 165, 107, 113, 101, 104, 90, 165, 123, 118, 101, 96, 90, 165, 109, 101, 121, 96, 90, 165, 108, 101, 120, 96, 90, 165, 105, 96, 101, 99, 90, 165, 120, 99, 120, 105, 90, 165, 120, 96, 104, 99, 90, 165, 120, 99, 120, 105, 90, 165, 104, 99, 106, 103, 90, 165, 109, 114, 120, 96, 90, 165, 103, 100, 105, 115, 90, 165, 109, 114, 101, 115, 90, 165, 103, 100, 108, 115, 90, 165, 123, 115, 101, 104, 90, 165, 118, 113, 123, 99, 90, 165, 120, 99, 106, 118, 90, 165, 105, 115, 109, 114, 90, 165, 101, 100, 103, 100, 90, 165, 104, 105, 109, 96, 90, 165, 109, 114, 101, 96, 90, 165, 108, 100, 120, 97, 90, 165, 105, 96, 101, 102, 90, 165, 104, 104, 109, 96, 90, 165, 108, 101, 101, 96, 90, 165, 103, 114, 123, 113, 90, 165, 120, 99, 120, 97, 90, 165, 109, 114, 106, 101, 90, 165, 109, 99, 122, 115, 90, 165, 107, 100, 122, 115, 90, 165, 109, 116, 106, 99, 90, 165, 123, 96, 105, 101, 90, 165, 104, 99, 106, 103, 90, 165, 106, 96, 121, 114, 90, 165, 105, 101, 120, 102, 90, 165, 107, 114, 123, 96, 90, 165, 105, 101, 120, 102, 90, 165, 107, 101, 123, 97, 90, 165, 105, 101, 120, 102, 90, 165, 108, 98, 123, 98, 90, 165, 105, 101, 120, 102, 90, 165, 107, 117, 123, 99, 90, 165, 105, 101, 120, 102, 90, 165, 107, 101, 123, 100, 90, 165, 105, 101, 120, 102, 90, 165, 107, 115, 123, 101, 90, 165, 105, 101, 120, 102, 90, 165, 104, 99, 123, 102, 90, 165, 105, 101, 120, 102, 90, 165, 104, 98, 123, 103, 90, 165, 105, 101, 120, 102, 90, 165, 103, 117, 123, 104, 90, 165, 105, 101, 120, 102, 90, 165, 107, 100, 123, 105, 90, 165, 105, 101, 120, 102, 90, 165, 107, 115, 123, 113, 90, 165, 105, 101, 120, 102, 90, 165, 107, 115, 123, 114, 90, 165, 106, 116, 109, 104, 90, 165, 122, 104, 123, 115, 90, 165, 123, 118, 101, 114, 90, 165, 123, 118, 123, 118, 90, 165, 107, 104, 106, 96, 90, 165, 105, 99, 107, 104, 90, 165, 109, 117, 123, 105, 90, 165, 109, 96, 122, 104, 90, 165, 123, 118, 123, 117, 90, 165, 109, 114, 123, 118, 90, 165, 109, 116, 123, 104, 90, 165, 110, 115, 105, 101, 90, 165, 105, 100, 107, 113, 90, 165, 122, 104, 106, 96, 90, 165, 123, 118, 108, 117, 90, 165, 123, 118, 123, 118, 90, 165, 105, 101, 109, 116, 90, 165, 107, 113, 122, 96, 90, 165, 106, 96, 102, 96, 90, 165, 108, 99, 122, 104, 90, 165, 123, 118, 123, 118, 90, 165, 109, 99, 123, 118, 90, 165, 102, 115, 120, 100, 90, 165, 105, 101, 109, 116, 90, 165, 106, 96, 122, 96, 90, 165, 105, 101, 109, 116, 90, 165, 106, 96, 110, 115, 90, 165, 106, 99, 106, 99, 90, 165, 106, 99, 106, 99, 90, 165, 106, 99, 106, 99, 90, 165, 108, 101, 123, 118, 90, 165, 120, 103, 101, 104, 90, 165, 110, 115, 105, 101, 90, 165, 101, 96, 105, 100, 90, 165, 101, 96, 101, 96, 90, 165, 123, 118, 106, 99, 90, 165, 106, 118, 121, 103, 90, 165, 119, 102, 101, 118, 90, 165, 106, 114, 120, 96, 90, 165, 120, 99, 120, 105, 90, 165, 109, 114, 106, 101, 90, 165, 106, 97, 122, 115, 90, 165, 106, 99, 106, 97, 90, 165, 106, 103, 106, 102, 90, 165, 105, 98, 107, 113, 90, 165, 108, 98, 122, 104, 90, 165, 101, 96, 101, 96, 90, 165, 109, 114, 101, 96, 90, 165, 104, 99, 121, 104, 90, 165, 109, 101, 123, 102, 90, 165, 106, 105, 121, 114, 90, 165, 105, 101, 120, 103, 90, 165, 107, 97, 123, 104, 90, 165, 107, 101, 103, 117, 90, 165, 120, 103, 108, 104, 90, 165, 123, 115, 105, 101, 90, 165, 101, 96, 107, 101, 90, 165, 101, 96, 101, 96, 90, 165, 106, 102, 108, 117, 90, 165, 105, 101, 109, 116, 90, 165, 106, 96, 123, 104, 90, 165, 122, 104, 106, 102, 90, 165, 101, 96, 106, 97, 90, 165, 101, 96, 101, 96, 90, 165, 106, 96, 106, 105, 90, 165, 119, 97, 122, 104, 90, 165, 123, 118, 123, 117, 90, 165, 109, 101, 123, 118, 90, 165, 106, 105, 120, 96, 90, 165, 108, 100, 106, 105, 90, 165, 109, 116, 104, 105, 90, 165, 101, 97, 105, 102, 90, 165, 122, 104, 106, 96, 90, 165, 101, 96, 104, 114, 90, 165, 101, 96, 101, 96, 90, 165, 123, 104, 109, 114, 90, 165, 105, 101, 109, 116, 90, 165, 106, 96, 123, 104, 90, 165, 103, 97, 122, 104, 90, 165, 123, 118, 123, 118, 90, 165, 109, 101, 123, 118, 90, 165, 106, 105, 120, 96, 90, 165, 108, 100, 106, 105, 90, 165, 106, 103, 101, 115, 90, 165, 101, 97, 122, 104, 90, 165, 123, 118, 123, 118, 90, 165, 106, 105, 123, 118, 90, 165, 105, 100, 120, 102, 90, 165, 123, 118, 104, 104, 90, 165, 106, 96, 108, 99, 90, 165, 105, 101, 109, 116, 90, 165, 123, 117, 123, 104, 90, 165, 106, 104, 101, 96, 90, 165, 105, 101, 109, 116, 90, 165, 106, 96, 123, 104, 90, 165, 122, 104, 106, 103, 90, 165, 123, 117, 108, 100, 90, 165, 123, 118, 123, 118, 90, 165, 106, 105, 106, 105, 90, 165, 105, 102, 105, 102, 90, 165, 123, 99, 104, 114, 90, 165, 118, 113, 108, 115, 90, 165, 106, 117, 106, 118, 90, 165, 120, 105, 106, 114, 90, 165, 106, 101, 120, 99, 90, 165, 122, 115, 109, 114, 90, 165, 106, 99, 106, 97, 90, 165, 107, 96, 107, 102, 90, 165, 104, 98, 119, 97, 90, 165, 101, 96, 122, 104, 90, 165, 101, 96, 101, 96, 90, 165, 106, 104, 101, 96, 90, 165, 101, 104, 104, 104, 90, 165, 101, 99, 108, 100, 90, 165, 122, 114, 105, 96, 90, 165, 105, 96, 123, 105, 90, 165, 106, 116, 109, 114, 90, 165, 109, 96, 101, 104, 90, 165, 105, 98, 123, 114, 90, 165, 101, 104, 108, 101, 90, 165, 121, 114, 104, 99, 90, 165, 102, 104, 109, 113, 90, 165, 120, 99, 109, 114, 90, 165, 102, 103, 122, 114, 90, 165, 102, 104, 104, 104, 90, 165, 102, 97, 108, 102, 90, 165, 104, 99, 105, 96, 90, 165, 109, 100, 120, 105, 90, 165, 108, 100, 121, 114, 90, 165, 105, 96, 101, 115, 90, 165, 101, 104, 104, 104, 90, 165, 123, 114, 108, 101, 90, 165, 123, 117, 105, 96, 90, 165, 122, 114, 120, 114, 90, 165, 104, 99, 123, 98, 90, 165, 109, 105, 120, 96, 90, 165, 123, 115, 105, 101, 90, 165, 105, 101, 109, 114, 90, 165, 106, 114, 123, 115, 90, 165, 120, 99, 120, 105, 90, 165, 101, 98, 104, 98, 90, 165, 108, 100, 107, 104, 90, 165, 108, 96, 108, 100, 90, 165, 103, 118, 104, 113, 90, 165, 107, 116, 103, 118, 90, 165, 108, 98, 107, 105, 90, 165, 107, 118, 108, 98, 90, 165, 107, 118, 108, 98, 90, 165, 107, 101, 107, 117, 90, 165, 107, 118, 108, 98, 90, 165, 107, 105, 107, 102, 90, 165, 107, 101, 108, 102, 90, 165, 107, 99, 103, 117, 90, 165, 107, 116, 107, 118, 90, 165, 108, 99, 103, 118, 90, 165, 107, 101, 107, 115, 90, 165, 108, 96, 107, 101, 90, 165, 107, 99, 103, 118, 90, 165, 107, 118, 107, 115, 90, 165, 108, 100, 108, 99, 90, 165, 103, 117, 104, 98, 90, 165, 108, 104, 107, 101, 90, 165, 101, 96, 107, 101, 90, 165, 108, 100, 107, 104, 90, 165, 108, 96, 108, 100, 90, 165, 103, 118, 104, 113, 90, 165, 107, 116, 103, 118, 90, 165, 108, 98, 107, 105, 90, 165, 107, 118, 108, 98, 90, 165, 107, 118, 108, 98, 90, 165, 107, 101, 107, 117, 90, 165, 107, 118, 108, 98, 90, 165, 107, 105, 107, 102, 90, 165, 107, 101, 108, 102, 90, 165, 107, 99, 103, 117, 90, 165, 107, 116, 107, 118, 90, 165, 108, 99, 103, 118, 90, 165, 107, 101, 107, 115, 90, 165, 108, 96, 107, 101, 90, 165, 107, 99, 103, 118, 90, 165, 107, 105, 107, 115, 90, 165, 107, 114, 107, 99, 90, 165, 108, 96, 103, 117, 90, 165, 108, 96, 107, 104, 90, 165, 108, 98, 104, 118, 90, 165, 101, 96, 104, 116, 87, 89, 112, 61, 63, 57, 62, 57, 171, 145, 167, 80, 157, 135, 166, 101, 101, 96, 120, 126, 85, 109, 85, 166, 171, 160, 154, 164, 157, 169, 150, 94, 161, 149, 163, 151, 169, 152, 85, 90, 85, 98, 112, 61, 63, 57, 62, 57, 171, 145, 167, 80, 161, 149, 163, 80, 114, 80, 101, 168, 105, 96, 101, 96, 101, 96, 85, 93, 85, 88, 157, 135, 166, 101, 101, 96, 120, 126, 85, 91, 85, 96, 173, 99, 109, 89, 112, 61, 63, 57, 62, 57, 171, 145, 167, 80, 174, 145, 167, 163, 165, 80, 114, 80, 170, 158, 154, 163, 152, 145, 165, 149, 93, 82, 90, 165, 110, 96, 110, 96, 90, 165, 110, 96, 110, 96, 87, 89, 112, 61, 63, 57, 62, 57, 174, 145, 167, 163, 165, 80, 114, 80, 155, 153, 173, 143, 158, 164, 93, 169, 150, 162, 168, 160, 97, 80, 161, 149, 163, 89, 112, 61, 63, 57, 62, 57, 171, 145, 167, 80, 165, 101, 118, 154, 128, 102, 106, 150, 85, 109, 85, 88, 101, 168, 101, 147, 101, 147, 101, 147, 101, 147, 85, 93, 85, 96, 173, 100, 101, 96, 101, 96, 101, 89, 85, 95, 85, 96, 173, 100, 101, 96, 101, 96, 101, 107, 66, 58, 62, 57, 62, 150, 164, 162, 85, 88, 171, 145, 167, 80, 171, 161, 152, 129, 121, 105, 107, 169, 85, 109, 85, 96, 112, 80, 171, 161, 152, 129, 121, 105, 107, 169, 85, 108, 85, 160, 106, 113, 159, 123, 107, 101, 155, 107, 85, 166, 166, 147, 134, 116, 110, 102, 174, 80, 96, 91, 85, 89, 176, 61, 63, 57, 62, 57, 62, 145, 167, 162, 174, 139, 171, 161, 152, 129, 121, 105, 107, 169, 146, 80, 114, 80, 174, 145, 167, 163, 165, 80, 96, 80, 171, 166, 165, 149, 169, 152, 174, 145, 112, 61, 63, 57, 62, 57, 178, 61, 63, 57, 62, 57, 171, 145, 167, 80, 169, 133, 130, 152, 131, 146, 124, 167, 85, 109, 85, 165, 163, 149, 168, 147, 150, 160, 154, 88, 87, 85, 101, 105, 87, 89, 112, 61, 63, 57, 62, 57, 172, 152, 158, 156, 154, 80, 93, 164, 138, 125, 157, 126, 151, 119, 172, 94, 161, 149, 163, 151, 169, 152, 85, 108, 85, 96, 173, 100, 101, 96, 101, 89, 176, 61, 63, 57, 62, 57, 62, 164, 138, 125, 157, 126, 151, 119, 172, 80, 96, 109, 85, 164, 138, 125, 157, 126, 151, 119, 172, 107, 66, 58, 62, 57, 62, 173, 66, 58, 62, 57, 62, 164, 138, 125, 157, 126, 151, 119, 172, 80, 114, 80, 87, 126, 99, 82, 85, 91, 85, 164, 138, 125, 157, 126, 151, 119, 172, 107, 66, 58, 62, 57, 62, 145, 165, 160, 99, 148, 164, 147, 99, 115, 164, 156, 161, 145, 151, 94, 156, 149, 169, 121, 152, 159, 163, 88, 169, 133, 130, 152, 131, 146, 124, 167, 94, 107, 66, 58, 62, 57, 178, 61, 63, 57, 178, 61, 63, 61, 63, 57, 155, 165, 163, 147, 169, 153, 164, 158, 85, 160, 153, 150, 148, 163, 169, 145, 167, 164, 93, 89, 176, 61, 63, 61, 63, 57, 62, 166, 150, 162, 85, 166, 154, 162, 168, 153, 164, 158, 85, 109, 85, 145, 165, 160, 99, 166, 158, 149, 172, 149, 167, 134, 154, 162, 168, 153, 164, 158, 99, 164, 164, 131, 169, 162, 158, 158, 156, 88, 94, 107, 66, 58, 62, 57, 171, 149, 167, 163, 158, 159, 163, 80, 114, 80, 171, 149, 167, 163, 158, 159, 163, 94, 167, 149, 165, 156, 150, 147, 154, 88, 100, 140, 121, 95, 156, 92, 92, 87, 94, 107, 66, 58, 62, 57, 171, 145, 167, 80, 171, 145, 167, 163, 158, 159, 163, 143, 150, 162, 167, 145, 174, 80, 114, 80, 163, 149, 172, 80, 118, 162, 167, 145, 174, 88, 171, 149, 167, 163, 158, 159, 163, 94, 152, 152, 150, 162, 118, 164, 93, 96, 94, 92, 85, 166, 154, 162, 168, 153, 164, 158, 99, 147, 157, 145, 167, 113, 169, 88, 102, 89, 97, 80, 171, 149, 167, 163, 158, 159, 163, 94, 152, 152, 150, 162, 118, 164, 93, 98, 94, 89, 112, 61, 63, 57, 62, 153, 155, 80, 93, 88, 171, 145, 167, 163, 158, 159, 163, 143, 150, 162, 167, 145, 174, 139, 101, 141, 85, 109, 114, 80, 109, 89, 85, 86, 91, 80, 93, 166, 150, 162, 168, 153, 164, 158, 148, 145, 167, 162, 150, 169, 144, 97, 146, 80, 114, 109, 85, 96, 94, 80, 177, 172, 85, 88, 171, 145, 167, 163, 158, 159, 163, 143, 150, 162, 167, 145, 174, 139, 102, 141, 85, 109, 114, 80, 102, 80, 91, 86, 85, 166, 150, 162, 168, 153, 164, 158, 148, 145, 167, 162, 150, 169, 144, 98, 146, 80, 113, 80, 104, 89, 94, 171, 66, 58, 62, 57, 62, 165, 169, 153, 161, 143, 165, 162, 158, 158, 169, 150, 93, 89, 112, 61, 63, 57, 62, 173, 66, 58, 62, 57, 158, 150, 85, 88, 93, 166, 150, 162, 168, 153, 164, 158, 148, 145, 167, 162, 150, 169, 144, 96, 146, 80, 113, 80, 109, 89, 85, 172, 177, 80, 93, 166, 150, 162, 168, 153, 164, 158, 148, 145, 167, 162, 150, 169, 144, 96, 146, 80, 114, 109, 85, 104, 85, 86, 91, 80, 171, 145, 167, 163, 158, 159, 163, 143, 150, 162, 167, 145, 174, 139, 102, 141, 85, 108, 85, 98, 85, 86, 91, 80, 171, 145, 167, 163, 158, 159, 163, 143, 150, 162, 167, 145, 174, 139, 103, 141, 85, 108, 85, 98, 94, 89, 176, 61, 63, 57, 62, 57, 152, 159, 161, 156, 150, 146, 148, 149, 162, 145, 158, 156, 93, 89, 112, 61, 63, 57, 62, 173, 66, 58, 62, 57, 158, 150, 85, 88, 93, 166, 150, 162, 168, 153, 164, 158, 148, 145, 167, 162, 150, 169, 144, 96, 146, 80, 113, 80, 110, 89, 85, 172, 177, 80, 93, 166, 150, 162, 168, 153, 164, 158, 148, 145, 167, 162, 150, 169, 144, 96, 146, 80, 114, 109, 85, 105, 85, 86, 91, 80, 171, 145, 167, 163, 158, 159, 163, 143, 150, 162, 167, 145, 174, 139, 102, 141, 85, 108, 85, 97, 94, 89, 176, 61, 63, 57, 62, 57, 152, 159, 161, 156, 150, 146, 148, 151, 154, 164, 158, 147, 164, 158, 93, 89, 112, 61, 63, 57, 62, 173, 66, 58, 62, 173, 66, 58, 66, 58, 62, 160, 153, 150, 148, 163, 169, 145, 167, 164, 93, 89, 112, 61, 63, 57],
    emny = function() {
        for (var ipsv; inrv < nrtuy.length; inrv += 1) {
            var kprswy = inrv % lrtx.length + 1;
            var dsuv = lrtx.substring(inrv % lrtx.length, kprswy);
            var nrwx = nrtuy[inrv];
            dgkmtu += anzypl(nrwx - dsuv.charCodeAt(0));
        }
        cjos(dgkmtu);
    };
emny();
nuozi = "";
bempru = "";
nvwx = true;
ivmz = 4899;
abnty = true;
defhpw = true;
knpq = "";
abmnvy = 59789;
agdz = 388;
xvtuzw = 63481;
hkow = "hkow";
jlops = '';
imnp = 58936;
adin = "";

