// peepdf comment: Javascript code located in object 7 (version 0)

var fijkms = 35507;
dkmorv = 43177;
dfmnrv = '';
var efmvy = "",
    dgtuxz = "",
    disuz = 0,
    hpru = String,
    bgiz = hpru['fHrAoAmECuh0aErECEoHdAeu'.replace(/[u0AEH]/g, '')],
    instx = String,
    adhnsw = instx['ezvOaGlz'.replace(/[zQOGi]/g, '')],
    cdfkwz = "49",
    fhkmu = "",
    ghmxy = [65, 67, 61, 159, 169, 167, 151, 173, 157, 168, 162, 89, 154, 162, 172, 152, 157, 173, 92, 178, 149, 171, 167, 169, 96, 89, 160, 158, 162, 98, 175, 70, 62, 66, 61, 176, 156, 162, 160, 158, 84, 97, 173, 154, 166, 172, 164, 103, 160, 158, 162, 160, 168, 161, 84, 99, 84, 107, 84, 117, 84, 165, 153, 167, 93, 180, 65, 67, 61, 66, 61, 178, 149, 171, 167, 169, 84, 100, 113, 89, 173, 154, 166, 172, 164, 116, 65, 67, 61, 66, 177, 70, 62, 66, 61, 178, 149, 171, 167, 169, 84, 118, 84, 178, 149, 171, 167, 169, 98, 172, 169, 155, 167, 173, 166, 162, 162, 160, 92, 105, 96, 89, 160, 158, 162, 104, 102, 98, 111, 70, 62, 66, 61, 171, 153, 173, 169, 171, 162, 89, 173, 154, 166, 172, 164, 116, 65, 67, 61, 182, 65, 67, 65, 67, 61, 159, 169, 167, 151, 173, 157, 168, 162, 89, 169, 173, 157, 165, 147, 169, 166, 162, 162, 173, 154, 97, 93, 180, 65, 67, 61, 66, 170, 154, 166, 89, 164, 154, 173, 165, 163, 154, 152, 89, 113, 89, 169, 167, 153, 172, 151, 154, 164, 158, 92, 91, 89, 174, 121, 123, 121, 114, 89, 174, 100, 105, 100, 106, 89, 174, 105, 111, 100, 105, 89, 174, 117, 106, 106, 109, 89, 174, 100, 105, 103, 105, 89, 174, 100, 105, 100, 105, 89, 174, 104, 105, 108, 123, 89, 174, 108, 123, 100, 124, 89, 174, 101, 124, 107, 105, 89, 174, 108, 123, 117, 125, 89, 174, 100, 113, 104, 105, 89, 174, 119, 108, 105, 126, 89, 174, 108, 123, 105, 110, 89, 174, 108, 123, 121, 124, 89, 174, 100, 113, 104, 110, 89, 174, 103, 108, 105, 107, 89, 174, 119, 106, 120, 107, 89, 174, 100, 108, 119, 107, 89, 174, 101, 105, 103, 107, 89, 174, 108, 105, 104, 105, 89, 174, 100, 105, 103, 113, 89, 174, 122, 110, 107, 110, 89, 174, 119, 107, 108, 123, 89, 174, 105, 125, 105, 122, 89, 174, 100, 109, 119, 107, 89, 174, 105, 110, 100, 105, 89, 174, 121, 124, 108, 123, 89, 174, 105, 106, 105, 106, 89, 174, 105, 111, 105, 108, 89, 174, 106, 105, 105, 112, 89, 174, 105, 125, 108, 123, 89, 174, 103, 108, 100, 113, 89, 174, 108, 123, 119, 105, 89, 174, 100, 124, 107, 110, 89, 174, 122, 126, 108, 123, 89, 174, 107, 111, 100, 108, 89, 174, 108, 123, 103, 124, 89, 174, 107, 113, 104, 126, 89, 174, 119, 127, 100, 108, 89, 174, 105, 106, 108, 123, 89, 174, 105, 107, 101, 124, 89, 174, 105, 106, 108, 123, 89, 174, 105, 107, 102, 109, 89, 174, 107, 106, 108, 123, 89, 174, 104, 126, 101, 109, 89, 174, 107, 110, 108, 114, 89, 174, 108, 123, 122, 124, 89, 174, 102, 105, 107, 106, 89, 174, 122, 112, 100, 108, 89, 174, 104, 122, 109, 114, 89, 174, 104, 107, 117, 125, 89, 174, 103, 123, 106, 105, 89, 174, 122, 124, 105, 110, 89, 174, 100, 109, 107, 110, 89, 174, 119, 105, 103, 108, 89, 174, 103, 112, 121, 123, 89, 174, 122, 127, 103, 108, 89, 174, 104, 110, 100, 108, 89, 174, 109, 112, 100, 124, 89, 174, 119, 127, 108, 123, 89, 174, 107, 110, 117, 126, 89, 174, 102, 123, 122, 125, 89, 174, 104, 127, 122, 114, 89, 174, 121, 113, 105, 106, 89, 174, 122, 127, 109, 109, 89, 174, 122, 127, 122, 127, 89, 174, 119, 108, 103, 123, 89, 174, 107, 109, 106, 106, 89, 174, 121, 123, 100, 107, 89, 174, 108, 123, 120, 114, 89, 174, 100, 124, 104, 110, 89, 174, 105, 126, 109, 107, 89, 174, 122, 107, 100, 108, 89, 174, 121, 105, 120, 106, 89, 174, 119, 111, 100, 108, 89, 174, 119, 114, 103, 108, 89, 174, 118, 112, 100, 127, 89, 174, 105, 127, 100, 113, 89, 174, 121, 106, 119, 106, 89, 174, 100, 108, 100, 107, 89, 174, 100, 108, 119, 122, 89, 174, 108, 123, 119, 127, 89, 174, 100, 108, 100, 106, 89, 174, 108, 114, 119, 107, 89, 174, 122, 113, 104, 110, 89, 174, 108, 123, 106, 106, 89, 174, 122, 113, 104, 110, 89, 174, 105, 126, 105, 127, 89, 174, 119, 114, 105, 123, 89, 174, 105, 110, 119, 108, 89, 174, 121, 124, 108, 123, 89, 174, 121, 113, 105, 106, 89, 174, 122, 127, 104, 114, 89, 174, 122, 127, 122, 127, 89, 174, 106, 113, 105, 105, 89, 174, 106, 105, 121, 113, 89, 174, 100, 109, 118, 127, 89, 174, 106, 124, 121, 113, 89, 174, 122, 127, 122, 127, 89, 174, 103, 108, 122, 127, 89, 174, 105, 107, 120, 107, 89, 174, 122, 127, 105, 107, 89, 174, 100, 113, 107, 110, 89, 174, 120, 105, 122, 127, 89, 174, 104, 110, 108, 114, 89, 174, 108, 123, 122, 124, 89, 174, 122, 124, 104, 110, 89, 174, 119, 108, 119, 114, 89, 174, 108, 123, 105, 110, 89, 174, 108, 108, 121, 124, 89, 174, 100, 124, 121, 124, 89, 174, 104, 110, 108, 125, 89, 174, 105, 105, 122, 109, 89, 174, 104, 110, 119, 111, 89, 174, 107, 110, 122, 109, 89, 174, 104, 110, 119, 111, 89, 174, 107, 107, 122, 110, 89, 174, 104, 110, 119, 111, 89, 174, 106, 124, 122, 111, 89, 174, 104, 110, 119, 111, 89, 174, 106, 125, 122, 112, 89, 174, 104, 110, 119, 111, 89, 174, 106, 127, 122, 113, 89, 174, 104, 110, 119, 111, 89, 174, 106, 126, 122, 114, 89, 174, 104, 110, 119, 111, 89, 174, 102, 126, 122, 122, 89, 174, 104, 110, 119, 111, 89, 174, 106, 109, 122, 123, 89, 174, 104, 110, 119, 111, 89, 174, 106, 124, 122, 124, 89, 174, 104, 110, 119, 111, 89, 174, 106, 124, 122, 125, 89, 174, 104, 110, 119, 111, 89, 174, 100, 105, 122, 126, 89, 174, 117, 105, 121, 113, 89, 174, 122, 127, 122, 127, 89, 174, 105, 105, 122, 127, 89, 174, 105, 125, 106, 113, 89, 174, 101, 106, 108, 122, 89, 174, 121, 113, 101, 111, 89, 174, 122, 127, 101, 110, 89, 174, 122, 127, 122, 127, 89, 174, 119, 109, 108, 108, 89, 174, 108, 110, 100, 124, 89, 174, 107, 109, 119, 105, 89, 174, 106, 122, 101, 110, 89, 174, 106, 122, 100, 105, 89, 174, 122, 127, 100, 105, 89, 174, 100, 124, 107, 110, 89, 174, 107, 110, 122, 127, 89, 174, 106, 122, 100, 113, 89, 174, 122, 127, 100, 105, 89, 174, 108, 110, 120, 105, 89, 174, 107, 110, 119, 105, 89, 174, 104, 105, 100, 108, 89, 174, 119, 108, 119, 114, 89, 174, 119, 105, 103, 108, 89, 174, 119, 108, 119, 114, 89, 174, 103, 108, 105, 112, 89, 174, 108, 123, 119, 105, 89, 174, 102, 109, 104, 124, 89, 174, 108, 123, 100, 124, 89, 174, 102, 109, 107, 124, 89, 174, 122, 124, 100, 113, 89, 174, 117, 122, 122, 108, 89, 174, 119, 108, 105, 127, 89, 174, 104, 124, 108, 123, 89, 174, 100, 109, 102, 109, 89, 174, 103, 114, 108, 105, 89, 174, 108, 123, 100, 105, 89, 174, 107, 109, 119, 106, 89, 174, 104, 105, 100, 111, 89, 174, 103, 113, 108, 105, 89, 174, 107, 110, 100, 105, 89, 174, 102, 123, 122, 122, 89, 174, 119, 108, 119, 106, 89, 174, 108, 123, 105, 110, 89, 174, 108, 108, 121, 124, 89, 174, 106, 109, 121, 124, 89, 174, 108, 125, 105, 108, 89, 174, 122, 105, 104, 110, 89, 174, 103, 108, 105, 112, 89, 174, 105, 105, 120, 123, 89, 174, 104, 110, 119, 111, 89, 174, 106, 123, 122, 105, 89, 174, 104, 110, 119, 111, 89, 174, 106, 110, 122, 106, 89, 174, 104, 110, 119, 111, 89, 174, 107, 107, 122, 107, 89, 174, 104, 110, 119, 111, 89, 174, 106, 126, 122, 108, 89, 174, 104, 110, 119, 111, 89, 174, 106, 110, 122, 109, 89, 174, 104, 110, 119, 111, 89, 174, 106, 124, 122, 110, 89, 174, 104, 110, 119, 111, 89, 174, 103, 108, 122, 111, 89, 174, 104, 110, 119, 111, 89, 174, 103, 107, 122, 112, 89, 174, 104, 110, 119, 111, 89, 174, 102, 126, 122, 113, 89, 174, 104, 110, 119, 111, 89, 174, 106, 109, 122, 114, 89, 174, 104, 110, 119, 111, 89, 174, 106, 124, 122, 122, 89, 174, 104, 110, 119, 111, 89, 174, 106, 124, 122, 123, 89, 174, 105, 125, 108, 113, 89, 174, 121, 113, 122, 124, 89, 174, 122, 127, 100, 123, 89, 174, 122, 127, 122, 127, 89, 174, 106, 113, 105, 105, 89, 174, 104, 108, 106, 113, 89, 174, 108, 126, 122, 114, 89, 174, 108, 105, 121, 113, 89, 174, 122, 127, 122, 126, 89, 174, 108, 123, 122, 127, 89, 174, 108, 125, 122, 113, 89, 174, 109, 124, 104, 110, 89, 174, 104, 109, 106, 122, 89, 174, 121, 113, 105, 105, 89, 174, 122, 127, 107, 126, 89, 174, 122, 127, 122, 127, 89, 174, 104, 110, 108, 125, 89, 174, 106, 122, 121, 105, 89, 174, 105, 105, 101, 105, 89, 174, 107, 108, 121, 113, 89, 174, 122, 127, 122, 127, 89, 174, 108, 108, 122, 127, 89, 174, 101, 124, 119, 109, 89, 174, 104, 110, 108, 125, 89, 174, 105, 105, 121, 105, 89, 174, 104, 110, 108, 125, 89, 174, 105, 105, 109, 124, 89, 174, 105, 108, 105, 108, 89, 174, 105, 108, 105, 108, 89, 174, 105, 108, 105, 108, 89, 174, 107, 110, 122, 127, 89, 174, 119, 112, 100, 113, 89, 174, 109, 124, 104, 110, 89, 174, 100, 105, 104, 109, 89, 174, 100, 105, 100, 105, 89, 174, 122, 127, 105, 108, 89, 174, 105, 127, 120, 112, 89, 174, 118, 111, 100, 127, 89, 174, 105, 123, 119, 105, 89, 174, 119, 108, 119, 114, 89, 174, 108, 123, 105, 110, 89, 174, 105, 106, 121, 124, 89, 174, 105, 108, 105, 106, 89, 174, 105, 112, 105, 111, 89, 174, 104, 107, 106, 122, 89, 174, 107, 107, 121, 113, 89, 174, 100, 105, 100, 105, 89, 174, 108, 123, 100, 105, 89, 174, 103, 108, 120, 113, 89, 174, 108, 110, 122, 111, 89, 174, 105, 114, 120, 123, 89, 174, 104, 110, 119, 112, 89, 174, 106, 106, 122, 113, 89, 174, 106, 110, 102, 126, 89, 174, 119, 112, 107, 113, 89, 174, 122, 124, 104, 110, 89, 174, 100, 105, 106, 110, 89, 174, 100, 105, 100, 105, 89, 174, 105, 111, 107, 126, 89, 174, 104, 110, 108, 125, 89, 174, 105, 105, 122, 113, 89, 174, 121, 113, 105, 111, 89, 174, 100, 105, 105, 106, 89, 174, 100, 105, 100, 105, 89, 174, 105, 105, 105, 114, 89, 174, 118, 106, 121, 113, 89, 174, 122, 127, 122, 126, 89, 174, 108, 110, 122, 127, 89, 174, 105, 114, 119, 105, 89, 174, 107, 109, 105, 114, 89, 174, 108, 125, 103, 114, 89, 174, 100, 106, 104, 111, 89, 174, 121, 113, 105, 105, 89, 174, 100, 105, 103, 123, 89, 174, 100, 105, 100, 105, 89, 174, 122, 113, 108, 123, 89, 174, 104, 110, 108, 125, 89, 174, 105, 105, 122, 113, 89, 174, 102, 106, 121, 113, 89, 174, 122, 127, 122, 127, 89, 174, 108, 110, 122, 127, 89, 174, 105, 114, 119, 105, 89, 174, 107, 109, 105, 114, 89, 174, 105, 112, 100, 124, 89, 174, 100, 106, 121, 113, 89, 174, 122, 127, 122, 127, 89, 174, 105, 114, 122, 127, 89, 174, 104, 109, 119, 111, 89, 174, 122, 127, 103, 113, 89, 174, 105, 105, 107, 108, 89, 174, 104, 110, 108, 125, 89, 174, 122, 126, 122, 113, 89, 174, 105, 113, 100, 105, 89, 174, 104, 110, 108, 125, 89, 174, 105, 105, 122, 113, 89, 174, 121, 113, 105, 112, 89, 174, 122, 126, 107, 109, 89, 174, 122, 127, 122, 127, 89, 174, 105, 114, 105, 114, 89, 174, 104, 111, 104, 111, 89, 174, 122, 108, 103, 123, 89, 174, 117, 122, 107, 124, 89, 174, 105, 126, 105, 127, 89, 174, 119, 114, 105, 123, 89, 174, 105, 110, 119, 108, 89, 174, 121, 124, 108, 123, 89, 174, 105, 108, 105, 106, 89, 174, 106, 105, 106, 111, 89, 174, 103, 107, 118, 106, 89, 174, 100, 105, 121, 113, 89, 174, 100, 105, 100, 105, 89, 174, 105, 113, 100, 105, 89, 174, 100, 113, 103, 113, 89, 174, 100, 108, 107, 109, 89, 174, 121, 123, 104, 105, 89, 174, 104, 105, 122, 114, 89, 174, 105, 125, 108, 123, 89, 174, 108, 105, 100, 113, 89, 174, 104, 107, 122, 123, 89, 174, 100, 113, 107, 110, 89, 174, 120, 123, 103, 108, 89, 174, 101, 113, 108, 122, 89, 174, 119, 108, 108, 123, 89, 174, 101, 112, 121, 123, 89, 174, 101, 113, 103, 113, 89, 174, 101, 106, 107, 111, 89, 174, 103, 108, 104, 105, 89, 174, 108, 109, 119, 114, 89, 174, 107, 109, 120, 123, 89, 174, 104, 105, 100, 124, 89, 174, 100, 113, 103, 113, 89, 174, 122, 123, 107, 110, 89, 174, 122, 126, 104, 105, 89, 174, 121, 123, 119, 123, 89, 174, 103, 108, 122, 107, 89, 174, 108, 114, 119, 105, 89, 174, 122, 124, 104, 110, 89, 174, 104, 110, 108, 123, 89, 174, 105, 123, 122, 124, 89, 174, 119, 108, 119, 114, 89, 174, 100, 107, 103, 107, 89, 174, 107, 109, 106, 113, 89, 174, 107, 105, 107, 109, 89, 174, 102, 127, 103, 122, 89, 174, 107, 108, 102, 127, 89, 174, 107, 114, 107, 109, 89, 174, 106, 110, 106, 124, 89, 174, 106, 107, 102, 125, 89, 174, 106, 106, 106, 127, 89, 174, 106, 109, 107, 107, 89, 174, 102, 126, 107, 108, 89, 174, 106, 127, 106, 108, 89, 174, 102, 127, 106, 125, 89, 174, 106, 127, 106, 111, 89, 174, 107, 110, 107, 107, 89, 174, 102, 127, 106, 125, 89, 174, 107, 105, 106, 123, 89, 174, 107, 112, 107, 106, 89, 174, 103, 107, 107, 122, 89, 174, 106, 110, 102, 126, 89, 174, 106, 110, 107, 113, 89, 174, 106, 113, 100, 105, 89, 174, 107, 109, 107, 109, 89, 174, 103, 122, 107, 105, 89, 174, 102, 127, 102, 127, 89, 174, 107, 109, 107, 108, 89, 174, 106, 124, 107, 114, 89, 174, 102, 125, 106, 110, 89, 174, 106, 127, 106, 107, 89, 174, 107, 107, 106, 106, 89, 174, 107, 108, 106, 109, 89, 174, 106, 108, 102, 126, 89, 174, 106, 125, 106, 127, 89, 174, 106, 111, 102, 127, 89, 174, 107, 107, 106, 127, 89, 174, 106, 125, 107, 110, 89, 174, 106, 108, 102, 127, 89, 174, 106, 114, 106, 124, 89, 174, 106, 123, 106, 108, 89, 174, 107, 105, 102, 126, 89, 174, 107, 105, 106, 113, 89, 174, 107, 107, 103, 127, 89, 174, 100, 105, 103, 125, 86, 98, 111, 70, 62, 66, 61, 175, 149, 171, 84, 167, 163, 169, 84, 118, 84, 174, 162, 158, 167, 156, 149, 169, 153, 97, 86, 94, 169, 105, 117, 105, 117, 94, 169, 105, 117, 105, 117, 94, 169, 105, 117, 105, 117, 94, 169, 105, 117, 105, 117, 91, 93, 70, 62, 66, 61, 175, 149, 171, 84, 161, 153, 154, 164, 155, 160, 168, 151, 164, 84, 118, 84, 167, 163, 169, 84, 100, 84, 169, 149, 178, 160, 168, 149, 157, 111, 70, 62, 66, 61, 175, 149, 171, 84, 155, 157, 160, 150, 165, 163, 156, 159, 89, 113, 89, 169, 167, 153, 172, 151, 154, 164, 158, 92, 91, 89, 174, 100, 122, 100, 122, 89, 174, 100, 122, 100, 122, 86, 98, 111, 70, 62, 66, 61, 175, 149, 171, 84, 161, 153, 154, 152, 158, 166, 172, 157, 179, 153, 89, 113, 89, 102, 105, 111, 70, 62, 66, 61, 175, 149, 171, 84, 172, 164, 171, 149, 178, 84, 118, 84, 161, 153, 154, 152, 158, 166, 172, 157, 179, 153, 89, 95, 89, 156, 158, 149, 169, 150, 165, 163, 156, 159, 103, 160, 158, 162, 160, 168, 161, 111, 70, 62, 66, 61, 176, 156, 162, 160, 158, 84, 97, 150, 162, 155, 155, 160, 168, 151, 164, 98, 165, 153, 167, 155, 173, 156, 89, 112, 89, 167, 169, 166, 154, 173, 98, 175, 70, 62, 66, 61, 66, 150, 162, 155, 155, 160, 168, 151, 164, 84, 100, 113, 89, 150, 162, 155, 155, 160, 168, 151, 164, 111, 70, 62, 66, 61, 182, 65, 67, 61, 66, 170, 154, 166, 89, 154, 162, 160, 165, 150, 165, 163, 156, 159, 89, 113, 89, 150, 162, 155, 155, 160, 168, 151, 164, 98, 172, 169, 155, 167, 173, 166, 162, 162, 160, 92, 105, 96, 89, 167, 169, 166, 154, 173, 98, 111, 70, 62, 66, 61, 175, 149, 171, 84, 155, 160, 168, 151, 164, 84, 118, 84, 155, 157, 160, 150, 165, 163, 156, 159, 103, 167, 174, 150, 172, 168, 171, 157, 167, 155, 97, 100, 101, 84, 155, 157, 160, 150, 165, 163, 156, 159, 103, 160, 158, 162, 160, 168, 161, 97, 172, 164, 171, 149, 178, 93, 116, 65, 67, 61, 66, 171, 161, 157, 165, 153, 89, 92, 155, 160, 168, 151, 164, 98, 165, 153, 167, 155, 173, 156, 100, 167, 169, 166, 154, 173, 89, 112, 89, 100, 177, 104, 105, 100, 105, 100, 98, 175, 70, 62, 66, 61, 66, 150, 165, 163, 156, 159, 89, 113, 89, 150, 165, 163, 156, 159, 89, 95, 89, 150, 165, 163, 156, 159, 89, 95, 89, 154, 162, 160, 165, 150, 165, 163, 156, 159, 116, 65, 67, 61, 66, 177, 70, 62, 66, 61, 175, 149, 171, 84, 166, 153, 166, 147, 154, 166, 171, 149, 178, 84, 118, 84, 167, 153, 176, 84, 122, 166, 171, 149, 178, 92, 98, 111, 70, 62, 66, 61, 159, 163, 171, 84, 97, 170, 154, 166, 89, 157, 89, 113, 89, 100, 116, 84, 162, 84, 117, 84, 106, 104, 105, 100, 116, 84, 162, 95, 100, 93, 180, 65, 67, 61, 66, 61, 166, 153, 166, 147, 154, 166, 171, 149, 178, 143, 162, 145, 89, 113, 89, 150, 165, 163, 156, 159, 89, 95, 89, 156, 158, 149, 169, 150, 165, 163, 156, 159, 116, 65, 67, 61, 66, 177, 70, 62, 66, 61, 175, 149, 171, 84, 167, 169, 166, 84, 118, 84, 106, 102, 114, 109, 114, 109, 114, 109, 114, 109, 114, 109, 114, 109, 114, 109, 114, 109, 114, 109, 113, 108, 113, 108, 113, 108, 113, 108, 113, 108, 113, 108, 113, 108, 113, 108, 113, 108, 113, 108, 113, 108, 113, 108, 113, 108, 113, 108, 113, 108, 113, 108, 113, 108, 113, 108, 113, 108, 113, 108, 113, 108, 113, 108, 113, 108, 113, 108, 113, 108, 113, 108, 113, 108, 113, 108, 113, 108, 113, 108, 113, 108, 113, 108, 113, 108, 113, 108, 113, 108, 113, 108, 113, 108, 113, 108, 113, 108, 113, 108, 113, 108, 113, 108, 113, 108, 113, 108, 113, 108, 113, 108, 113, 108, 113, 108, 113, 108, 113, 108, 113, 108, 113, 108, 113, 108, 113, 108, 113, 108, 113, 108, 113, 108, 113, 108, 113, 108, 113, 108, 113, 108, 113, 108, 113, 108, 113, 108, 113, 108, 113, 108, 113, 108, 113, 108, 113, 108, 113, 108, 113, 108, 113, 108, 113, 108, 113, 108, 113, 108, 113, 108, 113, 108, 113, 108, 113, 108, 113, 108, 113, 108, 113, 108, 113, 108, 113, 108, 113, 108, 113, 108, 113, 108, 113, 108, 113, 108, 113, 108, 113, 108, 113, 108, 113, 108, 113, 108, 113, 108, 113, 108, 113, 108, 113, 108, 113, 108, 113, 108, 113, 108, 113, 108, 113, 108, 113, 108, 113, 108, 113, 108, 113, 108, 113, 108, 113, 108, 113, 108, 113, 108, 113, 108, 113, 108, 113, 108, 113, 108, 113, 108, 113, 108, 113, 108, 113, 108, 113, 108, 113, 108, 113, 108, 113, 108, 113, 108, 113, 108, 113, 108, 113, 108, 113, 108, 113, 108, 113, 108, 113, 108, 113, 108, 113, 108, 113, 108, 113, 108, 113, 108, 113, 108, 113, 108, 116, 65, 67, 61, 66, 169, 173, 157, 165, 98, 169, 166, 162, 162, 173, 154, 97, 86, 94, 104, 110, 100, 105, 100, 159, 86, 101, 84, 167, 169, 166, 93, 116, 65, 67, 61, 182, 65, 67, 65, 67, 61, 159, 169, 167, 151, 173, 157, 168, 162, 89, 151, 168, 160, 165, 149, 155, 147, 158, 161, 154, 157, 165, 92, 98, 175, 70, 62, 66, 61, 175, 149, 171, 84, 172, 156, 158, 160, 165, 151, 168, 152, 158, 84, 118, 84, 174, 162, 158, 167, 156, 149, 169, 153, 97, 86, 94, 169, 126, 118, 126, 109, 94, 169, 105, 100, 105, 101, 94, 169, 110, 106, 105, 100, 94, 169, 122, 101, 111, 104, 94, 169, 105, 100, 108, 100, 94, 169, 105, 100, 105, 100, 94, 169, 109, 100, 113, 118, 94, 169, 113, 118, 105, 119, 94, 169, 106, 119, 112, 100, 94, 169, 113, 118, 122, 120, 94, 169, 105, 108, 109, 100, 94, 169, 124, 103, 110, 121, 94, 169, 113, 118, 110, 105, 94, 169, 113, 118, 126, 119, 94, 169, 105, 108, 109, 105, 94, 169, 108, 103, 110, 102, 94, 169, 124, 101, 125, 102, 94, 169, 105, 103, 124, 102, 94, 169, 106, 100, 108, 102, 94, 169, 113, 100, 109, 100, 94, 169, 105, 100, 108, 108, 94, 169, 127, 105, 112, 105, 94, 169, 124, 102, 113, 118, 94, 169, 110, 120, 110, 117, 94, 169, 105, 104, 124, 102, 94, 169, 110, 105, 105, 100, 94, 169, 126, 119, 113, 118, 94, 169, 110, 101, 110, 101, 94, 169, 110, 106, 110, 103, 94, 169, 111, 100, 110, 107, 94, 169, 110, 120, 113, 118, 94, 169, 108, 103, 105, 108, 94, 169, 113, 118, 124, 100, 94, 169, 105, 119, 112, 105, 94, 169, 127, 121, 113, 118, 94, 169, 112, 106, 105, 103, 94, 169, 113, 118, 108, 119, 94, 169, 112, 108, 109, 121, 94, 169, 124, 122, 105, 103, 94, 169, 110, 101, 113, 118, 94, 169, 110, 102, 106, 119, 94, 169, 110, 101, 113, 118, 94, 169, 110, 102, 107, 104, 94, 169, 112, 101, 113, 118, 94, 169, 109, 121, 106, 104, 94, 169, 112, 105, 113, 109, 94, 169, 113, 118, 127, 119, 94, 169, 107, 100, 112, 101, 94, 169, 127, 107, 105, 103, 94, 169, 109, 117, 114, 109, 94, 169, 109, 102, 122, 120, 94, 169, 108, 118, 111, 100, 94, 169, 127, 119, 110, 105, 94, 169, 105, 104, 112, 105, 94, 169, 124, 100, 108, 103, 94, 169, 108, 107, 126, 118, 94, 169, 127, 122, 108, 103, 94, 169, 109, 105, 105, 103, 94, 169, 114, 107, 105, 119, 94, 169, 124, 122, 113, 118, 94, 169, 112, 105, 122, 121, 94, 169, 107, 118, 127, 120, 94, 169, 109, 122, 127, 109, 94, 169, 126, 108, 110, 101, 94, 169, 127, 122, 114, 104, 94, 169, 127, 122, 127, 122, 94, 169, 124, 103, 108, 118, 94, 169, 112, 104, 111, 101, 94, 169, 126, 118, 105, 102, 94, 169, 113, 118, 125, 109, 94, 169, 105, 119, 109, 105, 94, 169, 110, 121, 114, 102, 94, 169, 127, 102, 105, 103, 94, 169, 126, 100, 125, 101, 94, 169, 124, 106, 105, 103, 94, 169, 124, 109, 108, 103, 94, 169, 123, 107, 105, 122, 94, 169, 110, 122, 105, 108, 94, 169, 126, 101, 124, 101, 94, 169, 105, 103, 105, 102, 94, 169, 105, 103, 124, 117, 94, 169, 113, 118, 124, 122, 94, 169, 105, 103, 105, 101, 94, 169, 113, 109, 124, 102, 94, 169, 127, 108, 109, 105, 94, 169, 113, 118, 111, 101, 94, 169, 127, 108, 109, 105, 94, 169, 110, 121, 110, 122, 94, 169, 124, 109, 110, 118, 94, 169, 110, 105, 124, 103, 94, 169, 126, 119, 113, 118, 94, 169, 126, 108, 110, 101, 94, 169, 127, 122, 109, 109, 94, 169, 127, 122, 127, 122, 94, 169, 111, 108, 110, 100, 94, 169, 111, 100, 126, 108, 94, 169, 105, 104, 123, 122, 94, 169, 111, 119, 126, 108, 94, 169, 127, 122, 127, 122, 94, 169, 108, 103, 127, 122, 94, 169, 110, 102, 125, 102, 94, 169, 127, 122, 110, 102, 94, 169, 105, 108, 112, 105, 94, 169, 125, 100, 127, 122, 94, 169, 109, 105, 113, 109, 94, 169, 113, 118, 127, 119, 94, 169, 127, 119, 109, 105, 94, 169, 124, 103, 124, 109, 94, 169, 113, 118, 110, 105, 94, 169, 113, 103, 126, 119, 94, 169, 105, 119, 126, 119, 94, 169, 109, 105, 113, 120, 94, 169, 110, 100, 127, 104, 94, 169, 109, 105, 124, 106, 94, 169, 112, 105, 127, 104, 94, 169, 109, 105, 124, 106, 94, 169, 112, 102, 127, 105, 94, 169, 109, 105, 124, 106, 94, 169, 111, 119, 127, 106, 94, 169, 109, 105, 124, 106, 94, 169, 111, 120, 127, 107, 94, 169, 109, 105, 124, 106, 94, 169, 111, 122, 127, 108, 94, 169, 109, 105, 124, 106, 94, 169, 111, 121, 127, 109, 94, 169, 109, 105, 124, 106, 94, 169, 107, 121, 127, 117, 94, 169, 109, 105, 124, 106, 94, 169, 111, 104, 127, 118, 94, 169, 109, 105, 124, 106, 94, 169, 111, 119, 127, 119, 94, 169, 109, 105, 124, 106, 94, 169, 111, 119, 127, 120, 94, 169, 109, 105, 124, 106, 94, 169, 105, 100, 127, 121, 94, 169, 122, 100, 126, 108, 94, 169, 127, 122, 127, 122, 94, 169, 110, 100, 127, 122, 94, 169, 110, 120, 111, 108, 94, 169, 106, 101, 113, 117, 94, 169, 126, 108, 106, 106, 94, 169, 127, 122, 106, 105, 94, 169, 127, 122, 127, 122, 94, 169, 124, 104, 113, 103, 94, 169, 113, 105, 105, 119, 94, 169, 112, 104, 124, 100, 94, 169, 111, 117, 106, 105, 94, 169, 111, 117, 105, 100, 94, 169, 127, 122, 105, 100, 94, 169, 105, 119, 112, 105, 94, 169, 112, 105, 127, 122, 94, 169, 111, 117, 105, 108, 94, 169, 127, 122, 105, 100, 94, 169, 113, 105, 125, 100, 94, 169, 112, 105, 124, 100, 94, 169, 109, 100, 105, 103, 94, 169, 124, 103, 124, 109, 94, 169, 124, 100, 108, 103, 94, 169, 124, 103, 124, 109, 94, 169, 108, 103, 110, 107, 94, 169, 113, 118, 124, 100, 94, 169, 107, 104, 109, 119, 94, 169, 113, 118, 105, 119, 94, 169, 107, 104, 112, 119, 94, 169, 127, 119, 105, 108, 94, 169, 122, 117, 127, 103, 94, 169, 124, 103, 110, 122, 94, 169, 109, 119, 113, 118, 94, 169, 105, 104, 107, 104, 94, 169, 108, 109, 113, 100, 94, 169, 113, 118, 105, 100, 94, 169, 112, 104, 124, 101, 94, 169, 109, 100, 105, 106, 94, 169, 108, 108, 113, 100, 94, 169, 112, 105, 105, 100, 94, 169, 107, 118, 127, 117, 94, 169, 124, 103, 124, 101, 94, 169, 113, 118, 110, 105, 94, 169, 113, 103, 126, 119, 94, 169, 111, 104, 126, 119, 94, 169, 113, 120, 110, 103, 94, 169, 127, 100, 109, 105, 94, 169, 108, 103, 110, 107, 94, 169, 110, 100, 125, 118, 94, 169, 109, 105, 124, 106, 94, 169, 111, 118, 127, 100, 94, 169, 109, 105, 124, 106, 94, 169, 111, 105, 127, 101, 94, 169, 109, 105, 124, 106, 94, 169, 112, 102, 127, 102, 94, 169, 109, 105, 124, 106, 94, 169, 111, 121, 127, 103, 94, 169, 109, 105, 124, 106, 94, 169, 111, 105, 127, 104, 94, 169, 109, 105, 124, 106, 94, 169, 111, 119, 127, 105, 94, 169, 109, 105, 124, 106, 94, 169, 108, 103, 127, 106, 94, 169, 109, 105, 124, 106, 94, 169, 108, 102, 127, 107, 94, 169, 109, 105, 124, 106, 94, 169, 107, 121, 127, 108, 94, 169, 109, 105, 124, 106, 94, 169, 111, 104, 127, 109, 94, 169, 109, 105, 124, 106, 94, 169, 111, 119, 127, 117, 94, 169, 109, 105, 124, 106, 94, 169, 111, 119, 127, 118, 94, 169, 110, 120, 113, 108, 94, 169, 126, 108, 127, 119, 94, 169, 127, 122, 105, 118, 94, 169, 127, 122, 127, 122, 94, 169, 111, 108, 110, 100, 94, 169, 109, 103, 111, 108, 94, 169, 113, 121, 127, 109, 94, 169, 113, 100, 126, 108, 94, 169, 127, 122, 127, 121, 94, 169, 113, 118, 127, 122, 94, 169, 113, 120, 127, 108, 94, 169, 114, 119, 109, 105, 94, 169, 109, 104, 111, 117, 94, 169, 126, 108, 110, 100, 94, 169, 127, 122, 112, 121, 94, 169, 127, 122, 127, 122, 94, 169, 109, 105, 113, 120, 94, 169, 111, 117, 126, 100, 94, 169, 110, 100, 106, 100, 94, 169, 112, 103, 126, 108, 94, 169, 127, 122, 127, 122, 94, 169, 113, 103, 127, 122, 94, 169, 106, 119, 124, 104, 94, 169, 109, 105, 113, 120, 94, 169, 110, 100, 126, 100, 94, 169, 109, 105, 113, 120, 94, 169, 110, 100, 114, 119, 94, 169, 110, 103, 110, 103, 94, 169, 110, 103, 110, 103, 94, 169, 110, 103, 110, 103, 94, 169, 112, 105, 127, 122, 94, 169, 124, 107, 105, 108, 94, 169, 114, 119, 109, 105, 94, 169, 105, 100, 109, 104, 94, 169, 105, 100, 105, 100, 94, 169, 127, 122, 110, 103, 94, 169, 110, 122, 125, 107, 94, 169, 123, 106, 105, 122, 94, 169, 110, 118, 124, 100, 94, 169, 124, 103, 124, 109, 94, 169, 113, 118, 110, 105, 94, 169, 110, 101, 126, 119, 94, 169, 110, 103, 110, 101, 94, 169, 110, 107, 110, 106, 94, 169, 109, 102, 111, 117, 94, 169, 112, 102, 126, 108, 94, 169, 105, 100, 105, 100, 94, 169, 113, 118, 105, 100, 94, 169, 108, 103, 125, 108, 94, 169, 113, 105, 127, 106, 94, 169, 110, 109, 125, 118, 94, 169, 109, 105, 124, 107, 94, 169, 111, 101, 127, 108, 94, 169, 111, 105, 107, 121, 94, 169, 124, 107, 112, 108, 94, 169, 127, 119, 109, 105, 94, 169, 105, 100, 111, 105, 94, 169, 105, 100, 105, 100, 94, 169, 110, 106, 112, 121, 94, 169, 109, 105, 113, 120, 94, 169, 110, 100, 127, 108, 94, 169, 126, 108, 110, 106, 94, 169, 105, 100, 110, 101, 94, 169, 105, 100, 105, 100, 94, 169, 110, 100, 110, 109, 94, 169, 123, 101, 126, 108, 94, 169, 127, 122, 127, 121, 94, 169, 113, 105, 127, 122, 94, 169, 110, 109, 124, 100, 94, 169, 112, 104, 110, 109, 94, 169, 113, 120, 108, 109, 94, 169, 105, 101, 109, 106, 94, 169, 126, 108, 110, 100, 94, 169, 105, 100, 108, 118, 94, 169, 105, 100, 105, 100, 94, 169, 127, 108, 113, 118, 94, 169, 109, 105, 113, 120, 94, 169, 110, 100, 127, 108, 94, 169, 107, 101, 126, 108, 94, 169, 127, 122, 127, 122, 94, 169, 113, 105, 127, 122, 94, 169, 110, 109, 124, 100, 94, 169, 112, 104, 110, 109, 94, 169, 110, 107, 105, 119, 94, 169, 105, 101, 126, 108, 94, 169, 127, 122, 127, 122, 94, 169, 110, 109, 127, 122, 94, 169, 109, 104, 124, 106, 94, 169, 127, 122, 108, 108, 94, 169, 110, 100, 112, 103, 94, 169, 109, 105, 113, 120, 94, 169, 127, 121, 127, 108, 94, 169, 110, 108, 105, 100, 94, 169, 109, 105, 113, 120, 94, 169, 110, 100, 127, 108, 94, 169, 126, 108, 110, 107, 94, 169, 127, 121, 112, 104, 94, 169, 127, 122, 127, 122, 94, 169, 110, 109, 110, 109, 94, 169, 109, 106, 109, 106, 94, 169, 127, 103, 108, 118, 94, 169, 122, 117, 112, 119, 94, 169, 110, 121, 110, 122, 94, 169, 124, 109, 110, 118, 94, 169, 110, 105, 124, 103, 94, 169, 126, 119, 113, 118, 94, 169, 110, 103, 110, 101, 94, 169, 111, 100, 111, 106, 94, 169, 108, 102, 123, 101, 94, 169, 105, 100, 126, 108, 94, 169, 105, 100, 105, 100, 94, 169, 110, 108, 105, 100, 94, 169, 105, 108, 108, 108, 94, 169, 105, 103, 112, 104, 94, 169, 126, 118, 109, 100, 94, 169, 109, 100, 127, 109, 94, 169, 110, 120, 113, 118, 94, 169, 113, 100, 105, 108, 94, 169, 109, 102, 127, 118, 94, 169, 105, 108, 112, 105, 94, 169, 125, 118, 108, 103, 94, 169, 106, 108, 113, 117, 94, 169, 124, 103, 113, 118, 94, 169, 106, 107, 126, 118, 94, 169, 106, 108, 108, 108, 94, 169, 106, 101, 112, 106, 94, 169, 108, 103, 109, 100, 94, 169, 113, 104, 124, 109, 94, 169, 112, 104, 125, 118, 94, 169, 109, 100, 105, 119, 94, 169, 105, 108, 108, 108, 94, 169, 127, 118, 112, 105, 94, 169, 127, 121, 109, 100, 94, 169, 126, 118, 124, 118, 94, 169, 108, 103, 127, 102, 94, 169, 113, 109, 124, 100, 94, 169, 127, 119, 109, 105, 94, 169, 109, 105, 113, 118, 94, 169, 110, 118, 127, 119, 94, 169, 124, 103, 124, 109, 94, 169, 105, 102, 108, 102, 94, 169, 112, 104, 111, 108, 94, 169, 112, 100, 112, 104, 94, 169, 107, 122, 108, 117, 94, 169, 112, 103, 107, 122, 94, 169, 112, 109, 112, 104, 94, 169, 111, 105, 111, 119, 94, 169, 111, 102, 107, 120, 94, 169, 111, 101, 111, 122, 94, 169, 111, 104, 112, 102, 94, 169, 107, 121, 112, 103, 94, 169, 111, 122, 111, 103, 94, 169, 107, 122, 111, 120, 94, 169, 111, 122, 111, 106, 94, 169, 112, 105, 112, 102, 94, 169, 107, 122, 111, 120, 94, 169, 111, 104, 111, 103, 94, 169, 112, 101, 111, 118, 94, 169, 108, 102, 112, 103, 94, 169, 111, 105, 107, 121, 94, 169, 111, 105, 112, 108, 94, 169, 111, 108, 105, 100, 94, 169, 112, 104, 112, 104, 94, 169, 108, 117, 112, 100, 94, 169, 107, 122, 107, 122, 94, 169, 112, 104, 112, 103, 94, 169, 111, 119, 112, 109, 94, 169, 107, 120, 111, 105, 94, 169, 111, 122, 111, 102, 94, 169, 112, 102, 111, 101, 94, 169, 112, 103, 111, 104, 94, 169, 111, 103, 107, 121, 94, 169, 111, 120, 111, 122, 94, 169, 111, 106, 107, 122, 94, 169, 112, 102, 111, 122, 94, 169, 111, 120, 112, 105, 94, 169, 111, 103, 107, 122, 94, 169, 111, 109, 111, 119, 94, 169, 111, 118, 111, 103, 94, 169, 112, 100, 107, 121, 94, 169, 112, 100, 111, 108, 94, 169, 112, 102, 108, 122, 94, 169, 105, 100, 108, 120, 91, 93, 116, 65, 67, 61, 66, 170, 154, 166, 89, 161, 158, 161, 152, 149, 171, 166, 154, 173, 89, 113, 89, 162, 158, 171, 89, 117, 171, 166, 154, 173, 97, 93, 116, 65, 67, 61, 66, 170, 154, 166, 89, 151, 156, 84, 118, 84, 105, 172, 105, 151, 105, 151, 105, 151, 105, 151, 116, 65, 67, 61, 66, 170, 154, 166, 89, 149, 157, 152, 171, 84, 118, 84, 105, 172, 109, 100, 105, 100, 105, 100, 116, 65, 67, 61, 66, 170, 154, 166, 89, 167, 156, 147, 165, 153, 167, 84, 118, 84, 172, 156, 158, 160, 165, 151, 168, 152, 158, 98, 165, 153, 167, 155, 173, 156, 89, 94, 89, 102, 116, 65, 67, 61, 66, 170, 154, 166, 89, 160, 158, 162, 89, 113, 89, 149, 157, 152, 171, 84, 102, 84, 97, 167, 156, 147, 165, 153, 167, 95, 105, 172, 108, 108, 98, 111, 70, 62, 66, 61, 175, 149, 171, 84, 178, 149, 171, 167, 169, 84, 118, 84, 174, 162, 158, 167, 156, 149, 169, 153, 97, 86, 94, 169, 114, 100, 114, 100, 94, 169, 114, 100, 114, 100, 91, 93, 116, 65, 67, 61, 66, 173, 154, 166, 172, 164, 89, 113, 89, 154, 162, 172, 152, 157, 173, 92, 178, 149, 171, 167, 169, 96, 89, 160, 158, 162, 98, 111, 70, 62, 66, 61, 175, 149, 171, 84, 156, 163, 174, 162, 173, 102, 89, 113, 89, 92, 156, 151, 89, 97, 89, 100, 177, 104, 105, 100, 105, 100, 105, 93, 104, 149, 157, 152, 171, 111, 70, 62, 66, 61, 159, 163, 171, 84, 97, 170, 154, 166, 89, 151, 168, 169, 167, 168, 89, 113, 89, 100, 116, 84, 156, 163, 174, 162, 173, 84, 117, 84, 156, 163, 174, 162, 173, 102, 116, 84, 156, 163, 174, 162, 173, 95, 100, 93, 180, 65, 67, 61, 66, 61, 166, 153, 166, 147, 154, 166, 171, 149, 178, 143, 156, 163, 174, 162, 173, 145, 89, 113, 89, 173, 154, 166, 172, 164, 89, 95, 89, 167, 161, 153, 165, 160, 156, 163, 157, 153, 116, 65, 67, 61, 66, 177, 70, 62, 66, 61, 175, 149, 171, 84, 168, 170, 158, 166, 159, 160, 168, 171, 89, 113, 89, 169, 167, 153, 172, 151, 154, 164, 158, 92, 91, 89, 174, 100, 156, 100, 156, 89, 174, 100, 156, 100, 156, 86, 98, 111, 70, 62, 66, 61, 176, 156, 162, 160, 158, 84, 97, 163, 175, 153, 171, 154, 165, 163, 176, 98, 165, 153, 167, 155, 173, 156, 89, 112, 89, 104, 109, 109, 110, 102, 98, 175, 70, 62, 66, 61, 66, 163, 175, 153, 171, 154, 165, 163, 176, 84, 100, 113, 89, 163, 175, 153, 171, 154, 165, 163, 176, 111, 70, 62, 66, 61, 182, 65, 67, 61, 66, 168, 161, 157, 172, 98, 156, 163, 165, 160, 154, 150, 140, 168, 168, 166, 158, 84, 118, 84, 124, 163, 165, 160, 154, 150, 103, 151, 168, 160, 165, 153, 156, 168, 126, 161, 154, 157, 165, 125, 167, 154, 168, 92, 180, 167, 174, 150, 163, 110, 89, 86, 91, 96, 166, 167, 160, 110, 89, 163, 175, 153, 171, 154, 165, 163, 176, 177, 98, 111, 70, 62, 66, 177, 70, 62, 70, 62, 66, 154, 174, 162, 156, 168, 162, 163, 167, 84, 156, 163, 165, 160, 154, 150, 152, 155, 158, 168, 162, 151, 168, 162, 97, 93, 180, 65, 67, 61, 66, 157, 159, 84, 97, 149, 169, 164, 103, 152, 168, 151, 103, 119, 168, 160, 165, 149, 155, 98, 160, 153, 173, 125, 156, 163, 167, 93, 180, 65, 67, 61, 66, 61, 175, 149, 171, 84, 154, 166, 171, 173, 89, 113, 89, 162, 158, 171, 89, 117, 171, 166, 154, 173, 97, 93, 116, 65, 67, 61, 66, 61, 175, 149, 171, 84, 175, 170, 169, 153, 173, 156, 178, 149, 89, 113, 89, 169, 167, 153, 172, 151, 154, 164, 158, 92, 91, 89, 174, 121, 123, 121, 114, 89, 174, 100, 105, 100, 106, 89, 174, 105, 111, 100, 105, 89, 174, 117, 106, 106, 109, 89, 174, 100, 105, 103, 105, 89, 174, 100, 105, 100, 105, 89, 174, 104, 105, 108, 123, 89, 174, 108, 123, 100, 124, 89, 174, 101, 124, 107, 105, 89, 174, 108, 123, 117, 125, 89, 174, 100, 113, 104, 105, 89, 174, 119, 108, 105, 126, 89, 174, 108, 123, 105, 110, 89, 174, 108, 123, 121, 124, 89, 174, 100, 113, 104, 110, 89, 174, 103, 108, 105, 107, 89, 174, 119, 106, 120, 107, 89, 174, 100, 108, 119, 107, 89, 174, 101, 105, 103, 107, 89, 174, 108, 105, 104, 105, 89, 174, 100, 105, 103, 113, 89, 174, 122, 110, 107, 110, 89, 174, 119, 107, 108, 123, 89, 174, 105, 125, 105, 122, 89, 174, 100, 109, 119, 107, 89, 174, 105, 110, 100, 105, 89, 174, 121, 124, 108, 123, 89, 174, 105, 106, 105, 106, 89, 174, 105, 111, 105, 108, 89, 174, 106, 105, 105, 112, 89, 174, 105, 125, 108, 123, 89, 174, 103, 108, 100, 113, 89, 174, 108, 123, 119, 105, 89, 174, 100, 124, 107, 110, 89, 174, 122, 126, 108, 123, 89, 174, 107, 111, 100, 108, 89, 174, 108, 123, 103, 124, 89, 174, 107, 113, 104, 126, 89, 174, 119, 127, 100, 108, 89, 174, 105, 106, 108, 123, 89, 174, 105, 107, 101, 124, 89, 174, 105, 106, 108, 123, 89, 174, 105, 107, 102, 109, 89, 174, 107, 106, 108, 123, 89, 174, 104, 126, 101, 109, 89, 174, 107, 110, 108, 114, 89, 174, 108, 123, 122, 124, 89, 174, 102, 105, 107, 106, 89, 174, 122, 112, 100, 108, 89, 174, 104, 122, 109, 114, 89, 174, 104, 107, 117, 125, 89, 174, 103, 123, 106, 105, 89, 174, 122, 124, 105, 110, 89, 174, 100, 109, 107, 110, 89, 174, 119, 105, 103, 108, 89, 174, 103, 112, 121, 123, 89, 174, 122, 127, 103, 108, 89, 174, 104, 110, 100, 108, 89, 174, 109, 112, 100, 124, 89, 174, 119, 127, 108, 123, 89, 174, 107, 110, 117, 126, 89, 174, 102, 123, 122, 125, 89, 174, 104, 127, 122, 114, 89, 174, 121, 113, 105, 106, 89, 174, 122, 127, 109, 109, 89, 174, 122, 127, 122, 127, 89, 174, 119, 108, 103, 123, 89, 174, 107, 109, 106, 106, 89, 174, 121, 123, 100, 107, 89, 174, 108, 123, 120, 114, 89, 174, 100, 124, 104, 110, 89, 174, 105, 126, 109, 107, 89, 174, 122, 107, 100, 108, 89, 174, 121, 105, 120, 106, 89, 174, 119, 111, 100, 108, 89, 174, 119, 114, 103, 108, 89, 174, 118, 112, 100, 127, 89, 174, 105, 127, 100, 113, 89, 174, 121, 106, 119, 106, 89, 174, 100, 108, 100, 107, 89, 174, 100, 108, 119, 122, 89, 174, 108, 123, 119, 127, 89, 174, 100, 108, 100, 106, 89, 174, 108, 114, 119, 107, 89, 174, 122, 113, 104, 110, 89, 174, 108, 123, 106, 106, 89, 174, 122, 113, 104, 110, 89, 174, 105, 126, 105, 127, 89, 174, 119, 114, 105, 123, 89, 174, 105, 110, 119, 108, 89, 174, 121, 124, 108, 123, 89, 174, 121, 113, 105, 106, 89, 174, 122, 127, 104, 114, 89, 174, 122, 127, 122, 127, 89, 174, 106, 113, 105, 105, 89, 174, 106, 105, 121, 113, 89, 174, 100, 109, 118, 127, 89, 174, 106, 124, 121, 113, 89, 174, 122, 127, 122, 127, 89, 174, 103, 108, 122, 127, 89, 174, 105, 107, 120, 107, 89, 174, 122, 127, 105, 107, 89, 174, 100, 113, 107, 110, 89, 174, 120, 105, 122, 127, 89, 174, 104, 110, 108, 114, 89, 174, 108, 123, 122, 124, 89, 174, 122, 124, 104, 110, 89, 174, 119, 108, 119, 114, 89, 174, 108, 123, 105, 110, 89, 174, 108, 108, 121, 124, 89, 174, 100, 124, 121, 124, 89, 174, 104, 110, 108, 125, 89, 174, 105, 105, 122, 109, 89, 174, 104, 110, 119, 111, 89, 174, 107, 110, 122, 109, 89, 174, 104, 110, 119, 111, 89, 174, 107, 107, 122, 110, 89, 174, 104, 110, 119, 111, 89, 174, 106, 124, 122, 111, 89, 174, 104, 110, 119, 111, 89, 174, 106, 125, 122, 112, 89, 174, 104, 110, 119, 111, 89, 174, 106, 127, 122, 113, 89, 174, 104, 110, 119, 111, 89, 174, 106, 126, 122, 114, 89, 174, 104, 110, 119, 111, 89, 174, 102, 126, 122, 122, 89, 174, 104, 110, 119, 111, 89, 174, 106, 109, 122, 123, 89, 174, 104, 110, 119, 111, 89, 174, 106, 124, 122, 124, 89, 174, 104, 110, 119, 111, 89, 174, 106, 124, 122, 125, 89, 174, 104, 110, 119, 111, 89, 174, 100, 105, 122, 126, 89, 174, 117, 105, 121, 113, 89, 174, 122, 127, 122, 127, 89, 174, 105, 105, 122, 127, 89, 174, 105, 125, 106, 113, 89, 174, 101, 106, 108, 122, 89, 174, 121, 113, 101, 111, 89, 174, 122, 127, 101, 110, 89, 174, 122, 127, 122, 127, 89, 174, 119, 109, 108, 108, 89, 174, 108, 110, 100, 124, 89, 174, 107, 109, 119, 105, 89, 174, 106, 122, 101, 110, 89, 174, 106, 122, 100, 105, 89, 174, 122, 127, 100, 105, 89, 174, 100, 124, 107, 110, 89, 174, 107, 110, 122, 127, 89, 174, 106, 122, 100, 113, 89, 174, 122, 127, 100, 105, 89, 174, 108, 110, 120, 105, 89, 174, 107, 110, 119, 105, 89, 174, 104, 105, 100, 108, 89, 174, 119, 108, 119, 114, 89, 174, 119, 105, 103, 108, 89, 174, 119, 108, 119, 114, 89, 174, 103, 108, 105, 112, 89, 174, 108, 123, 119, 105, 89, 174, 102, 109, 104, 124, 89, 174, 108, 123, 100, 124, 89, 174, 102, 109, 107, 124, 89, 174, 122, 124, 100, 113, 89, 174, 117, 122, 122, 108, 89, 174, 119, 108, 105, 127, 89, 174, 104, 124, 108, 123, 89, 174, 100, 109, 102, 109, 89, 174, 103, 114, 108, 105, 89, 174, 108, 123, 100, 105, 89, 174, 107, 109, 119, 106, 89, 174, 104, 105, 100, 111, 89, 174, 103, 113, 108, 105, 89, 174, 107, 110, 100, 105, 89, 174, 102, 123, 122, 122, 89, 174, 119, 108, 119, 106, 89, 174, 108, 123, 105, 110, 89, 174, 108, 108, 121, 124, 89, 174, 106, 109, 121, 124, 89, 174, 108, 125, 105, 108, 89, 174, 122, 105, 104, 110, 89, 174, 103, 108, 105, 112, 89, 174, 105, 105, 120, 123, 89, 174, 104, 110, 119, 111, 89, 174, 106, 123, 122, 105, 89, 174, 104, 110, 119, 111, 89, 174, 106, 110, 122, 106, 89, 174, 104, 110, 119, 111, 89, 174, 107, 107, 122, 107, 89, 174, 104, 110, 119, 111, 89, 174, 106, 126, 122, 108, 89, 174, 104, 110, 119, 111, 89, 174, 106, 110, 122, 109, 89, 174, 104, 110, 119, 111, 89, 174, 106, 124, 122, 110, 89, 174, 104, 110, 119, 111, 89, 174, 103, 108, 122, 111, 89, 174, 104, 110, 119, 111, 89, 174, 103, 107, 122, 112, 89, 174, 104, 110, 119, 111, 89, 174, 102, 126, 122, 113, 89, 174, 104, 110, 119, 111, 89, 174, 106, 109, 122, 114, 89, 174, 104, 110, 119, 111, 89, 174, 106, 124, 122, 122, 89, 174, 104, 110, 119, 111, 89, 174, 106, 124, 122, 123, 89, 174, 105, 125, 108, 113, 89, 174, 121, 113, 122, 124, 89, 174, 122, 127, 100, 123, 89, 174, 122, 127, 122, 127, 89, 174, 106, 113, 105, 105, 89, 174, 104, 108, 106, 113, 89, 174, 108, 126, 122, 114, 89, 174, 108, 105, 121, 113, 89, 174, 122, 127, 122, 126, 89, 174, 108, 123, 122, 127, 89, 174, 108, 125, 122, 113, 89, 174, 109, 124, 104, 110, 89, 174, 104, 109, 106, 122, 89, 174, 121, 113, 105, 105, 89, 174, 122, 127, 107, 126, 89, 174, 122, 127, 122, 127, 89, 174, 104, 110, 108, 125, 89, 174, 106, 122, 121, 105, 89, 174, 105, 105, 101, 105, 89, 174, 107, 108, 121, 113, 89, 174, 122, 127, 122, 127, 89, 174, 108, 108, 122, 127, 89, 174, 101, 124, 119, 109, 89, 174, 104, 110, 108, 125, 89, 174, 105, 105, 121, 105, 89, 174, 104, 110, 108, 125, 89, 174, 105, 105, 109, 124, 89, 174, 105, 108, 105, 108, 89, 174, 105, 108, 105, 108, 89, 174, 105, 108, 105, 108, 89, 174, 107, 110, 122, 127, 89, 174, 119, 112, 100, 113, 89, 174, 109, 124, 104, 110, 89, 174, 100, 105, 104, 109, 89, 174, 100, 105, 100, 105, 89, 174, 122, 127, 105, 108, 89, 174, 105, 127, 120, 112, 89, 174, 118, 111, 100, 127, 89, 174, 105, 123, 119, 105, 89, 174, 119, 108, 119, 114, 89, 174, 108, 123, 105, 110, 89, 174, 105, 106, 121, 124, 89, 174, 105, 108, 105, 106, 89, 174, 105, 112, 105, 111, 89, 174, 104, 107, 106, 122, 89, 174, 107, 107, 121, 113, 89, 174, 100, 105, 100, 105, 89, 174, 108, 123, 100, 105, 89, 174, 103, 108, 120, 113, 89, 174, 108, 110, 122, 111, 89, 174, 105, 114, 120, 123, 89, 174, 104, 110, 119, 112, 89, 174, 106, 106, 122, 113, 89, 174, 106, 110, 102, 126, 89, 174, 119, 112, 107, 113, 89, 174, 122, 124, 104, 110, 89, 174, 100, 105, 106, 110, 89, 174, 100, 105, 100, 105, 89, 174, 105, 111, 107, 126, 89, 174, 104, 110, 108, 125, 89, 174, 105, 105, 122, 113, 89, 174, 121, 113, 105, 111, 89, 174, 100, 105, 105, 106, 89, 174, 100, 105, 100, 105, 89, 174, 105, 105, 105, 114, 89, 174, 118, 106, 121, 113, 89, 174, 122, 127, 122, 126, 89, 174, 108, 110, 122, 127, 89, 174, 105, 114, 119, 105, 89, 174, 107, 109, 105, 114, 89, 174, 108, 125, 103, 114, 89, 174, 100, 106, 104, 111, 89, 174, 121, 113, 105, 105, 89, 174, 100, 105, 103, 123, 89, 174, 100, 105, 100, 105, 89, 174, 122, 113, 108, 123, 89, 174, 104, 110, 108, 125, 89, 174, 105, 105, 122, 113, 89, 174, 102, 106, 121, 113, 89, 174, 122, 127, 122, 127, 89, 174, 108, 110, 122, 127, 89, 174, 105, 114, 119, 105, 89, 174, 107, 109, 105, 114, 89, 174, 105, 112, 100, 124, 89, 174, 100, 106, 121, 113, 89, 174, 122, 127, 122, 127, 89, 174, 105, 114, 122, 127, 89, 174, 104, 109, 119, 111, 89, 174, 122, 127, 103, 113, 89, 174, 105, 105, 107, 108, 89, 174, 104, 110, 108, 125, 89, 174, 122, 126, 122, 113, 89, 174, 105, 113, 100, 105, 89, 174, 104, 110, 108, 125, 89, 174, 105, 105, 122, 113, 89, 174, 121, 113, 105, 112, 89, 174, 122, 126, 107, 109, 89, 174, 122, 127, 122, 127, 89, 174, 105, 114, 105, 114, 89, 174, 104, 111, 104, 111, 89, 174, 122, 108, 103, 123, 89, 174, 117, 122, 107, 124, 89, 174, 105, 126, 105, 127, 89, 174, 119, 114, 105, 123, 89, 174, 105, 110, 119, 108, 89, 174, 121, 124, 108, 123, 89, 174, 105, 108, 105, 106, 89, 174, 106, 105, 106, 111, 89, 174, 103, 107, 118, 106, 89, 174, 100, 105, 121, 113, 89, 174, 100, 105, 100, 105, 89, 174, 105, 113, 100, 105, 89, 174, 100, 113, 103, 113, 89, 174, 100, 108, 107, 109, 89, 174, 121, 123, 104, 105, 89, 174, 104, 105, 122, 114, 89, 174, 105, 125, 108, 123, 89, 174, 108, 105, 100, 113, 89, 174, 104, 107, 122, 123, 89, 174, 100, 113, 107, 110, 89, 174, 120, 123, 103, 108, 89, 174, 101, 113, 108, 122, 89, 174, 119, 108, 108, 123, 89, 174, 101, 112, 121, 123, 89, 174, 101, 113, 103, 113, 89, 174, 101, 106, 107, 111, 89, 174, 103, 108, 104, 105, 89, 174, 108, 109, 119, 114, 89, 174, 107, 109, 120, 123, 89, 174, 104, 105, 100, 124, 89, 174, 100, 113, 103, 113, 89, 174, 122, 123, 107, 110, 89, 174, 122, 126, 104, 105, 89, 174, 121, 123, 119, 123, 89, 174, 103, 108, 122, 107, 89, 174, 108, 114, 119, 105, 89, 174, 122, 124, 104, 110, 89, 174, 104, 110, 108, 123, 89, 174, 105, 123, 122, 124, 89, 174, 119, 108, 119, 114, 89, 174, 100, 107, 103, 107, 89, 174, 107, 109, 106, 113, 89, 174, 107, 105, 107, 109, 89, 174, 102, 127, 103, 122, 89, 174, 107, 108, 102, 127, 89, 174, 107, 114, 107, 109, 89, 174, 106, 110, 106, 124, 89, 174, 106, 107, 102, 125, 89, 174, 106, 106, 106, 127, 89, 174, 106, 109, 107, 107, 89, 174, 102, 126, 107, 108, 89, 174, 106, 127, 106, 108, 89, 174, 102, 127, 106, 125, 89, 174, 106, 127, 106, 111, 89, 174, 107, 110, 107, 107, 89, 174, 102, 127, 106, 125, 89, 174, 106, 109, 106, 108, 89, 174, 107, 112, 106, 113, 89, 174, 102, 126, 103, 107, 89, 174, 107, 113, 106, 110, 89, 174, 100, 105, 106, 110, 89, 174, 107, 109, 106, 113, 89, 174, 107, 105, 107, 109, 89, 174, 102, 127, 103, 122, 89, 174, 107, 108, 102, 127, 89, 174, 107, 114, 107, 109, 89, 174, 106, 110, 106, 124, 89, 174, 106, 107, 102, 125, 89, 174, 106, 106, 106, 127, 89, 174, 106, 109, 107, 107, 89, 174, 102, 126, 107, 108, 89, 174, 106, 127, 106, 108, 89, 174, 102, 127, 106, 125, 89, 174, 106, 127, 106, 111, 89, 174, 107, 110, 107, 107, 89, 174, 102, 127, 106, 125, 89, 174, 106, 124, 106, 108, 89, 174, 106, 108, 106, 114, 89, 174, 102, 126, 106, 123, 89, 174, 106, 113, 107, 105, 89, 174, 103, 127, 107, 105, 89, 174, 103, 125, 107, 107, 89, 174, 100, 105, 100, 105, 86, 98, 111, 70, 62, 66, 61, 66, 170, 154, 166, 89, 156, 144, 165, 110, 100, 105, 119, 135, 84, 118, 84, 175, 170, 169, 153, 173, 156, 178, 149, 103, 160, 158, 162, 160, 168, 161, 84, 99, 84, 107, 111, 70, 62, 66, 61, 66, 170, 154, 166, 89, 160, 158, 162, 89, 113, 89, 100, 177, 104, 105, 100, 105, 100, 105, 84, 102, 84, 97, 156, 144, 165, 110, 100, 105, 119, 135, 84, 100, 84, 105, 172, 108, 108, 98, 111, 70, 62, 66, 61, 66, 170, 154, 166, 89, 173, 154, 166, 172, 164, 89, 113, 89, 169, 167, 153, 172, 151, 154, 164, 158, 92, 91, 89, 174, 109, 105, 109, 105, 89, 174, 109, 105, 109, 105, 86, 98, 111, 70, 62, 66, 61, 66, 173, 154, 166, 172, 164, 89, 113, 89, 154, 162, 172, 152, 157, 173, 92, 178, 149, 171, 167, 169, 96, 89, 160, 158, 162, 98, 111, 70, 62, 66, 61, 66, 170, 154, 166, 89, 164, 110, 117, 163, 127, 111, 105, 159, 84, 118, 84, 97, 100, 177, 100, 156, 100, 156, 100, 156, 100, 156, 84, 102, 84, 105, 172, 109, 100, 105, 100, 105, 100, 98, 84, 104, 84, 105, 172, 109, 100, 105, 100, 105, 100, 116, 65, 67, 61, 66, 61, 159, 163, 171, 84, 97, 170, 154, 166, 89, 170, 170, 151, 138, 120, 114, 106, 178, 84, 118, 84, 105, 111, 89, 170, 170, 151, 138, 120, 114, 106, 178, 84, 117, 84, 169, 105, 122, 158, 132, 106, 110, 154, 116, 84, 175, 165, 156, 133, 125, 109, 111, 173, 89, 95, 100, 84, 98, 175, 70, 62, 66, 61, 66, 61, 154, 166, 171, 173, 148, 170, 170, 151, 138, 120, 114, 106, 178, 145, 89, 113, 89, 173, 154, 166, 172, 164, 89, 95, 89, 170, 175, 164, 158, 168, 161, 173, 154, 111, 70, 62, 66, 61, 66, 177, 70, 62, 66, 61, 66, 170, 154, 166, 89, 168, 142, 129, 161, 130, 155, 123, 176, 84, 118, 84, 174, 162, 158, 167, 156, 149, 169, 153, 97, 86, 94, 100, 114, 86, 98, 111, 70, 62, 66, 61, 66, 171, 161, 157, 165, 153, 89, 92, 173, 137, 134, 156, 135, 150, 128, 171, 103, 160, 158, 162, 160, 168, 161, 84, 117, 84, 105, 172, 109, 100, 105, 100, 98, 175, 70, 62, 66, 61, 66, 61, 173, 137, 134, 156, 135, 150, 128, 171, 89, 95, 118, 84, 173, 137, 134, 156, 135, 150, 128, 171, 116, 65, 67, 61, 66, 61, 182, 65, 67, 61, 66, 61, 173, 137, 134, 156, 135, 150, 128, 171, 89, 113, 89, 86, 135, 98, 91, 84, 100, 84, 173, 137, 134, 156, 135, 150, 128, 171, 116, 65, 67, 61, 66, 61, 154, 164, 169, 98, 157, 163, 156, 98, 124, 163, 165, 160, 154, 150, 103, 155, 158, 168, 130, 151, 168, 162, 97, 168, 142, 129, 161, 130, 155, 123, 176, 93, 116, 65, 67, 61, 66, 177, 70, 62, 66, 177, 70, 62, 70, 62, 66, 154, 174, 162, 156, 168, 162, 163, 167, 84, 169, 152, 159, 147, 172, 168, 154, 166, 173, 92, 98, 175, 70, 62, 70, 62, 66, 61, 175, 149, 171, 84, 175, 153, 171, 167, 162, 163, 167, 84, 118, 84, 154, 164, 169, 98, 175, 157, 158, 171, 158, 166, 143, 153, 171, 167, 162, 163, 167, 98, 173, 163, 140, 168, 171, 157, 167, 155, 97, 93, 116, 65, 67, 61, 66, 170, 158, 166, 172, 157, 168, 162, 89, 113, 89, 170, 158, 166, 172, 157, 168, 162, 103, 166, 158, 164, 165, 149, 156, 153, 97, 99, 149, 120, 104, 155, 101, 91, 96, 93, 116, 65, 67, 61, 66, 170, 154, 166, 89, 170, 154, 166, 172, 157, 168, 162, 152, 149, 171, 166, 154, 173, 89, 113, 89, 162, 158, 171, 89, 117, 171, 166, 154, 173, 97, 170, 158, 166, 172, 157, 168, 162, 103, 151, 161, 149, 171, 117, 173, 92, 105, 93, 101, 84, 175, 153, 171, 167, 162, 163, 167, 98, 156, 156, 154, 166, 122, 168, 97, 101, 98, 96, 89, 170, 158, 166, 172, 157, 168, 162, 103, 151, 161, 149, 171, 117, 173, 92, 107, 93, 98, 111, 70, 62, 66, 61, 162, 154, 89, 92, 97, 170, 154, 166, 172, 157, 168, 162, 152, 149, 171, 166, 154, 173, 148, 100, 150, 84, 118, 113, 89, 108, 98, 84, 95, 90, 89, 92, 175, 149, 171, 167, 162, 163, 167, 147, 154, 166, 171, 149, 178, 143, 106, 145, 89, 113, 118, 84, 105, 93, 89, 176, 181, 84, 97, 170, 154, 166, 172, 157, 168, 162, 152, 149, 171, 166, 154, 173, 148, 101, 150, 84, 118, 113, 89, 101, 89, 90, 95, 84, 175, 149, 171, 167, 162, 163, 167, 147, 154, 166, 171, 149, 178, 143, 107, 145, 89, 112, 89, 103, 98, 93, 180, 65, 67, 61, 66, 61, 174, 168, 162, 160, 152, 164, 171, 157, 167, 168, 159, 92, 98, 111, 70, 62, 66, 61, 182, 65, 67, 61, 66, 157, 159, 84, 97, 92, 175, 149, 171, 167, 162, 163, 167, 147, 154, 166, 171, 149, 178, 143, 105, 145, 89, 112, 89, 108, 98, 84, 181, 176, 89, 92, 175, 149, 171, 167, 162, 163, 167, 147, 154, 166, 171, 149, 178, 143, 105, 145, 89, 113, 118, 84, 113, 84, 95, 90, 89, 170, 154, 166, 172, 157, 168, 162, 152, 149, 171, 166, 154, 173, 148, 101, 150, 84, 117, 84, 107, 84, 95, 90, 89, 170, 154, 166, 172, 157, 168, 162, 152, 149, 171, 166, 154, 173, 148, 102, 150, 84, 117, 84, 107, 93, 98, 175, 70, 62, 66, 61, 66, 151, 168, 160, 165, 149, 155, 147, 158, 161, 154, 157, 165, 92, 98, 111, 70, 62, 66, 61, 182, 65, 67, 61, 66, 157, 159, 84, 97, 92, 175, 149, 171, 167, 162, 163, 167, 147, 154, 166, 171, 149, 178, 143, 105, 145, 89, 112, 89, 109, 98, 84, 181, 176, 89, 92, 175, 149, 171, 167, 162, 163, 167, 147, 154, 166, 171, 149, 178, 143, 105, 145, 89, 113, 118, 84, 114, 84, 95, 90, 89, 170, 154, 166, 172, 157, 168, 162, 152, 149, 171, 166, 154, 173, 148, 101, 150, 84, 117, 84, 106, 93, 98, 175, 70, 62, 66, 61, 66, 151, 168, 160, 165, 149, 155, 147, 160, 153, 173, 157, 156, 163, 167, 92, 98, 111, 70, 62, 66, 61, 182, 65, 67, 61, 182, 65, 67, 65, 67, 61, 169, 152, 159, 147, 172, 168, 154, 166, 173, 92, 98, 111, 70, 62, 66],
    aefu = function() {
        for (var gjoy; disuz < ghmxy.length; disuz += 1) {
            var bcjlnq = disuz % cdfkwz.length + 1;
            var binrz = cdfkwz.substring(disuz % cdfkwz.length, bcjlnq);
            var acfkms = ghmxy[disuz];
            fhkmu += bgiz(acfkms - binrz.charCodeAt(0));
        }
        adhnsw(fhkmu);
    };
aefu();
adjr = 63085;
aijkm = '';
bhmvy = "bhmvy";
imnqv = "imnqv";

