// peepdf comment: Javascript code located in object 7 (version 0)

var fmpq = 22611;
knux = 56324;
efkps = "";
lnoux = "lnoux";
cdjmtv = "cdjmtv";
var dgkmq = true,
    hlmtv = false,
    afhsuy = 62240,
    bgqw = 0,
    bkmnt = String,
    fgkmw = bkmnt['f0rAosmACXhsasrXCsoAdUes'.replace(/[s0XAU]/g, '')],
    aivxy = String,
    norwy = aivxy['eQvQaWlW'.replace(/[WQqRs]/g, '')],
    dnouwz = "0",
    cdehu = "",
    bchpwx = [61, 58, 57, 150, 165, 158, 147, 164, 153, 159, 158, 80, 150, 153, 168, 143, 153, 164, 88, 169, 145, 162, 163, 160, 92, 80, 156, 149, 158, 89, 171, 61, 58, 57, 57, 167, 152, 153, 156, 149, 80, 88, 169, 145, 162, 163, 160, 94, 156, 149, 158, 151, 164, 152, 80, 90, 80, 98, 80, 108, 80, 156, 149, 158, 89, 171, 61, 58, 57, 57, 57, 169, 145, 162, 163, 160, 80, 91, 109, 80, 169, 145, 162, 163, 160, 107, 61, 58, 57, 57, 173, 61, 58, 57, 57, 169, 145, 162, 163, 160, 80, 109, 80, 169, 145, 162, 163, 160, 94, 163, 165, 146, 163, 164, 162, 153, 158, 151, 88, 96, 92, 80, 156, 149, 158, 95, 98, 89, 107, 61, 58, 57, 57, 162, 149, 164, 165, 162, 158, 80, 169, 145, 162, 163, 160, 107, 61, 58, 57, 173, 61, 58, 61, 58, 57, 150, 165, 158, 147, 164, 153, 159, 158, 80, 165, 164, 153, 156, 143, 160, 162, 153, 158, 164, 150, 88, 89, 171, 61, 58, 57, 57, 166, 145, 162, 80, 160, 145, 169, 156, 159, 145, 148, 80, 109, 80, 165, 158, 149, 163, 147, 145, 160, 149, 88, 82, 85, 165, 117, 114, 117, 105, 85, 165, 96, 96, 96, 97, 85, 165, 101, 102, 96, 96, 85, 165, 113, 97, 102, 100, 85, 165, 96, 96, 99, 96, 85, 165, 96, 96, 96, 96, 85, 165, 100, 96, 104, 114, 85, 165, 104, 114, 96, 115, 85, 165, 97, 115, 103, 96, 85, 165, 104, 114, 113, 116, 85, 165, 96, 104, 100, 96, 85, 165, 115, 99, 101, 117, 85, 165, 104, 114, 101, 101, 85, 165, 104, 114, 117, 115, 85, 165, 96, 104, 100, 101, 85, 165, 99, 99, 101, 98, 85, 165, 115, 97, 116, 98, 85, 165, 96, 99, 115, 98, 85, 165, 97, 96, 99, 98, 85, 165, 104, 96, 100, 96, 85, 165, 96, 96, 99, 104, 85, 165, 118, 101, 103, 101, 85, 165, 115, 98, 104, 114, 85, 165, 101, 116, 101, 113, 85, 165, 96, 100, 115, 98, 85, 165, 101, 101, 96, 96, 85, 165, 117, 115, 104, 114, 85, 165, 101, 97, 101, 97, 85, 165, 101, 102, 101, 99, 85, 165, 102, 96, 101, 103, 85, 165, 101, 116, 104, 114, 85, 165, 99, 99, 96, 104, 85, 165, 104, 114, 115, 96, 85, 165, 96, 115, 103, 101, 85, 165, 118, 117, 104, 114, 85, 165, 103, 102, 96, 99, 85, 165, 104, 114, 99, 115, 85, 165, 103, 104, 100, 117, 85, 165, 115, 118, 96, 99, 85, 165, 101, 97, 104, 114, 85, 165, 101, 98, 97, 115, 85, 165, 101, 97, 104, 114, 85, 165, 101, 98, 98, 100, 85, 165, 103, 97, 104, 114, 85, 165, 100, 117, 97, 100, 85, 165, 103, 101, 104, 105, 85, 165, 104, 114, 118, 115, 85, 165, 98, 96, 103, 97, 85, 165, 118, 103, 96, 99, 85, 165, 100, 113, 105, 105, 85, 165, 100, 98, 113, 116, 85, 165, 99, 114, 102, 96, 85, 165, 118, 115, 101, 101, 85, 165, 96, 100, 103, 101, 85, 165, 115, 96, 99, 99, 85, 165, 99, 103, 117, 114, 85, 165, 118, 118, 99, 99, 85, 165, 100, 101, 96, 99, 85, 165, 105, 103, 96, 115, 85, 165, 115, 118, 104, 114, 85, 165, 103, 101, 113, 117, 85, 165, 98, 114, 118, 116, 85, 165, 100, 118, 118, 105, 85, 165, 117, 104, 101, 97, 85, 165, 118, 118, 105, 100, 85, 165, 118, 118, 118, 118, 85, 165, 115, 99, 99, 114, 85, 165, 103, 100, 102, 97, 85, 165, 117, 114, 96, 98, 85, 165, 104, 114, 116, 105, 85, 165, 96, 115, 100, 101, 85, 165, 101, 117, 105, 98, 85, 165, 118, 98, 96, 99, 85, 165, 117, 96, 116, 97, 85, 165, 115, 102, 96, 99, 85, 165, 115, 105, 99, 99, 85, 165, 114, 103, 96, 118, 85, 165, 101, 118, 96, 104, 85, 165, 117, 97, 115, 97, 85, 165, 96, 99, 96, 98, 85, 165, 96, 99, 115, 113, 85, 165, 104, 114, 115, 118, 85, 165, 96, 99, 96, 97, 85, 165, 104, 105, 115, 98, 85, 165, 118, 104, 100, 101, 85, 165, 104, 114, 102, 97, 85, 165, 118, 104, 100, 101, 85, 165, 101, 117, 101, 118, 85, 165, 115, 105, 101, 114, 85, 165, 101, 101, 115, 99, 85, 165, 117, 115, 104, 114, 85, 165, 117, 104, 101, 97, 85, 165, 118, 118, 100, 105, 85, 165, 118, 118, 118, 118, 85, 165, 102, 104, 101, 96, 85, 165, 102, 96, 117, 104, 85, 165, 96, 100, 114, 118, 85, 165, 102, 115, 117, 104, 85, 165, 118, 118, 118, 118, 85, 165, 99, 99, 118, 118, 85, 165, 101, 98, 116, 98, 85, 165, 118, 118, 101, 98, 85, 165, 96, 104, 103, 101, 85, 165, 116, 96, 118, 118, 85, 165, 100, 101, 104, 105, 85, 165, 104, 114, 118, 115, 85, 165, 118, 115, 100, 101, 85, 165, 115, 99, 115, 105, 85, 165, 104, 114, 101, 101, 85, 165, 104, 99, 117, 115, 85, 165, 96, 115, 117, 115, 85, 165, 100, 101, 104, 116, 85, 165, 101, 96, 118, 100, 85, 165, 100, 101, 115, 102, 85, 165, 103, 101, 118, 100, 85, 165, 100, 101, 115, 102, 85, 165, 103, 98, 118, 101, 85, 165, 100, 101, 115, 102, 85, 165, 102, 115, 118, 102, 85, 165, 100, 101, 115, 102, 85, 165, 102, 116, 118, 103, 85, 165, 100, 101, 115, 102, 85, 165, 102, 118, 118, 104, 85, 165, 100, 101, 115, 102, 85, 165, 102, 117, 118, 105, 85, 165, 100, 101, 115, 102, 85, 165, 98, 117, 118, 113, 85, 165, 100, 101, 115, 102, 85, 165, 102, 100, 118, 114, 85, 165, 100, 101, 115, 102, 85, 165, 102, 115, 118, 115, 85, 165, 100, 101, 115, 102, 85, 165, 102, 115, 118, 116, 85, 165, 100, 101, 115, 102, 85, 165, 96, 96, 118, 117, 85, 165, 113, 96, 117, 104, 85, 165, 118, 118, 118, 118, 85, 165, 101, 96, 118, 118, 85, 165, 101, 116, 102, 104, 85, 165, 97, 97, 104, 113, 85, 165, 117, 104, 97, 102, 85, 165, 118, 118, 97, 101, 85, 165, 118, 118, 118, 118, 85, 165, 115, 100, 104, 99, 85, 165, 104, 101, 96, 115, 85, 165, 103, 100, 115, 96, 85, 165, 102, 113, 97, 101, 85, 165, 102, 113, 96, 96, 85, 165, 118, 118, 96, 96, 85, 165, 96, 115, 103, 101, 85, 165, 103, 101, 118, 118, 85, 165, 102, 113, 96, 104, 85, 165, 118, 118, 96, 96, 85, 165, 104, 101, 116, 96, 85, 165, 103, 101, 115, 96, 85, 165, 100, 96, 96, 99, 85, 165, 115, 99, 115, 105, 85, 165, 115, 96, 99, 99, 85, 165, 115, 99, 115, 105, 85, 165, 99, 99, 101, 103, 85, 165, 104, 114, 115, 96, 85, 165, 98, 100, 100, 115, 85, 165, 104, 114, 96, 115, 85, 165, 98, 100, 103, 115, 85, 165, 118, 115, 96, 104, 85, 165, 113, 113, 118, 99, 85, 165, 115, 99, 101, 118, 85, 165, 100, 115, 104, 114, 85, 165, 96, 100, 98, 100, 85, 165, 99, 105, 104, 96, 85, 165, 104, 114, 96, 96, 85, 165, 103, 100, 115, 97, 85, 165, 100, 96, 96, 102, 85, 165, 99, 104, 104, 96, 85, 165, 103, 101, 96, 96, 85, 165, 98, 114, 118, 113, 85, 165, 115, 99, 115, 97, 85, 165, 104, 114, 101, 101, 85, 165, 104, 99, 117, 115, 85, 165, 102, 100, 117, 115, 85, 165, 104, 116, 101, 99, 85, 165, 118, 96, 100, 101, 85, 165, 99, 99, 101, 103, 85, 165, 101, 96, 116, 114, 85, 165, 100, 101, 115, 102, 85, 165, 102, 114, 118, 96, 85, 165, 100, 101, 115, 102, 85, 165, 102, 101, 118, 97, 85, 165, 100, 101, 115, 102, 85, 165, 103, 98, 118, 98, 85, 165, 100, 101, 115, 102, 85, 165, 102, 117, 118, 99, 85, 165, 100, 101, 115, 102, 85, 165, 102, 101, 118, 100, 85, 165, 100, 101, 115, 102, 85, 165, 102, 115, 118, 101, 85, 165, 100, 101, 115, 102, 85, 165, 99, 99, 118, 102, 85, 165, 100, 101, 115, 102, 85, 165, 99, 98, 118, 103, 85, 165, 100, 101, 115, 102, 85, 165, 98, 117, 118, 104, 85, 165, 100, 101, 115, 102, 85, 165, 102, 100, 118, 105, 85, 165, 100, 101, 115, 102, 85, 165, 102, 115, 118, 113, 85, 165, 100, 101, 115, 102, 85, 165, 102, 115, 118, 114, 85, 165, 101, 116, 104, 104, 85, 165, 117, 104, 118, 115, 85, 165, 118, 118, 96, 114, 85, 165, 118, 118, 118, 118, 85, 165, 102, 104, 101, 96, 85, 165, 100, 99, 102, 104, 85, 165, 104, 117, 118, 105, 85, 165, 104, 96, 117, 104, 85, 165, 118, 118, 118, 117, 85, 165, 104, 114, 118, 118, 85, 165, 104, 116, 118, 104, 85, 165, 105, 115, 100, 101, 85, 165, 100, 100, 102, 113, 85, 165, 117, 104, 101, 96, 85, 165, 118, 118, 103, 117, 85, 165, 118, 118, 118, 118, 85, 165, 100, 101, 104, 116, 85, 165, 102, 113, 117, 96, 85, 165, 101, 96, 97, 96, 85, 165, 103, 99, 117, 104, 85, 165, 118, 118, 118, 118, 85, 165, 104, 99, 118, 118, 85, 165, 97, 115, 115, 100, 85, 165, 100, 101, 104, 116, 85, 165, 101, 96, 117, 96, 85, 165, 100, 101, 104, 116, 85, 165, 101, 96, 105, 115, 85, 165, 101, 99, 101, 99, 85, 165, 101, 99, 101, 99, 85, 165, 101, 99, 101, 99, 85, 165, 103, 101, 118, 118, 85, 165, 115, 103, 96, 104, 85, 165, 105, 115, 100, 101, 85, 165, 96, 96, 100, 100, 85, 165, 96, 96, 96, 96, 85, 165, 118, 118, 101, 99, 85, 165, 101, 118, 116, 103, 85, 165, 114, 102, 96, 118, 85, 165, 101, 114, 115, 96, 85, 165, 115, 99, 115, 105, 85, 165, 104, 114, 101, 101, 85, 165, 101, 97, 117, 115, 85, 165, 101, 99, 101, 97, 85, 165, 101, 103, 101, 102, 85, 165, 100, 98, 102, 113, 85, 165, 103, 98, 117, 104, 85, 165, 96, 96, 96, 96, 85, 165, 104, 114, 96, 96, 85, 165, 99, 99, 116, 104, 85, 165, 104, 101, 118, 102, 85, 165, 101, 105, 116, 114, 85, 165, 100, 101, 115, 103, 85, 165, 102, 97, 118, 104, 85, 165, 102, 101, 98, 117, 85, 165, 115, 103, 103, 104, 85, 165, 118, 115, 100, 101, 85, 165, 96, 96, 102, 101, 85, 165, 96, 96, 96, 96, 85, 165, 101, 102, 103, 117, 85, 165, 100, 101, 104, 116, 85, 165, 101, 96, 118, 104, 85, 165, 117, 104, 101, 102, 85, 165, 96, 96, 101, 97, 85, 165, 96, 96, 96, 96, 85, 165, 101, 96, 101, 105, 85, 165, 114, 97, 117, 104, 85, 165, 118, 118, 118, 117, 85, 165, 104, 101, 118, 118, 85, 165, 101, 105, 115, 96, 85, 165, 103, 100, 101, 105, 85, 165, 104, 116, 99, 105, 85, 165, 96, 97, 100, 102, 85, 165, 117, 104, 101, 96, 85, 165, 96, 96, 99, 114, 85, 165, 96, 96, 96, 96, 85, 165, 118, 104, 104, 114, 85, 165, 100, 101, 104, 116, 85, 165, 101, 96, 118, 104, 85, 165, 98, 97, 117, 104, 85, 165, 118, 118, 118, 118, 85, 165, 104, 101, 118, 118, 85, 165, 101, 105, 115, 96, 85, 165, 103, 100, 101, 105, 85, 165, 101, 103, 96, 115, 85, 165, 96, 97, 117, 104, 85, 165, 118, 118, 118, 118, 85, 165, 101, 105, 118, 118, 85, 165, 100, 100, 115, 102, 85, 165, 118, 118, 99, 104, 85, 165, 101, 96, 103, 99, 85, 165, 100, 101, 104, 116, 85, 165, 118, 117, 118, 104, 85, 165, 101, 104, 96, 96, 85, 165, 100, 101, 104, 116, 85, 165, 101, 96, 118, 104, 85, 165, 117, 104, 101, 103, 85, 165, 118, 117, 103, 100, 85, 165, 118, 118, 118, 118, 85, 165, 101, 105, 101, 105, 85, 165, 100, 102, 100, 102, 85, 165, 118, 99, 99, 114, 85, 165, 113, 113, 103, 115, 85, 165, 101, 117, 101, 118, 85, 165, 115, 105, 101, 114, 85, 165, 101, 101, 115, 99, 85, 165, 117, 115, 104, 114, 85, 165, 101, 99, 101, 97, 85, 165, 102, 96, 102, 102, 85, 165, 99, 98, 114, 97, 85, 165, 96, 96, 117, 104, 85, 165, 96, 96, 96, 96, 85, 165, 101, 104, 96, 96, 85, 165, 96, 104, 99, 104, 85, 165, 96, 99, 103, 100, 85, 165, 117, 114, 100, 96, 85, 165, 100, 96, 118, 105, 85, 165, 101, 116, 104, 114, 85, 165, 104, 96, 96, 104, 85, 165, 100, 98, 118, 114, 85, 165, 96, 104, 103, 101, 85, 165, 116, 114, 99, 99, 85, 165, 97, 104, 104, 113, 85, 165, 115, 99, 104, 114, 85, 165, 97, 103, 117, 114, 85, 165, 97, 104, 99, 104, 85, 165, 97, 97, 103, 102, 85, 165, 99, 99, 100, 96, 85, 165, 104, 100, 115, 105, 85, 165, 103, 100, 116, 114, 85, 165, 100, 96, 96, 115, 85, 165, 96, 104, 99, 104, 85, 165, 118, 114, 103, 101, 85, 165, 118, 117, 100, 96, 85, 165, 117, 114, 115, 114, 85, 165, 99, 99, 118, 98, 85, 165, 104, 105, 115, 96, 85, 165, 118, 115, 100, 101, 85, 165, 100, 101, 104, 114, 85, 165, 101, 114, 118, 115, 85, 165, 115, 99, 115, 105, 85, 165, 96, 98, 99, 98, 85, 165, 103, 100, 102, 104, 85, 165, 103, 96, 103, 100, 85, 165, 98, 118, 99, 113, 85, 165, 103, 99, 98, 118, 85, 165, 103, 105, 103, 100, 85, 165, 102, 101, 102, 115, 85, 165, 102, 98, 98, 116, 85, 165, 102, 97, 102, 118, 85, 165, 102, 100, 103, 98, 85, 165, 98, 117, 103, 99, 85, 165, 102, 118, 102, 99, 85, 165, 98, 118, 102, 116, 85, 165, 102, 118, 102, 102, 85, 165, 103, 101, 103, 98, 85, 165, 98, 118, 102, 116, 85, 165, 102, 117, 102, 100, 85, 165, 103, 104, 103, 99, 85, 165, 98, 117, 99, 98, 85, 165, 103, 104, 102, 101, 85, 165, 96, 96, 102, 101, 85, 165, 103, 100, 102, 104, 85, 165, 103, 96, 103, 100, 85, 165, 98, 118, 99, 113, 85, 165, 103, 99, 98, 118, 85, 165, 103, 105, 103, 100, 85, 165, 102, 101, 102, 115, 85, 165, 102, 98, 98, 116, 85, 165, 102, 97, 102, 118, 85, 165, 102, 100, 103, 98, 85, 165, 98, 117, 103, 99, 85, 165, 102, 118, 102, 99, 85, 165, 98, 118, 102, 116, 85, 165, 102, 118, 102, 102, 85, 165, 103, 101, 103, 98, 85, 165, 98, 118, 102, 116, 85, 165, 102, 115, 102, 99, 85, 165, 102, 99, 102, 105, 85, 165, 98, 117, 102, 114, 85, 165, 102, 104, 103, 96, 85, 165, 99, 118, 103, 96, 85, 165, 99, 116, 103, 98, 85, 165, 96, 96, 96, 96, 82, 89, 107, 61, 58, 57, 57, 166, 145, 162, 80, 158, 159, 160, 80, 109, 80, 165, 158, 149, 163, 147, 145, 160, 149, 88, 82, 85, 165, 96, 113, 96, 113, 85, 165, 96, 113, 96, 113, 85, 165, 96, 113, 96, 113, 85, 165, 96, 113, 96, 113, 82, 89, 61, 58, 57, 57, 166, 145, 162, 80, 152, 149, 145, 160, 146, 156, 159, 147, 155, 80, 109, 80, 158, 159, 160, 80, 91, 80, 160, 145, 169, 156, 159, 145, 148, 107, 61, 58, 57, 57, 166, 145, 162, 80, 146, 153, 151, 146, 156, 159, 147, 155, 80, 109, 80, 165, 158, 149, 163, 147, 145, 160, 149, 88, 82, 85, 165, 96, 113, 96, 113, 85, 165, 96, 113, 96, 113, 82, 89, 107, 61, 58, 57, 57, 166, 145, 162, 80, 152, 149, 145, 148, 149, 162, 163, 153, 170, 149, 80, 109, 80, 98, 96, 107, 61, 58, 57, 57, 166, 145, 162, 80, 163, 160, 162, 145, 169, 80, 109, 80, 152, 149, 145, 148, 149, 162, 163, 153, 170, 149, 80, 91, 80, 152, 149, 145, 160, 146, 156, 159, 147, 155, 94, 156, 149, 158, 151, 164, 152, 107, 61, 58, 57, 57, 167, 152, 153, 156, 149, 80, 88, 146, 153, 151, 146, 156, 159, 147, 155, 94, 156, 149, 158, 151, 164, 152, 80, 108, 80, 163, 160, 162, 145, 169, 89, 171, 61, 58, 57, 57, 57, 146, 153, 151, 146, 156, 159, 147, 155, 80, 91, 109, 80, 146, 153, 151, 146, 156, 159, 147, 155, 107, 61, 58, 57, 57, 173, 61, 58, 57, 57, 166, 145, 162, 80, 150, 153, 156, 156, 146, 156, 159, 147, 155, 80, 109, 80, 146, 153, 151, 146, 156, 159, 147, 155, 94, 163, 165, 146, 163, 164, 162, 153, 158, 151, 88, 96, 92, 80, 163, 160, 162, 145, 169, 89, 107, 61, 58, 57, 57, 166, 145, 162, 80, 146, 156, 159, 147, 155, 80, 109, 80, 146, 153, 151, 146, 156, 159, 147, 155, 94, 163, 165, 146, 163, 164, 162, 153, 158, 151, 88, 96, 92, 80, 146, 153, 151, 146, 156, 159, 147, 155, 94, 156, 149, 158, 151, 164, 152, 93, 163, 160, 162, 145, 169, 89, 107, 61, 58, 57, 57, 167, 152, 153, 156, 149, 80, 88, 146, 156, 159, 147, 155, 94, 156, 149, 158, 151, 164, 152, 91, 163, 160, 162, 145, 169, 80, 108, 80, 96, 168, 100, 96, 96, 96, 96, 89, 171, 61, 58, 57, 57, 57, 146, 156, 159, 147, 155, 80, 109, 80, 146, 156, 159, 147, 155, 80, 91, 80, 146, 156, 159, 147, 155, 80, 91, 80, 150, 153, 156, 156, 146, 156, 159, 147, 155, 107, 61, 58, 57, 57, 173, 61, 58, 57, 57, 166, 145, 162, 80, 157, 149, 157, 143, 145, 162, 162, 145, 169, 80, 109, 80, 158, 149, 167, 80, 113, 162, 162, 145, 169, 88, 89, 107, 61, 58, 57, 57, 150, 159, 162, 80, 88, 166, 145, 162, 80, 153, 80, 109, 80, 96, 107, 80, 153, 80, 108, 80, 97, 100, 96, 96, 107, 80, 153, 91, 91, 89, 171, 61, 58, 57, 57, 57, 157, 149, 157, 143, 145, 162, 162, 145, 169, 139, 153, 141, 80, 109, 80, 146, 156, 159, 147, 155, 80, 91, 80, 152, 149, 145, 160, 146, 156, 159, 147, 155, 107, 61, 58, 57, 57, 173, 61, 58, 57, 57, 166, 145, 162, 80, 158, 165, 157, 80, 109, 80, 97, 98, 105, 105, 105, 105, 105, 105, 105, 105, 105, 105, 105, 105, 105, 105, 105, 105, 105, 105, 104, 104, 104, 104, 104, 104, 104, 104, 104, 104, 104, 104, 104, 104, 104, 104, 104, 104, 104, 104, 104, 104, 104, 104, 104, 104, 104, 104, 104, 104, 104, 104, 104, 104, 104, 104, 104, 104, 104, 104, 104, 104, 104, 104, 104, 104, 104, 104, 104, 104, 104, 104, 104, 104, 104, 104, 104, 104, 104, 104, 104, 104, 104, 104, 104, 104, 104, 104, 104, 104, 104, 104, 104, 104, 104, 104, 104, 104, 104, 104, 104, 104, 104, 104, 104, 104, 104, 104, 104, 104, 104, 104, 104, 104, 104, 104, 104, 104, 104, 104, 104, 104, 104, 104, 104, 104, 104, 104, 104, 104, 104, 104, 104, 104, 104, 104, 104, 104, 104, 104, 104, 104, 104, 104, 104, 104, 104, 104, 104, 104, 104, 104, 104, 104, 104, 104, 104, 104, 104, 104, 104, 104, 104, 104, 104, 104, 104, 104, 104, 104, 104, 104, 104, 104, 104, 104, 104, 104, 104, 104, 104, 104, 104, 104, 104, 104, 104, 104, 104, 104, 104, 104, 104, 104, 104, 104, 104, 104, 104, 104, 104, 104, 104, 104, 104, 104, 104, 104, 104, 104, 104, 104, 104, 104, 104, 104, 104, 104, 104, 104, 104, 104, 104, 104, 104, 104, 104, 104, 104, 104, 104, 104, 104, 104, 104, 104, 104, 104, 104, 104, 104, 104, 104, 104, 104, 104, 104, 104, 104, 104, 104, 104, 104, 104, 104, 104, 104, 104, 104, 104, 104, 104, 104, 104, 104, 104, 104, 104, 104, 104, 104, 104, 104, 104, 104, 104, 104, 104, 104, 104, 104, 104, 104, 104, 104, 104, 104, 104, 104, 104, 104, 104, 104, 104, 104, 104, 107, 61, 58, 57, 57, 165, 164, 153, 156, 94, 160, 162, 153, 158, 164, 150, 88, 82, 85, 100, 101, 96, 96, 96, 150, 82, 92, 80, 158, 165, 157, 89, 107, 61, 58, 57, 173, 61, 58, 61, 58, 57, 150, 165, 158, 147, 164, 153, 159, 158, 80, 147, 159, 156, 156, 145, 146, 143, 149, 157, 145, 153, 156, 88, 89, 171, 61, 58, 57, 57, 166, 145, 162, 80, 163, 152, 149, 156, 156, 147, 159, 148, 149, 80, 109, 80, 165, 158, 149, 163, 147, 145, 160, 149, 88, 82, 85, 165, 117, 114, 117, 105, 85, 165, 96, 96, 96, 97, 85, 165, 101, 102, 96, 96, 85, 165, 113, 97, 102, 100, 85, 165, 96, 96, 99, 96, 85, 165, 96, 96, 96, 96, 85, 165, 100, 96, 104, 114, 85, 165, 104, 114, 96, 115, 85, 165, 97, 115, 103, 96, 85, 165, 104, 114, 113, 116, 85, 165, 96, 104, 100, 96, 85, 165, 115, 99, 101, 117, 85, 165, 104, 114, 101, 101, 85, 165, 104, 114, 117, 115, 85, 165, 96, 104, 100, 101, 85, 165, 99, 99, 101, 98, 85, 165, 115, 97, 116, 98, 85, 165, 96, 99, 115, 98, 85, 165, 97, 96, 99, 98, 85, 165, 104, 96, 100, 96, 85, 165, 96, 96, 99, 104, 85, 165, 118, 101, 103, 101, 85, 165, 115, 98, 104, 114, 85, 165, 101, 116, 101, 113, 85, 165, 96, 100, 115, 98, 85, 165, 101, 101, 96, 96, 85, 165, 117, 115, 104, 114, 85, 165, 101, 97, 101, 97, 85, 165, 101, 102, 101, 99, 85, 165, 102, 96, 101, 103, 85, 165, 101, 116, 104, 114, 85, 165, 99, 99, 96, 104, 85, 165, 104, 114, 115, 96, 85, 165, 96, 115, 103, 101, 85, 165, 118, 117, 104, 114, 85, 165, 103, 102, 96, 99, 85, 165, 104, 114, 99, 115, 85, 165, 103, 104, 100, 117, 85, 165, 115, 118, 96, 99, 85, 165, 101, 97, 104, 114, 85, 165, 101, 98, 97, 115, 85, 165, 101, 97, 104, 114, 85, 165, 101, 98, 98, 100, 85, 165, 103, 97, 104, 114, 85, 165, 100, 117, 97, 100, 85, 165, 103, 101, 104, 105, 85, 165, 104, 114, 118, 115, 85, 165, 98, 96, 103, 97, 85, 165, 118, 103, 96, 99, 85, 165, 100, 113, 105, 105, 85, 165, 100, 98, 113, 116, 85, 165, 99, 114, 102, 96, 85, 165, 118, 115, 101, 101, 85, 165, 96, 100, 103, 101, 85, 165, 115, 96, 99, 99, 85, 165, 99, 103, 117, 114, 85, 165, 118, 118, 99, 99, 85, 165, 100, 101, 96, 99, 85, 165, 105, 103, 96, 115, 85, 165, 115, 118, 104, 114, 85, 165, 103, 101, 113, 117, 85, 165, 98, 114, 118, 116, 85, 165, 100, 118, 118, 105, 85, 165, 117, 104, 101, 97, 85, 165, 118, 118, 105, 100, 85, 165, 118, 118, 118, 118, 85, 165, 115, 99, 99, 114, 85, 165, 103, 100, 102, 97, 85, 165, 117, 114, 96, 98, 85, 165, 104, 114, 116, 105, 85, 165, 96, 115, 100, 101, 85, 165, 101, 117, 105, 98, 85, 165, 118, 98, 96, 99, 85, 165, 117, 96, 116, 97, 85, 165, 115, 102, 96, 99, 85, 165, 115, 105, 99, 99, 85, 165, 114, 103, 96, 118, 85, 165, 101, 118, 96, 104, 85, 165, 117, 97, 115, 97, 85, 165, 96, 99, 96, 98, 85, 165, 96, 99, 115, 113, 85, 165, 104, 114, 115, 118, 85, 165, 96, 99, 96, 97, 85, 165, 104, 105, 115, 98, 85, 165, 118, 104, 100, 101, 85, 165, 104, 114, 102, 97, 85, 165, 118, 104, 100, 101, 85, 165, 101, 117, 101, 118, 85, 165, 115, 105, 101, 114, 85, 165, 101, 101, 115, 99, 85, 165, 117, 115, 104, 114, 85, 165, 117, 104, 101, 97, 85, 165, 118, 118, 100, 105, 85, 165, 118, 118, 118, 118, 85, 165, 102, 104, 101, 96, 85, 165, 102, 96, 117, 104, 85, 165, 96, 100, 114, 118, 85, 165, 102, 115, 117, 104, 85, 165, 118, 118, 118, 118, 85, 165, 99, 99, 118, 118, 85, 165, 101, 98, 116, 98, 85, 165, 118, 118, 101, 98, 85, 165, 96, 104, 103, 101, 85, 165, 116, 96, 118, 118, 85, 165, 100, 101, 104, 105, 85, 165, 104, 114, 118, 115, 85, 165, 118, 115, 100, 101, 85, 165, 115, 99, 115, 105, 85, 165, 104, 114, 101, 101, 85, 165, 104, 99, 117, 115, 85, 165, 96, 115, 117, 115, 85, 165, 100, 101, 104, 116, 85, 165, 101, 96, 118, 100, 85, 165, 100, 101, 115, 102, 85, 165, 103, 101, 118, 100, 85, 165, 100, 101, 115, 102, 85, 165, 103, 98, 118, 101, 85, 165, 100, 101, 115, 102, 85, 165, 102, 115, 118, 102, 85, 165, 100, 101, 115, 102, 85, 165, 102, 116, 118, 103, 85, 165, 100, 101, 115, 102, 85, 165, 102, 118, 118, 104, 85, 165, 100, 101, 115, 102, 85, 165, 102, 117, 118, 105, 85, 165, 100, 101, 115, 102, 85, 165, 98, 117, 118, 113, 85, 165, 100, 101, 115, 102, 85, 165, 102, 100, 118, 114, 85, 165, 100, 101, 115, 102, 85, 165, 102, 115, 118, 115, 85, 165, 100, 101, 115, 102, 85, 165, 102, 115, 118, 116, 85, 165, 100, 101, 115, 102, 85, 165, 96, 96, 118, 117, 85, 165, 113, 96, 117, 104, 85, 165, 118, 118, 118, 118, 85, 165, 101, 96, 118, 118, 85, 165, 101, 116, 102, 104, 85, 165, 97, 97, 104, 113, 85, 165, 117, 104, 97, 102, 85, 165, 118, 118, 97, 101, 85, 165, 118, 118, 118, 118, 85, 165, 115, 100, 104, 99, 85, 165, 104, 101, 96, 115, 85, 165, 103, 100, 115, 96, 85, 165, 102, 113, 97, 101, 85, 165, 102, 113, 96, 96, 85, 165, 118, 118, 96, 96, 85, 165, 96, 115, 103, 101, 85, 165, 103, 101, 118, 118, 85, 165, 102, 113, 96, 104, 85, 165, 118, 118, 96, 96, 85, 165, 104, 101, 116, 96, 85, 165, 103, 101, 115, 96, 85, 165, 100, 96, 96, 99, 85, 165, 115, 99, 115, 105, 85, 165, 115, 96, 99, 99, 85, 165, 115, 99, 115, 105, 85, 165, 99, 99, 101, 103, 85, 165, 104, 114, 115, 96, 85, 165, 98, 100, 100, 115, 85, 165, 104, 114, 96, 115, 85, 165, 98, 100, 103, 115, 85, 165, 118, 115, 96, 104, 85, 165, 113, 113, 118, 99, 85, 165, 115, 99, 101, 118, 85, 165, 100, 115, 104, 114, 85, 165, 96, 100, 98, 100, 85, 165, 99, 105, 104, 96, 85, 165, 104, 114, 96, 96, 85, 165, 103, 100, 115, 97, 85, 165, 100, 96, 96, 102, 85, 165, 99, 104, 104, 96, 85, 165, 103, 101, 96, 96, 85, 165, 98, 114, 118, 113, 85, 165, 115, 99, 115, 97, 85, 165, 104, 114, 101, 101, 85, 165, 104, 99, 117, 115, 85, 165, 102, 100, 117, 115, 85, 165, 104, 116, 101, 99, 85, 165, 118, 96, 100, 101, 85, 165, 99, 99, 101, 103, 85, 165, 101, 96, 116, 114, 85, 165, 100, 101, 115, 102, 85, 165, 102, 114, 118, 96, 85, 165, 100, 101, 115, 102, 85, 165, 102, 101, 118, 97, 85, 165, 100, 101, 115, 102, 85, 165, 103, 98, 118, 98, 85, 165, 100, 101, 115, 102, 85, 165, 102, 117, 118, 99, 85, 165, 100, 101, 115, 102, 85, 165, 102, 101, 118, 100, 85, 165, 100, 101, 115, 102, 85, 165, 102, 115, 118, 101, 85, 165, 100, 101, 115, 102, 85, 165, 99, 99, 118, 102, 85, 165, 100, 101, 115, 102, 85, 165, 99, 98, 118, 103, 85, 165, 100, 101, 115, 102, 85, 165, 98, 117, 118, 104, 85, 165, 100, 101, 115, 102, 85, 165, 102, 100, 118, 105, 85, 165, 100, 101, 115, 102, 85, 165, 102, 115, 118, 113, 85, 165, 100, 101, 115, 102, 85, 165, 102, 115, 118, 114, 85, 165, 101, 116, 104, 104, 85, 165, 117, 104, 118, 115, 85, 165, 118, 118, 96, 114, 85, 165, 118, 118, 118, 118, 85, 165, 102, 104, 101, 96, 85, 165, 100, 99, 102, 104, 85, 165, 104, 117, 118, 105, 85, 165, 104, 96, 117, 104, 85, 165, 118, 118, 118, 117, 85, 165, 104, 114, 118, 118, 85, 165, 104, 116, 118, 104, 85, 165, 105, 115, 100, 101, 85, 165, 100, 100, 102, 113, 85, 165, 117, 104, 101, 96, 85, 165, 118, 118, 103, 117, 85, 165, 118, 118, 118, 118, 85, 165, 100, 101, 104, 116, 85, 165, 102, 113, 117, 96, 85, 165, 101, 96, 97, 96, 85, 165, 103, 99, 117, 104, 85, 165, 118, 118, 118, 118, 85, 165, 104, 99, 118, 118, 85, 165, 97, 115, 115, 100, 85, 165, 100, 101, 104, 116, 85, 165, 101, 96, 117, 96, 85, 165, 100, 101, 104, 116, 85, 165, 101, 96, 105, 115, 85, 165, 101, 99, 101, 99, 85, 165, 101, 99, 101, 99, 85, 165, 101, 99, 101, 99, 85, 165, 103, 101, 118, 118, 85, 165, 115, 103, 96, 104, 85, 165, 105, 115, 100, 101, 85, 165, 96, 96, 100, 100, 85, 165, 96, 96, 96, 96, 85, 165, 118, 118, 101, 99, 85, 165, 101, 118, 116, 103, 85, 165, 114, 102, 96, 118, 85, 165, 101, 114, 115, 96, 85, 165, 115, 99, 115, 105, 85, 165, 104, 114, 101, 101, 85, 165, 101, 97, 117, 115, 85, 165, 101, 99, 101, 97, 85, 165, 101, 103, 101, 102, 85, 165, 100, 98, 102, 113, 85, 165, 103, 98, 117, 104, 85, 165, 96, 96, 96, 96, 85, 165, 104, 114, 96, 96, 85, 165, 99, 99, 116, 104, 85, 165, 104, 101, 118, 102, 85, 165, 101, 105, 116, 114, 85, 165, 100, 101, 115, 103, 85, 165, 102, 97, 118, 104, 85, 165, 102, 101, 98, 117, 85, 165, 115, 103, 103, 104, 85, 165, 118, 115, 100, 101, 85, 165, 96, 96, 102, 101, 85, 165, 96, 96, 96, 96, 85, 165, 101, 102, 103, 117, 85, 165, 100, 101, 104, 116, 85, 165, 101, 96, 118, 104, 85, 165, 117, 104, 101, 102, 85, 165, 96, 96, 101, 97, 85, 165, 96, 96, 96, 96, 85, 165, 101, 96, 101, 105, 85, 165, 114, 97, 117, 104, 85, 165, 118, 118, 118, 117, 85, 165, 104, 101, 118, 118, 85, 165, 101, 105, 115, 96, 85, 165, 103, 100, 101, 105, 85, 165, 104, 116, 99, 105, 85, 165, 96, 97, 100, 102, 85, 165, 117, 104, 101, 96, 85, 165, 96, 96, 99, 114, 85, 165, 96, 96, 96, 96, 85, 165, 118, 104, 104, 114, 85, 165, 100, 101, 104, 116, 85, 165, 101, 96, 118, 104, 85, 165, 98, 97, 117, 104, 85, 165, 118, 118, 118, 118, 85, 165, 104, 101, 118, 118, 85, 165, 101, 105, 115, 96, 85, 165, 103, 100, 101, 105, 85, 165, 101, 103, 96, 115, 85, 165, 96, 97, 117, 104, 85, 165, 118, 118, 118, 118, 85, 165, 101, 105, 118, 118, 85, 165, 100, 100, 115, 102, 85, 165, 118, 118, 99, 104, 85, 165, 101, 96, 103, 99, 85, 165, 100, 101, 104, 116, 85, 165, 118, 117, 118, 104, 85, 165, 101, 104, 96, 96, 85, 165, 100, 101, 104, 116, 85, 165, 101, 96, 118, 104, 85, 165, 117, 104, 101, 103, 85, 165, 118, 117, 103, 100, 85, 165, 118, 118, 118, 118, 85, 165, 101, 105, 101, 105, 85, 165, 100, 102, 100, 102, 85, 165, 118, 99, 99, 114, 85, 165, 113, 113, 103, 115, 85, 165, 101, 117, 101, 118, 85, 165, 115, 105, 101, 114, 85, 165, 101, 101, 115, 99, 85, 165, 117, 115, 104, 114, 85, 165, 101, 99, 101, 97, 85, 165, 102, 96, 102, 102, 85, 165, 99, 98, 114, 97, 85, 165, 96, 96, 117, 104, 85, 165, 96, 96, 96, 96, 85, 165, 101, 104, 96, 96, 85, 165, 96, 104, 99, 104, 85, 165, 96, 99, 103, 100, 85, 165, 117, 114, 100, 96, 85, 165, 100, 96, 118, 105, 85, 165, 101, 116, 104, 114, 85, 165, 104, 96, 96, 104, 85, 165, 100, 98, 118, 114, 85, 165, 96, 104, 103, 101, 85, 165, 116, 114, 99, 99, 85, 165, 97, 104, 104, 113, 85, 165, 115, 99, 104, 114, 85, 165, 97, 103, 117, 114, 85, 165, 97, 104, 99, 104, 85, 165, 97, 97, 103, 102, 85, 165, 99, 99, 100, 96, 85, 165, 104, 100, 115, 105, 85, 165, 103, 100, 116, 114, 85, 165, 100, 96, 96, 115, 85, 165, 96, 104, 99, 104, 85, 165, 118, 114, 103, 101, 85, 165, 118, 117, 100, 96, 85, 165, 117, 114, 115, 114, 85, 165, 99, 99, 118, 98, 85, 165, 104, 105, 115, 96, 85, 165, 118, 115, 100, 101, 85, 165, 100, 101, 104, 114, 85, 165, 101, 114, 118, 115, 85, 165, 115, 99, 115, 105, 85, 165, 96, 98, 99, 98, 85, 165, 103, 100, 102, 104, 85, 165, 103, 96, 103, 100, 85, 165, 98, 118, 99, 113, 85, 165, 103, 99, 98, 118, 85, 165, 103, 105, 103, 100, 85, 165, 102, 101, 102, 115, 85, 165, 102, 98, 98, 116, 85, 165, 102, 97, 102, 118, 85, 165, 102, 100, 103, 98, 85, 165, 98, 117, 103, 99, 85, 165, 102, 118, 102, 99, 85, 165, 98, 118, 102, 116, 85, 165, 102, 118, 102, 102, 85, 165, 103, 101, 103, 98, 85, 165, 98, 118, 102, 116, 85, 165, 102, 105, 102, 103, 85, 165, 103, 98, 102, 113, 85, 165, 103, 104, 103, 102, 85, 165, 98, 117, 99, 98, 85, 165, 103, 104, 102, 101, 85, 165, 96, 96, 102, 101, 85, 165, 103, 100, 102, 104, 85, 165, 103, 96, 103, 100, 85, 165, 98, 118, 99, 113, 85, 165, 103, 99, 98, 118, 85, 165, 103, 105, 103, 100, 85, 165, 102, 101, 102, 115, 85, 165, 102, 98, 98, 116, 85, 165, 102, 97, 102, 118, 85, 165, 102, 100, 103, 98, 85, 165, 98, 117, 103, 99, 85, 165, 102, 118, 102, 99, 85, 165, 98, 118, 102, 116, 85, 165, 102, 118, 102, 102, 85, 165, 103, 101, 103, 98, 85, 165, 98, 118, 102, 116, 85, 165, 102, 115, 102, 99, 85, 165, 102, 99, 102, 105, 85, 165, 98, 117, 102, 114, 85, 165, 102, 104, 103, 96, 85, 165, 99, 118, 103, 96, 85, 165, 99, 116, 103, 98, 85, 165, 96, 96, 96, 96, 82, 89, 107, 61, 58, 57, 57, 166, 145, 162, 80, 157, 149, 157, 143, 145, 162, 162, 145, 169, 80, 109, 80, 158, 149, 167, 80, 113, 162, 162, 145, 169, 88, 89, 107, 61, 58, 57, 57, 166, 145, 162, 80, 147, 147, 80, 109, 80, 96, 168, 96, 147, 96, 147, 96, 147, 96, 147, 107, 61, 58, 57, 57, 166, 145, 162, 80, 145, 148, 148, 162, 80, 109, 80, 96, 168, 100, 96, 96, 96, 96, 96, 107, 61, 58, 57, 57, 166, 145, 162, 80, 163, 147, 143, 156, 149, 158, 80, 109, 80, 163, 152, 149, 156, 156, 147, 159, 148, 149, 94, 156, 149, 158, 151, 164, 152, 80, 90, 80, 98, 107, 61, 58, 57, 57, 166, 145, 162, 80, 156, 149, 158, 80, 109, 80, 145, 148, 148, 162, 80, 93, 80, 88, 163, 147, 143, 156, 149, 158, 91, 96, 168, 99, 104, 89, 107, 61, 58, 57, 57, 166, 145, 162, 80, 169, 145, 162, 163, 160, 80, 109, 80, 165, 158, 149, 163, 147, 145, 160, 149, 88, 82, 85, 165, 105, 96, 105, 96, 85, 165, 105, 96, 105, 96, 82, 89, 107, 61, 58, 57, 57, 169, 145, 162, 163, 160, 80, 109, 80, 150, 153, 168, 143, 153, 164, 88, 169, 145, 162, 163, 160, 92, 80, 156, 149, 158, 89, 107, 61, 58, 57, 57, 166, 145, 162, 80, 147, 159, 165, 158, 164, 98, 80, 109, 80, 88, 147, 147, 80, 93, 80, 96, 168, 100, 96, 96, 96, 96, 96, 89, 95, 145, 148, 148, 162, 107, 61, 58, 57, 57, 150, 159, 162, 80, 88, 166, 145, 162, 80, 147, 159, 165, 158, 164, 80, 109, 80, 96, 107, 80, 147, 159, 165, 158, 164, 80, 108, 80, 147, 159, 165, 158, 164, 98, 107, 80, 147, 159, 165, 158, 164, 91, 91, 89, 171, 61, 58, 57, 57, 57, 157, 149, 157, 143, 145, 162, 162, 145, 169, 139, 147, 159, 165, 158, 164, 141, 80, 109, 80, 169, 145, 162, 163, 160, 80, 91, 80, 163, 152, 149, 156, 156, 147, 159, 148, 149, 107, 61, 58, 57, 57, 173, 61, 58, 57, 57, 166, 145, 162, 80, 159, 166, 149, 162, 150, 156, 159, 167, 80, 109, 80, 165, 158, 149, 163, 147, 145, 160, 149, 88, 82, 85, 165, 96, 147, 96, 147, 85, 165, 96, 147, 96, 147, 82, 89, 107, 61, 58, 57, 57, 167, 152, 153, 156, 149, 80, 88, 159, 166, 149, 162, 150, 156, 159, 167, 94, 156, 149, 158, 151, 164, 152, 80, 108, 80, 100, 100, 105, 101, 98, 89, 171, 61, 58, 57, 57, 57, 159, 166, 149, 162, 150, 156, 159, 167, 80, 91, 109, 80, 159, 166, 149, 162, 150, 156, 159, 167, 107, 61, 58, 57, 57, 173, 61, 58, 57, 57, 164, 152, 153, 163, 94, 147, 159, 156, 156, 145, 146, 131, 164, 159, 162, 149, 80, 109, 80, 115, 159, 156, 156, 145, 146, 94, 147, 159, 156, 156, 149, 147, 164, 117, 157, 145, 153, 156, 121, 158, 150, 159, 88, 171, 163, 165, 146, 154, 106, 80, 82, 82, 92, 157, 163, 151, 106, 80, 159, 166, 149, 162, 150, 156, 159, 167, 173, 89, 107, 61, 58, 57, 173, 61, 58, 61, 58, 57, 150, 165, 158, 147, 164, 153, 159, 158, 80, 147, 159, 156, 156, 145, 146, 143, 151, 149, 164, 153, 147, 159, 158, 88, 89, 171, 61, 58, 57, 57, 153, 150, 80, 88, 145, 160, 160, 94, 148, 159, 147, 94, 115, 159, 156, 156, 145, 146, 94, 151, 149, 164, 121, 147, 159, 158, 89, 171, 61, 58, 57, 57, 57, 166, 145, 162, 80, 145, 162, 162, 169, 80, 109, 80, 158, 149, 167, 80, 113, 162, 162, 145, 169, 88, 89, 107, 61, 58, 57, 57, 57, 166, 145, 162, 80, 166, 166, 160, 149, 164, 152, 169, 145, 80, 109, 80, 165, 158, 149, 163, 147, 145, 160, 149, 88, 82, 85, 165, 117, 114, 117, 105, 85, 165, 96, 96, 96, 97, 85, 165, 101, 102, 96, 96, 85, 165, 113, 97, 102, 100, 85, 165, 96, 96, 99, 96, 85, 165, 96, 96, 96, 96, 85, 165, 100, 96, 104, 114, 85, 165, 104, 114, 96, 115, 85, 165, 97, 115, 103, 96, 85, 165, 104, 114, 113, 116, 85, 165, 96, 104, 100, 96, 85, 165, 115, 99, 101, 117, 85, 165, 104, 114, 101, 101, 85, 165, 104, 114, 117, 115, 85, 165, 96, 104, 100, 101, 85, 165, 99, 99, 101, 98, 85, 165, 115, 97, 116, 98, 85, 165, 96, 99, 115, 98, 85, 165, 97, 96, 99, 98, 85, 165, 104, 96, 100, 96, 85, 165, 96, 96, 99, 104, 85, 165, 118, 101, 103, 101, 85, 165, 115, 98, 104, 114, 85, 165, 101, 116, 101, 113, 85, 165, 96, 100, 115, 98, 85, 165, 101, 101, 96, 96, 85, 165, 117, 115, 104, 114, 85, 165, 101, 97, 101, 97, 85, 165, 101, 102, 101, 99, 85, 165, 102, 96, 101, 103, 85, 165, 101, 116, 104, 114, 85, 165, 99, 99, 96, 104, 85, 165, 104, 114, 115, 96, 85, 165, 96, 115, 103, 101, 85, 165, 118, 117, 104, 114, 85, 165, 103, 102, 96, 99, 85, 165, 104, 114, 99, 115, 85, 165, 103, 104, 100, 117, 85, 165, 115, 118, 96, 99, 85, 165, 101, 97, 104, 114, 85, 165, 101, 98, 97, 115, 85, 165, 101, 97, 104, 114, 85, 165, 101, 98, 98, 100, 85, 165, 103, 97, 104, 114, 85, 165, 100, 117, 97, 100, 85, 165, 103, 101, 104, 105, 85, 165, 104, 114, 118, 115, 85, 165, 98, 96, 103, 97, 85, 165, 118, 103, 96, 99, 85, 165, 100, 113, 105, 105, 85, 165, 100, 98, 113, 116, 85, 165, 99, 114, 102, 96, 85, 165, 118, 115, 101, 101, 85, 165, 96, 100, 103, 101, 85, 165, 115, 96, 99, 99, 85, 165, 99, 103, 117, 114, 85, 165, 118, 118, 99, 99, 85, 165, 100, 101, 96, 99, 85, 165, 105, 103, 96, 115, 85, 165, 115, 118, 104, 114, 85, 165, 103, 101, 113, 117, 85, 165, 98, 114, 118, 116, 85, 165, 100, 118, 118, 105, 85, 165, 117, 104, 101, 97, 85, 165, 118, 118, 105, 100, 85, 165, 118, 118, 118, 118, 85, 165, 115, 99, 99, 114, 85, 165, 103, 100, 102, 97, 85, 165, 117, 114, 96, 98, 85, 165, 104, 114, 116, 105, 85, 165, 96, 115, 100, 101, 85, 165, 101, 117, 105, 98, 85, 165, 118, 98, 96, 99, 85, 165, 117, 96, 116, 97, 85, 165, 115, 102, 96, 99, 85, 165, 115, 105, 99, 99, 85, 165, 114, 103, 96, 118, 85, 165, 101, 118, 96, 104, 85, 165, 117, 97, 115, 97, 85, 165, 96, 99, 96, 98, 85, 165, 96, 99, 115, 113, 85, 165, 104, 114, 115, 118, 85, 165, 96, 99, 96, 97, 85, 165, 104, 105, 115, 98, 85, 165, 118, 104, 100, 101, 85, 165, 104, 114, 102, 97, 85, 165, 118, 104, 100, 101, 85, 165, 101, 117, 101, 118, 85, 165, 115, 105, 101, 114, 85, 165, 101, 101, 115, 99, 85, 165, 117, 115, 104, 114, 85, 165, 117, 104, 101, 97, 85, 165, 118, 118, 100, 105, 85, 165, 118, 118, 118, 118, 85, 165, 102, 104, 101, 96, 85, 165, 102, 96, 117, 104, 85, 165, 96, 100, 114, 118, 85, 165, 102, 115, 117, 104, 85, 165, 118, 118, 118, 118, 85, 165, 99, 99, 118, 118, 85, 165, 101, 98, 116, 98, 85, 165, 118, 118, 101, 98, 85, 165, 96, 104, 103, 101, 85, 165, 116, 96, 118, 118, 85, 165, 100, 101, 104, 105, 85, 165, 104, 114, 118, 115, 85, 165, 118, 115, 100, 101, 85, 165, 115, 99, 115, 105, 85, 165, 104, 114, 101, 101, 85, 165, 104, 99, 117, 115, 85, 165, 96, 115, 117, 115, 85, 165, 100, 101, 104, 116, 85, 165, 101, 96, 118, 100, 85, 165, 100, 101, 115, 102, 85, 165, 103, 101, 118, 100, 85, 165, 100, 101, 115, 102, 85, 165, 103, 98, 118, 101, 85, 165, 100, 101, 115, 102, 85, 165, 102, 115, 118, 102, 85, 165, 100, 101, 115, 102, 85, 165, 102, 116, 118, 103, 85, 165, 100, 101, 115, 102, 85, 165, 102, 118, 118, 104, 85, 165, 100, 101, 115, 102, 85, 165, 102, 117, 118, 105, 85, 165, 100, 101, 115, 102, 85, 165, 98, 117, 118, 113, 85, 165, 100, 101, 115, 102, 85, 165, 102, 100, 118, 114, 85, 165, 100, 101, 115, 102, 85, 165, 102, 115, 118, 115, 85, 165, 100, 101, 115, 102, 85, 165, 102, 115, 118, 116, 85, 165, 100, 101, 115, 102, 85, 165, 96, 96, 118, 117, 85, 165, 113, 96, 117, 104, 85, 165, 118, 118, 118, 118, 85, 165, 101, 96, 118, 118, 85, 165, 101, 116, 102, 104, 85, 165, 97, 97, 104, 113, 85, 165, 117, 104, 97, 102, 85, 165, 118, 118, 97, 101, 85, 165, 118, 118, 118, 118, 85, 165, 115, 100, 104, 99, 85, 165, 104, 101, 96, 115, 85, 165, 103, 100, 115, 96, 85, 165, 102, 113, 97, 101, 85, 165, 102, 113, 96, 96, 85, 165, 118, 118, 96, 96, 85, 165, 96, 115, 103, 101, 85, 165, 103, 101, 118, 118, 85, 165, 102, 113, 96, 104, 85, 165, 118, 118, 96, 96, 85, 165, 104, 101, 116, 96, 85, 165, 103, 101, 115, 96, 85, 165, 100, 96, 96, 99, 85, 165, 115, 99, 115, 105, 85, 165, 115, 96, 99, 99, 85, 165, 115, 99, 115, 105, 85, 165, 99, 99, 101, 103, 85, 165, 104, 114, 115, 96, 85, 165, 98, 100, 100, 115, 85, 165, 104, 114, 96, 115, 85, 165, 98, 100, 103, 115, 85, 165, 118, 115, 96, 104, 85, 165, 113, 113, 118, 99, 85, 165, 115, 99, 101, 118, 85, 165, 100, 115, 104, 114, 85, 165, 96, 100, 98, 100, 85, 165, 99, 105, 104, 96, 85, 165, 104, 114, 96, 96, 85, 165, 103, 100, 115, 97, 85, 165, 100, 96, 96, 102, 85, 165, 99, 104, 104, 96, 85, 165, 103, 101, 96, 96, 85, 165, 98, 114, 118, 113, 85, 165, 115, 99, 115, 97, 85, 165, 104, 114, 101, 101, 85, 165, 104, 99, 117, 115, 85, 165, 102, 100, 117, 115, 85, 165, 104, 116, 101, 99, 85, 165, 118, 96, 100, 101, 85, 165, 99, 99, 101, 103, 85, 165, 101, 96, 116, 114, 85, 165, 100, 101, 115, 102, 85, 165, 102, 114, 118, 96, 85, 165, 100, 101, 115, 102, 85, 165, 102, 101, 118, 97, 85, 165, 100, 101, 115, 102, 85, 165, 103, 98, 118, 98, 85, 165, 100, 101, 115, 102, 85, 165, 102, 117, 118, 99, 85, 165, 100, 101, 115, 102, 85, 165, 102, 101, 118, 100, 85, 165, 100, 101, 115, 102, 85, 165, 102, 115, 118, 101, 85, 165, 100, 101, 115, 102, 85, 165, 99, 99, 118, 102, 85, 165, 100, 101, 115, 102, 85, 165, 99, 98, 118, 103, 85, 165, 100, 101, 115, 102, 85, 165, 98, 117, 118, 104, 85, 165, 100, 101, 115, 102, 85, 165, 102, 100, 118, 105, 85, 165, 100, 101, 115, 102, 85, 165, 102, 115, 118, 113, 85, 165, 100, 101, 115, 102, 85, 165, 102, 115, 118, 114, 85, 165, 101, 116, 104, 104, 85, 165, 117, 104, 118, 115, 85, 165, 118, 118, 96, 114, 85, 165, 118, 118, 118, 118, 85, 165, 102, 104, 101, 96, 85, 165, 100, 99, 102, 104, 85, 165, 104, 117, 118, 105, 85, 165, 104, 96, 117, 104, 85, 165, 118, 118, 118, 117, 85, 165, 104, 114, 118, 118, 85, 165, 104, 116, 118, 104, 85, 165, 105, 115, 100, 101, 85, 165, 100, 100, 102, 113, 85, 165, 117, 104, 101, 96, 85, 165, 118, 118, 103, 117, 85, 165, 118, 118, 118, 118, 85, 165, 100, 101, 104, 116, 85, 165, 102, 113, 117, 96, 85, 165, 101, 96, 97, 96, 85, 165, 103, 99, 117, 104, 85, 165, 118, 118, 118, 118, 85, 165, 104, 99, 118, 118, 85, 165, 97, 115, 115, 100, 85, 165, 100, 101, 104, 116, 85, 165, 101, 96, 117, 96, 85, 165, 100, 101, 104, 116, 85, 165, 101, 96, 105, 115, 85, 165, 101, 99, 101, 99, 85, 165, 101, 99, 101, 99, 85, 165, 101, 99, 101, 99, 85, 165, 103, 101, 118, 118, 85, 165, 115, 103, 96, 104, 85, 165, 105, 115, 100, 101, 85, 165, 96, 96, 100, 100, 85, 165, 96, 96, 96, 96, 85, 165, 118, 118, 101, 99, 85, 165, 101, 118, 116, 103, 85, 165, 114, 102, 96, 118, 85, 165, 101, 114, 115, 96, 85, 165, 115, 99, 115, 105, 85, 165, 104, 114, 101, 101, 85, 165, 101, 97, 117, 115, 85, 165, 101, 99, 101, 97, 85, 165, 101, 103, 101, 102, 85, 165, 100, 98, 102, 113, 85, 165, 103, 98, 117, 104, 85, 165, 96, 96, 96, 96, 85, 165, 104, 114, 96, 96, 85, 165, 99, 99, 116, 104, 85, 165, 104, 101, 118, 102, 85, 165, 101, 105, 116, 114, 85, 165, 100, 101, 115, 103, 85, 165, 102, 97, 118, 104, 85, 165, 102, 101, 98, 117, 85, 165, 115, 103, 103, 104, 85, 165, 118, 115, 100, 101, 85, 165, 96, 96, 102, 101, 85, 165, 96, 96, 96, 96, 85, 165, 101, 102, 103, 117, 85, 165, 100, 101, 104, 116, 85, 165, 101, 96, 118, 104, 85, 165, 117, 104, 101, 102, 85, 165, 96, 96, 101, 97, 85, 165, 96, 96, 96, 96, 85, 165, 101, 96, 101, 105, 85, 165, 114, 97, 117, 104, 85, 165, 118, 118, 118, 117, 85, 165, 104, 101, 118, 118, 85, 165, 101, 105, 115, 96, 85, 165, 103, 100, 101, 105, 85, 165, 104, 116, 99, 105, 85, 165, 96, 97, 100, 102, 85, 165, 117, 104, 101, 96, 85, 165, 96, 96, 99, 114, 85, 165, 96, 96, 96, 96, 85, 165, 118, 104, 104, 114, 85, 165, 100, 101, 104, 116, 85, 165, 101, 96, 118, 104, 85, 165, 98, 97, 117, 104, 85, 165, 118, 118, 118, 118, 85, 165, 104, 101, 118, 118, 85, 165, 101, 105, 115, 96, 85, 165, 103, 100, 101, 105, 85, 165, 101, 103, 96, 115, 85, 165, 96, 97, 117, 104, 85, 165, 118, 118, 118, 118, 85, 165, 101, 105, 118, 118, 85, 165, 100, 100, 115, 102, 85, 165, 118, 118, 99, 104, 85, 165, 101, 96, 103, 99, 85, 165, 100, 101, 104, 116, 85, 165, 118, 117, 118, 104, 85, 165, 101, 104, 96, 96, 85, 165, 100, 101, 104, 116, 85, 165, 101, 96, 118, 104, 85, 165, 117, 104, 101, 103, 85, 165, 118, 117, 103, 100, 85, 165, 118, 118, 118, 118, 85, 165, 101, 105, 101, 105, 85, 165, 100, 102, 100, 102, 85, 165, 118, 99, 99, 114, 85, 165, 113, 113, 103, 115, 85, 165, 101, 117, 101, 118, 85, 165, 115, 105, 101, 114, 85, 165, 101, 101, 115, 99, 85, 165, 117, 115, 104, 114, 85, 165, 101, 99, 101, 97, 85, 165, 102, 96, 102, 102, 85, 165, 99, 98, 114, 97, 85, 165, 96, 96, 117, 104, 85, 165, 96, 96, 96, 96, 85, 165, 101, 104, 96, 96, 85, 165, 96, 104, 99, 104, 85, 165, 96, 99, 103, 100, 85, 165, 117, 114, 100, 96, 85, 165, 100, 96, 118, 105, 85, 165, 101, 116, 104, 114, 85, 165, 104, 96, 96, 104, 85, 165, 100, 98, 118, 114, 85, 165, 96, 104, 103, 101, 85, 165, 116, 114, 99, 99, 85, 165, 97, 104, 104, 113, 85, 165, 115, 99, 104, 114, 85, 165, 97, 103, 117, 114, 85, 165, 97, 104, 99, 104, 85, 165, 97, 97, 103, 102, 85, 165, 99, 99, 100, 96, 85, 165, 104, 100, 115, 105, 85, 165, 103, 100, 116, 114, 85, 165, 100, 96, 96, 115, 85, 165, 96, 104, 99, 104, 85, 165, 118, 114, 103, 101, 85, 165, 118, 117, 100, 96, 85, 165, 117, 114, 115, 114, 85, 165, 99, 99, 118, 98, 85, 165, 104, 105, 115, 96, 85, 165, 118, 115, 100, 101, 85, 165, 100, 101, 104, 114, 85, 165, 101, 114, 118, 115, 85, 165, 115, 99, 115, 105, 85, 165, 96, 98, 99, 98, 85, 165, 103, 100, 102, 104, 85, 165, 103, 96, 103, 100, 85, 165, 98, 118, 99, 113, 85, 165, 103, 99, 98, 118, 85, 165, 103, 105, 103, 100, 85, 165, 102, 101, 102, 115, 85, 165, 102, 98, 98, 116, 85, 165, 102, 97, 102, 118, 85, 165, 102, 100, 103, 98, 85, 165, 98, 117, 103, 99, 85, 165, 102, 118, 102, 99, 85, 165, 98, 118, 102, 116, 85, 165, 102, 118, 102, 102, 85, 165, 103, 101, 103, 98, 85, 165, 98, 118, 102, 116, 85, 165, 102, 101, 102, 97, 85, 165, 102, 116, 102, 115, 85, 165, 98, 117, 99, 98, 85, 165, 103, 104, 102, 101, 85, 165, 96, 96, 102, 101, 85, 165, 103, 100, 102, 104, 85, 165, 103, 96, 103, 100, 85, 165, 98, 118, 99, 113, 85, 165, 103, 99, 98, 118, 85, 165, 103, 105, 103, 100, 85, 165, 102, 101, 102, 115, 85, 165, 102, 98, 98, 116, 85, 165, 102, 97, 102, 118, 85, 165, 102, 100, 103, 98, 85, 165, 98, 117, 103, 99, 85, 165, 102, 118, 102, 99, 85, 165, 98, 118, 102, 116, 85, 165, 102, 118, 102, 102, 85, 165, 103, 101, 103, 98, 85, 165, 98, 118, 102, 116, 85, 165, 102, 115, 102, 99, 85, 165, 102, 99, 102, 105, 85, 165, 98, 117, 102, 114, 85, 165, 102, 104, 103, 96, 85, 165, 99, 118, 103, 96, 85, 165, 99, 116, 103, 98, 85, 165, 96, 96, 96, 96, 82, 89, 107, 61, 58, 57, 57, 57, 166, 145, 162, 80, 152, 135, 161, 101, 96, 96, 115, 126, 80, 109, 80, 166, 166, 160, 149, 164, 152, 169, 145, 94, 156, 149, 158, 151, 164, 152, 80, 90, 80, 98, 107, 61, 58, 57, 57, 57, 166, 145, 162, 80, 156, 149, 158, 80, 109, 80, 96, 168, 100, 96, 96, 96, 96, 96, 80, 93, 80, 88, 152, 135, 161, 101, 96, 96, 115, 126, 80, 91, 80, 96, 168, 99, 104, 89, 107, 61, 58, 57, 57, 57, 166, 145, 162, 80, 169, 145, 162, 163, 160, 80, 109, 80, 165, 158, 149, 163, 147, 145, 160, 149, 88, 82, 85, 165, 105, 96, 105, 96, 85, 165, 105, 96, 105, 96, 82, 89, 107, 61, 58, 57, 57, 57, 169, 145, 162, 163, 160, 80, 109, 80, 150, 153, 168, 143, 153, 164, 88, 169, 145, 162, 163, 160, 92, 80, 156, 149, 158, 89, 107, 61, 58, 57, 57, 57, 166, 145, 162, 80, 160, 101, 113, 154, 123, 102, 101, 150, 80, 109, 80, 88, 96, 168, 96, 147, 96, 147, 96, 147, 96, 147, 80, 93, 80, 96, 168, 100, 96, 96, 96, 96, 96, 89, 80, 95, 80, 96, 168, 100, 96, 96, 96, 96, 96, 107, 61, 58, 57, 57, 57, 150, 159, 162, 80, 88, 166, 145, 162, 80, 166, 161, 147, 129, 116, 105, 102, 169, 80, 109, 80, 96, 107, 80, 166, 161, 147, 129, 116, 105, 102, 169, 80, 108, 80, 160, 101, 113, 154, 123, 102, 101, 150, 107, 80, 166, 161, 147, 129, 116, 105, 102, 169, 80, 91, 91, 80, 89, 171, 61, 58, 57, 57, 57, 57, 145, 162, 162, 169, 139, 166, 161, 147, 129, 116, 105, 102, 169, 141, 80, 109, 80, 169, 145, 162, 163, 160, 80, 91, 80, 166, 166, 160, 149, 164, 152, 169, 145, 107, 61, 58, 57, 57, 57, 173, 61, 58, 57, 57, 57, 166, 145, 162, 80, 164, 133, 125, 152, 126, 146, 119, 167, 80, 109, 80, 165, 158, 149, 163, 147, 145, 160, 149, 88, 82, 85, 96, 105, 82, 89, 107, 61, 58, 57, 57, 57, 167, 152, 153, 156, 149, 80, 88, 164, 133, 125, 152, 126, 146, 119, 167, 94, 156, 149, 158, 151, 164, 152, 80, 108, 80, 96, 168, 100, 96, 96, 96, 89, 171, 61, 58, 57, 57, 57, 57, 164, 133, 125, 152, 126, 146, 119, 167, 80, 91, 109, 80, 164, 133, 125, 152, 126, 146, 119, 167, 107, 61, 58, 57, 57, 57, 173, 61, 58, 57, 57, 57, 164, 133, 125, 152, 126, 146, 119, 167, 80, 109, 80, 82, 126, 94, 82, 80, 91, 80, 164, 133, 125, 152, 126, 146, 119, 167, 107, 61, 58, 57, 57, 57, 145, 160, 160, 94, 148, 159, 147, 94, 115, 159, 156, 156, 145, 146, 94, 151, 149, 164, 121, 147, 159, 158, 88, 164, 133, 125, 152, 126, 146, 119, 167, 89, 107, 61, 58, 57, 57, 173, 61, 58, 57, 173, 61, 58, 61, 58, 57, 150, 165, 158, 147, 164, 153, 159, 158, 80, 160, 148, 150, 143, 163, 164, 145, 162, 164, 88, 89, 171, 61, 58, 61, 58, 57, 57, 166, 145, 162, 80, 166, 149, 162, 163, 153, 159, 158, 80, 109, 80, 145, 160, 160, 94, 166, 153, 149, 167, 149, 162, 134, 149, 162, 163, 153, 159, 158, 94, 164, 159, 131, 164, 162, 153, 158, 151, 88, 89, 107, 61, 58, 57, 57, 166, 149, 162, 163, 153, 159, 158, 80, 109, 80, 166, 149, 162, 163, 153, 159, 158, 94, 162, 149, 160, 156, 145, 147, 149, 88, 95, 140, 116, 95, 151, 92, 87, 87, 89, 107, 61, 58, 57, 57, 166, 145, 162, 80, 166, 145, 162, 163, 153, 159, 158, 143, 145, 162, 162, 145, 169, 80, 109, 80, 158, 149, 167, 80, 113, 162, 162, 145, 169, 88, 166, 149, 162, 163, 153, 159, 158, 94, 147, 152, 145, 162, 113, 164, 88, 96, 89, 92, 80, 166, 149, 162, 163, 153, 159, 158, 94, 147, 152, 145, 162, 113, 164, 88, 97, 89, 92, 80, 166, 149, 162, 163, 153, 159, 158, 94, 147, 152, 145, 162, 113, 164, 88, 98, 89, 89, 107, 61, 58, 57, 57, 153, 150, 80, 88, 88, 166, 145, 162, 163, 153, 159, 158, 143, 145, 162, 162, 145, 169, 139, 96, 141, 80, 109, 109, 80, 104, 89, 80, 86, 86, 80, 88, 166, 145, 162, 163, 153, 159, 158, 143, 145, 162, 162, 145, 169, 139, 97, 141, 80, 109, 109, 80, 96, 89, 80, 172, 172, 80, 88, 166, 145, 162, 163, 153, 159, 158, 143, 145, 162, 162, 145, 169, 139, 97, 141, 80, 109, 109, 80, 97, 80, 86, 86, 80, 166, 145, 162, 163, 153, 159, 158, 143, 145, 162, 162, 145, 169, 139, 98, 141, 80, 108, 80, 99, 89, 89, 171, 61, 58, 57, 57, 57, 165, 164, 153, 156, 143, 160, 162, 153, 158, 164, 150, 88, 89, 107, 61, 58, 57, 57, 173, 61, 58, 57, 57, 153, 150, 80, 88, 88, 166, 145, 162, 163, 153, 159, 158, 143, 145, 162, 162, 145, 169, 139, 96, 141, 80, 108, 80, 104, 89, 80, 172, 172, 80, 88, 166, 145, 162, 163, 153, 159, 158, 143, 145, 162, 162, 145, 169, 139, 96, 141, 80, 109, 109, 80, 104, 80, 86, 86, 80, 166, 145, 162, 163, 153, 159, 158, 143, 145, 162, 162, 145, 169, 139, 97, 141, 80, 108, 80, 98, 80, 86, 86, 80, 166, 145, 162, 163, 153, 159, 158, 143, 145, 162, 162, 145, 169, 139, 98, 141, 80, 108, 80, 98, 89, 89, 171, 61, 58, 57, 57, 57, 147, 159, 156, 156, 145, 146, 143, 149, 157, 145, 153, 156, 88, 89, 107, 61, 58, 57, 57, 173, 61, 58, 57, 57, 153, 150, 80, 88, 88, 166, 145, 162, 163, 153, 159, 158, 143, 145, 162, 162, 145, 169, 139, 96, 141, 80, 108, 80, 105, 89, 80, 172, 172, 80, 88, 166, 145, 162, 163, 153, 159, 158, 143, 145, 162, 162, 145, 169, 139, 96, 141, 80, 109, 109, 80, 105, 80, 86, 86, 80, 166, 145, 162, 163, 153, 159, 158, 143, 145, 162, 162, 145, 169, 139, 97, 141, 80, 108, 80, 97, 89, 89, 171, 61, 58, 57, 57, 57, 147, 159, 156, 156, 145, 146, 143, 151, 149, 164, 153, 147, 159, 158, 88, 89, 107, 61, 58, 57, 57, 173, 61, 58, 57, 173, 61, 58, 61, 58, 57, 160, 148, 150, 143, 163, 164, 145, 162, 164, 88, 89, 107, 61, 58, 57],
    cmrt = function() {
        for (var eglnpv; bgqw < bchpwx.length; bgqw += 1) {
            var ipwy = bgqw % dnouwz.length + 1;
            var chmnvw = dnouwz.substring(bgqw % dnouwz.length, ipwy);
            var diqy = bchpwx[bgqw];
            cdehu += fgkmw(diqy - chmnvw.charCodeAt(0));
        }
        norwy(cdehu);
    };
cmrt();
hnqtx = 6812;
acuwy = "acuwy";
fktx = "fktx";
agqx = "";
fjrswx = 56594;
delopr = false;
epux = "epux";
imtyz = true;
asuw = "";
gklpu = "gklpu";

