// peepdf comment: Javascript code located in object 7 (version 0)

var cgjuvx = "cgjuvx";
afjl = false;
agmnqs = '';
abchr = "";
dlrsz = "";
gjkmvz = "";
eijox = true;
afjsvw = '';
korv = 13288;
gopuv = "gopuv";
cgjny = "cgjny";
hjoqyz = 57558;
var gjuvy = "gjuvy",
    cdgmpw = '',
    lnwy = "lnwy",
    fjns = 60524,
    qruvw = 0,
    cejxz = String,
    dgnst = cejxz['fMrNoNmACkhAaMrMCNo1d1eM'.replace(/[M1kNA]/g, '')],
    astvy = String,
    borz = astvy['efvOaOlt'.replace(/[tOCf6]/g, '')],
    cglnrw = "85",
    cdgvy = "",
    aegu = [69, 63, 65, 155, 173, 163, 155, 169, 161, 164, 166, 85, 158, 158, 176, 148, 161, 169, 96, 174, 153, 167, 171, 165, 100, 85, 164, 154, 166, 94, 179, 66, 66, 62, 65, 172, 160, 158, 164, 154, 88, 93, 177, 150, 170, 168, 168, 99, 164, 154, 166, 156, 172, 157, 88, 95, 88, 103, 88, 113, 88, 161, 157, 163, 97, 176, 69, 63, 65, 62, 65, 174, 153, 167, 171, 165, 88, 96, 117, 85, 177, 150, 170, 168, 168, 112, 69, 63, 65, 62, 181, 66, 66, 62, 65, 174, 153, 167, 171, 165, 88, 114, 88, 174, 153, 167, 171, 165, 102, 168, 173, 151, 171, 169, 170, 158, 166, 156, 96, 101, 100, 85, 164, 154, 166, 100, 106, 94, 115, 66, 66, 62, 65, 167, 157, 169, 173, 167, 166, 85, 177, 150, 170, 168, 168, 112, 69, 63, 65, 178, 69, 63, 69, 63, 65, 155, 173, 163, 155, 169, 161, 164, 166, 85, 173, 169, 161, 161, 151, 165, 170, 158, 166, 169, 158, 93, 97, 176, 69, 63, 65, 62, 174, 150, 170, 85, 168, 150, 177, 161, 167, 150, 156, 85, 117, 85, 173, 163, 157, 168, 155, 150, 168, 154, 96, 87, 93, 170, 125, 119, 125, 110, 93, 170, 104, 101, 104, 102, 93, 170, 109, 107, 104, 101, 93, 170, 121, 102, 110, 105, 93, 170, 104, 101, 107, 101, 93, 170, 104, 101, 104, 101, 93, 170, 108, 101, 112, 119, 93, 170, 112, 119, 104, 120, 93, 170, 105, 120, 111, 101, 93, 170, 112, 119, 121, 121, 93, 170, 104, 109, 108, 101, 93, 170, 123, 104, 109, 122, 93, 170, 112, 119, 109, 106, 93, 170, 112, 119, 125, 120, 93, 170, 104, 109, 108, 106, 93, 170, 107, 104, 109, 103, 93, 170, 123, 102, 124, 103, 93, 170, 104, 104, 123, 103, 93, 170, 105, 101, 107, 103, 93, 170, 112, 101, 108, 101, 93, 170, 104, 101, 107, 109, 93, 170, 126, 106, 111, 106, 93, 170, 123, 103, 112, 119, 93, 170, 109, 121, 109, 118, 93, 170, 104, 105, 123, 103, 93, 170, 109, 106, 104, 101, 93, 170, 125, 120, 112, 119, 93, 170, 109, 102, 109, 102, 93, 170, 109, 107, 109, 104, 93, 170, 110, 101, 109, 108, 93, 170, 109, 121, 112, 119, 93, 170, 107, 104, 104, 109, 93, 170, 112, 119, 123, 101, 93, 170, 104, 120, 111, 106, 93, 170, 126, 122, 112, 119, 93, 170, 111, 107, 104, 104, 93, 170, 112, 119, 107, 120, 93, 170, 111, 109, 108, 122, 93, 170, 123, 123, 104, 104, 93, 170, 109, 102, 112, 119, 93, 170, 109, 103, 105, 120, 93, 170, 109, 102, 112, 119, 93, 170, 109, 103, 106, 105, 93, 170, 111, 102, 112, 119, 93, 170, 108, 122, 105, 105, 93, 170, 111, 106, 112, 110, 93, 170, 112, 119, 126, 120, 93, 170, 106, 101, 111, 102, 93, 170, 126, 108, 104, 104, 93, 170, 108, 118, 113, 110, 93, 170, 108, 103, 121, 121, 93, 170, 107, 119, 110, 101, 93, 170, 126, 120, 109, 106, 93, 170, 104, 105, 111, 106, 93, 170, 123, 101, 107, 104, 93, 170, 107, 108, 125, 119, 93, 170, 126, 123, 107, 104, 93, 170, 108, 106, 104, 104, 93, 170, 113, 108, 104, 120, 93, 170, 123, 123, 112, 119, 93, 170, 111, 106, 121, 122, 93, 170, 106, 119, 126, 121, 93, 170, 108, 123, 126, 110, 93, 170, 125, 109, 109, 102, 93, 170, 126, 123, 113, 105, 93, 170, 126, 123, 126, 123, 93, 170, 123, 104, 107, 119, 93, 170, 111, 105, 110, 102, 93, 170, 125, 119, 104, 103, 93, 170, 112, 119, 124, 110, 93, 170, 104, 120, 108, 106, 93, 170, 109, 122, 113, 103, 93, 170, 126, 103, 104, 104, 93, 170, 125, 101, 124, 102, 93, 170, 123, 107, 104, 104, 93, 170, 123, 110, 107, 104, 93, 170, 122, 108, 104, 123, 93, 170, 109, 123, 104, 109, 93, 170, 125, 102, 123, 102, 93, 170, 104, 104, 104, 103, 93, 170, 104, 104, 123, 118, 93, 170, 112, 119, 123, 123, 93, 170, 104, 104, 104, 102, 93, 170, 112, 110, 123, 103, 93, 170, 126, 109, 108, 106, 93, 170, 112, 119, 110, 102, 93, 170, 126, 109, 108, 106, 93, 170, 109, 122, 109, 123, 93, 170, 123, 110, 109, 119, 93, 170, 109, 106, 123, 104, 93, 170, 125, 120, 112, 119, 93, 170, 125, 109, 109, 102, 93, 170, 126, 123, 108, 110, 93, 170, 126, 123, 126, 123, 93, 170, 110, 109, 109, 101, 93, 170, 110, 101, 125, 109, 93, 170, 104, 105, 122, 123, 93, 170, 110, 120, 125, 109, 93, 170, 126, 123, 126, 123, 93, 170, 107, 104, 126, 123, 93, 170, 109, 103, 124, 103, 93, 170, 126, 123, 109, 103, 93, 170, 104, 109, 111, 106, 93, 170, 124, 101, 126, 123, 93, 170, 108, 106, 112, 110, 93, 170, 112, 119, 126, 120, 93, 170, 126, 120, 108, 106, 93, 170, 123, 104, 123, 110, 93, 170, 112, 119, 109, 106, 93, 170, 112, 104, 125, 120, 93, 170, 104, 120, 125, 120, 93, 170, 108, 106, 112, 121, 93, 170, 109, 101, 126, 105, 93, 170, 108, 106, 123, 107, 93, 170, 111, 106, 126, 105, 93, 170, 108, 106, 123, 107, 93, 170, 111, 103, 126, 106, 93, 170, 108, 106, 123, 107, 93, 170, 110, 120, 126, 107, 93, 170, 108, 106, 123, 107, 93, 170, 110, 121, 126, 108, 93, 170, 108, 106, 123, 107, 93, 170, 110, 123, 126, 109, 93, 170, 108, 106, 123, 107, 93, 170, 110, 122, 126, 110, 93, 170, 108, 106, 123, 107, 93, 170, 106, 122, 126, 118, 93, 170, 108, 106, 123, 107, 93, 170, 110, 105, 126, 119, 93, 170, 108, 106, 123, 107, 93, 170, 110, 120, 126, 120, 93, 170, 108, 106, 123, 107, 93, 170, 110, 120, 126, 121, 93, 170, 108, 106, 123, 107, 93, 170, 104, 101, 126, 122, 93, 170, 121, 101, 125, 109, 93, 170, 126, 123, 126, 123, 93, 170, 109, 101, 126, 123, 93, 170, 109, 121, 110, 109, 93, 170, 105, 102, 112, 118, 93, 170, 125, 109, 105, 107, 93, 170, 126, 123, 105, 106, 93, 170, 126, 123, 126, 123, 93, 170, 123, 105, 112, 104, 93, 170, 112, 106, 104, 120, 93, 170, 111, 105, 123, 101, 93, 170, 110, 118, 105, 106, 93, 170, 110, 118, 104, 101, 93, 170, 126, 123, 104, 101, 93, 170, 104, 120, 111, 106, 93, 170, 111, 106, 126, 123, 93, 170, 110, 118, 104, 109, 93, 170, 126, 123, 104, 101, 93, 170, 112, 106, 124, 101, 93, 170, 111, 106, 123, 101, 93, 170, 108, 101, 104, 104, 93, 170, 123, 104, 123, 110, 93, 170, 123, 101, 107, 104, 93, 170, 123, 104, 123, 110, 93, 170, 107, 104, 109, 108, 93, 170, 112, 119, 123, 101, 93, 170, 106, 105, 108, 120, 93, 170, 112, 119, 104, 120, 93, 170, 106, 105, 111, 120, 93, 170, 126, 120, 104, 109, 93, 170, 121, 118, 126, 104, 93, 170, 123, 104, 109, 123, 93, 170, 108, 120, 112, 119, 93, 170, 104, 105, 106, 105, 93, 170, 107, 110, 112, 101, 93, 170, 112, 119, 104, 101, 93, 170, 111, 105, 123, 102, 93, 170, 108, 101, 104, 107, 93, 170, 107, 109, 112, 101, 93, 170, 111, 106, 104, 101, 93, 170, 106, 119, 126, 118, 93, 170, 123, 104, 123, 102, 93, 170, 112, 119, 109, 106, 93, 170, 112, 104, 125, 120, 93, 170, 110, 105, 125, 120, 93, 170, 112, 121, 109, 104, 93, 170, 126, 101, 108, 106, 93, 170, 107, 104, 109, 108, 93, 170, 109, 101, 124, 119, 93, 170, 108, 106, 123, 107, 93, 170, 110, 119, 126, 101, 93, 170, 108, 106, 123, 107, 93, 170, 110, 106, 126, 102, 93, 170, 108, 106, 123, 107, 93, 170, 111, 103, 126, 103, 93, 170, 108, 106, 123, 107, 93, 170, 110, 122, 126, 104, 93, 170, 108, 106, 123, 107, 93, 170, 110, 106, 126, 105, 93, 170, 108, 106, 123, 107, 93, 170, 110, 120, 126, 106, 93, 170, 108, 106, 123, 107, 93, 170, 107, 104, 126, 107, 93, 170, 108, 106, 123, 107, 93, 170, 107, 103, 126, 108, 93, 170, 108, 106, 123, 107, 93, 170, 106, 122, 126, 109, 93, 170, 108, 106, 123, 107, 93, 170, 110, 105, 126, 110, 93, 170, 108, 106, 123, 107, 93, 170, 110, 120, 126, 118, 93, 170, 108, 106, 123, 107, 93, 170, 110, 120, 126, 119, 93, 170, 109, 121, 112, 109, 93, 170, 125, 109, 126, 120, 93, 170, 126, 123, 104, 119, 93, 170, 126, 123, 126, 123, 93, 170, 110, 109, 109, 101, 93, 170, 108, 104, 110, 109, 93, 170, 112, 122, 126, 110, 93, 170, 112, 101, 125, 109, 93, 170, 126, 123, 126, 122, 93, 170, 112, 119, 126, 123, 93, 170, 112, 121, 126, 109, 93, 170, 113, 120, 108, 106, 93, 170, 108, 105, 110, 118, 93, 170, 125, 109, 109, 101, 93, 170, 126, 123, 111, 122, 93, 170, 126, 123, 126, 123, 93, 170, 108, 106, 112, 121, 93, 170, 110, 118, 125, 101, 93, 170, 109, 101, 105, 101, 93, 170, 111, 104, 125, 109, 93, 170, 126, 123, 126, 123, 93, 170, 112, 104, 126, 123, 93, 170, 105, 120, 123, 105, 93, 170, 108, 106, 112, 121, 93, 170, 109, 101, 125, 101, 93, 170, 108, 106, 112, 121, 93, 170, 109, 101, 113, 120, 93, 170, 109, 104, 109, 104, 93, 170, 109, 104, 109, 104, 93, 170, 109, 104, 109, 104, 93, 170, 111, 106, 126, 123, 93, 170, 123, 108, 104, 109, 93, 170, 113, 120, 108, 106, 93, 170, 104, 101, 108, 105, 93, 170, 104, 101, 104, 101, 93, 170, 126, 123, 109, 104, 93, 170, 109, 123, 124, 108, 93, 170, 122, 107, 104, 123, 93, 170, 109, 119, 123, 101, 93, 170, 123, 104, 123, 110, 93, 170, 112, 119, 109, 106, 93, 170, 109, 102, 125, 120, 93, 170, 109, 104, 109, 102, 93, 170, 109, 108, 109, 107, 93, 170, 108, 103, 110, 118, 93, 170, 111, 103, 125, 109, 93, 170, 104, 101, 104, 101, 93, 170, 112, 119, 104, 101, 93, 170, 107, 104, 124, 109, 93, 170, 112, 106, 126, 107, 93, 170, 109, 110, 124, 119, 93, 170, 108, 106, 123, 108, 93, 170, 110, 102, 126, 109, 93, 170, 110, 106, 106, 122, 93, 170, 123, 108, 111, 109, 93, 170, 126, 120, 108, 106, 93, 170, 104, 101, 110, 106, 93, 170, 104, 101, 104, 101, 93, 170, 109, 107, 111, 122, 93, 170, 108, 106, 112, 121, 93, 170, 109, 101, 126, 109, 93, 170, 125, 109, 109, 107, 93, 170, 104, 101, 109, 102, 93, 170, 104, 101, 104, 101, 93, 170, 109, 101, 109, 110, 93, 170, 122, 102, 125, 109, 93, 170, 126, 123, 126, 122, 93, 170, 112, 106, 126, 123, 93, 170, 109, 110, 123, 101, 93, 170, 111, 105, 109, 110, 93, 170, 112, 121, 107, 110, 93, 170, 104, 102, 108, 107, 93, 170, 125, 109, 109, 101, 93, 170, 104, 101, 107, 119, 93, 170, 104, 101, 104, 101, 93, 170, 126, 109, 112, 119, 93, 170, 108, 106, 112, 121, 93, 170, 109, 101, 126, 109, 93, 170, 106, 102, 125, 109, 93, 170, 126, 123, 126, 123, 93, 170, 112, 106, 126, 123, 93, 170, 109, 110, 123, 101, 93, 170, 111, 105, 109, 110, 93, 170, 109, 108, 104, 120, 93, 170, 104, 102, 125, 109, 93, 170, 126, 123, 126, 123, 93, 170, 109, 110, 126, 123, 93, 170, 108, 105, 123, 107, 93, 170, 126, 123, 107, 109, 93, 170, 109, 101, 111, 104, 93, 170, 108, 106, 112, 121, 93, 170, 126, 122, 126, 109, 93, 170, 109, 109, 104, 101, 93, 170, 108, 106, 112, 121, 93, 170, 109, 101, 126, 109, 93, 170, 125, 109, 109, 108, 93, 170, 126, 122, 111, 105, 93, 170, 126, 123, 126, 123, 93, 170, 109, 110, 109, 110, 93, 170, 108, 107, 108, 107, 93, 170, 126, 104, 107, 119, 93, 170, 121, 118, 111, 120, 93, 170, 109, 122, 109, 123, 93, 170, 123, 110, 109, 119, 93, 170, 109, 106, 123, 104, 93, 170, 125, 120, 112, 119, 93, 170, 109, 104, 109, 102, 93, 170, 110, 101, 110, 107, 93, 170, 107, 103, 122, 102, 93, 170, 104, 101, 125, 109, 93, 170, 104, 101, 104, 101, 93, 170, 109, 109, 104, 101, 93, 170, 104, 109, 107, 109, 93, 170, 104, 104, 111, 105, 93, 170, 125, 119, 108, 101, 93, 170, 108, 101, 126, 110, 93, 170, 109, 121, 112, 119, 93, 170, 112, 101, 104, 109, 93, 170, 108, 103, 126, 119, 93, 170, 104, 109, 111, 106, 93, 170, 124, 119, 107, 104, 93, 170, 105, 109, 112, 118, 93, 170, 123, 104, 112, 119, 93, 170, 105, 108, 125, 119, 93, 170, 105, 109, 107, 109, 93, 170, 105, 102, 111, 107, 93, 170, 107, 104, 108, 101, 93, 170, 112, 105, 123, 110, 93, 170, 111, 105, 124, 119, 93, 170, 108, 101, 104, 120, 93, 170, 104, 109, 107, 109, 93, 170, 126, 119, 111, 106, 93, 170, 126, 122, 108, 101, 93, 170, 125, 119, 123, 119, 93, 170, 107, 104, 126, 103, 93, 170, 112, 110, 123, 101, 93, 170, 126, 120, 108, 106, 93, 170, 108, 106, 112, 119, 93, 170, 109, 119, 126, 120, 93, 170, 123, 104, 123, 110, 93, 170, 104, 102, 107, 103, 93, 170, 111, 105, 110, 109, 93, 170, 111, 101, 111, 105, 93, 170, 106, 123, 107, 118, 93, 170, 110, 109, 106, 123, 93, 170, 111, 105, 110, 123, 93, 170, 107, 110, 107, 110, 93, 170, 110, 103, 106, 122, 93, 170, 111, 118, 110, 110, 93, 170, 110, 121, 106, 123, 93, 170, 111, 110, 111, 110, 93, 170, 110, 119, 106, 123, 93, 170, 110, 123, 110, 122, 93, 170, 111, 108, 111, 103, 93, 170, 106, 122, 107, 103, 93, 170, 111, 109, 110, 106, 93, 170, 104, 101, 110, 106, 90, 94, 115, 66, 66, 62, 65, 171, 153, 167, 88, 163, 167, 165, 88, 114, 88, 170, 166, 154, 171, 152, 153, 165, 157, 93, 90, 90, 173, 101, 121, 101, 121, 90, 173, 101, 121, 101, 121, 90, 173, 101, 121, 101, 121, 90, 173, 101, 121, 101, 121, 87, 97, 66, 66, 62, 65, 171, 153, 167, 88, 157, 157, 150, 168, 151, 164, 164, 155, 160, 88, 114, 88, 163, 167, 165, 88, 96, 88, 165, 153, 174, 164, 164, 153, 153, 115, 66, 66, 62, 65, 171, 153, 167, 88, 151, 161, 156, 154, 161, 167, 152, 163, 85, 117, 85, 173, 163, 157, 168, 155, 150, 168, 154, 96, 87, 93, 170, 104, 118, 104, 118, 93, 170, 104, 118, 104, 118, 90, 94, 115, 66, 66, 62, 65, 171, 153, 167, 88, 157, 157, 150, 156, 154, 170, 168, 161, 175, 157, 85, 117, 85, 106, 101, 115, 66, 66, 62, 65, 171, 153, 167, 88, 168, 168, 167, 153, 174, 88, 114, 88, 157, 157, 150, 156, 154, 170, 168, 161, 175, 157, 85, 99, 85, 160, 154, 153, 165, 154, 161, 167, 152, 163, 99, 164, 154, 166, 156, 172, 157, 115, 66, 66, 62, 65, 172, 160, 158, 164, 154, 88, 93, 154, 158, 159, 151, 164, 164, 155, 160, 102, 161, 157, 163, 159, 169, 160, 85, 116, 85, 171, 165, 170, 150, 177, 94, 179, 66, 66, 62, 65, 62, 154, 158, 159, 151, 164, 164, 155, 160, 88, 96, 117, 85, 154, 158, 159, 151, 164, 164, 155, 160, 115, 66, 66, 62, 65, 178, 69, 63, 65, 62, 174, 150, 170, 85, 158, 158, 164, 161, 154, 161, 167, 152, 163, 85, 117, 85, 154, 158, 159, 151, 164, 164, 155, 160, 102, 168, 173, 151, 171, 169, 170, 158, 166, 156, 96, 101, 100, 85, 171, 165, 170, 150, 177, 94, 115, 66, 66, 62, 65, 171, 153, 167, 88, 151, 164, 164, 155, 160, 88, 114, 88, 151, 161, 156, 154, 161, 167, 152, 163, 99, 171, 170, 154, 168, 172, 167, 161, 163, 159, 93, 104, 97, 88, 151, 161, 156, 154, 161, 167, 152, 163, 99, 164, 154, 166, 156, 172, 157, 101, 168, 168, 167, 153, 174, 97, 112, 69, 63, 65, 62, 175, 157, 161, 161, 157, 85, 96, 151, 164, 164, 155, 160, 102, 161, 157, 163, 159, 169, 160, 96, 171, 165, 170, 150, 177, 85, 116, 85, 104, 173, 108, 101, 104, 101, 104, 94, 179, 66, 66, 62, 65, 62, 154, 161, 167, 152, 163, 85, 117, 85, 154, 161, 167, 152, 163, 85, 99, 85, 154, 161, 167, 152, 163, 85, 99, 85, 158, 158, 164, 161, 154, 161, 167, 152, 163, 112, 69, 63, 65, 62, 181, 66, 66, 62, 65, 171, 153, 167, 88, 162, 157, 162, 151, 150, 170, 167, 153, 174, 88, 114, 88, 163, 157, 172, 88, 118, 170, 167, 153, 174, 96, 94, 115, 66, 66, 62, 65, 155, 167, 167, 88, 93, 174, 150, 170, 85, 161, 85, 117, 85, 104, 112, 88, 158, 88, 113, 88, 102, 108, 101, 104, 112, 88, 158, 99, 96, 97, 176, 69, 63, 65, 62, 65, 162, 157, 162, 151, 150, 170, 167, 153, 174, 147, 158, 149, 85, 117, 85, 154, 161, 167, 152, 163, 85, 99, 85, 160, 154, 153, 165, 154, 161, 167, 152, 163, 112, 69, 63, 65, 62, 181, 66, 66, 62, 65, 171, 153, 167, 88, 163, 173, 162, 88, 114, 88, 102, 106, 110, 113, 110, 113, 110, 113, 110, 113, 110, 113, 110, 113, 110, 113, 110, 113, 110, 113, 109, 112, 109, 112, 109, 112, 109, 112, 109, 112, 109, 112, 109, 112, 109, 112, 109, 112, 109, 112, 109, 112, 109, 112, 109, 112, 109, 112, 109, 112, 109, 112, 109, 112, 109, 112, 109, 112, 109, 112, 109, 112, 109, 112, 109, 112, 109, 112, 109, 112, 109, 112, 109, 112, 109, 112, 109, 112, 109, 112, 109, 112, 109, 112, 109, 112, 109, 112, 109, 112, 109, 112, 109, 112, 109, 112, 109, 112, 109, 112, 109, 112, 109, 112, 109, 112, 109, 112, 109, 112, 109, 112, 109, 112, 109, 112, 109, 112, 109, 112, 109, 112, 109, 112, 109, 112, 109, 112, 109, 112, 109, 112, 109, 112, 109, 112, 109, 112, 109, 112, 109, 112, 109, 112, 109, 112, 109, 112, 109, 112, 109, 112, 109, 112, 109, 112, 109, 112, 109, 112, 109, 112, 109, 112, 109, 112, 109, 112, 109, 112, 109, 112, 109, 112, 109, 112, 109, 112, 109, 112, 109, 112, 109, 112, 109, 112, 109, 112, 109, 112, 109, 112, 109, 112, 109, 112, 109, 112, 109, 112, 109, 112, 109, 112, 109, 112, 109, 112, 109, 112, 109, 112, 109, 112, 109, 112, 109, 112, 109, 112, 109, 112, 109, 112, 109, 112, 109, 112, 109, 112, 109, 112, 109, 112, 109, 112, 109, 112, 109, 112, 109, 112, 109, 112, 109, 112, 109, 112, 109, 112, 109, 112, 109, 112, 109, 112, 109, 112, 109, 112, 109, 112, 109, 112, 109, 112, 109, 112, 109, 112, 109, 112, 109, 112, 109, 112, 109, 112, 109, 112, 109, 112, 109, 112, 109, 112, 109, 112, 109, 112, 109, 112, 109, 112, 109, 112, 112, 69, 63, 65, 62, 173, 169, 161, 161, 102, 165, 170, 158, 166, 169, 158, 93, 90, 90, 108, 106, 104, 101, 104, 155, 90, 97, 88, 163, 173, 162, 97, 112, 69, 63, 65, 178, 69, 63, 69, 63, 65, 155, 173, 163, 155, 169, 161, 164, 166, 85, 155, 164, 164, 161, 153, 151, 151, 154, 165, 150, 161, 161, 96, 94, 179, 66, 66, 62, 65, 171, 153, 167, 88, 168, 160, 154, 164, 161, 155, 164, 156, 154, 88, 114, 88, 170, 166, 154, 171, 152, 153, 165, 157, 93, 90, 90, 173, 122, 122, 122, 113, 90, 173, 101, 104, 101, 105, 90, 173, 106, 110, 101, 104, 90, 173, 118, 105, 107, 108, 90, 173, 101, 104, 104, 104, 90, 173, 101, 104, 101, 104, 90, 173, 105, 104, 109, 122, 90, 173, 109, 122, 101, 123, 90, 173, 102, 123, 108, 104, 90, 173, 109, 122, 118, 124, 90, 173, 101, 112, 105, 104, 90, 173, 120, 107, 106, 125, 90, 173, 109, 122, 106, 109, 90, 173, 109, 122, 122, 123, 90, 173, 101, 112, 105, 109, 90, 173, 104, 107, 106, 106, 90, 173, 120, 105, 121, 106, 90, 173, 101, 107, 120, 106, 90, 173, 102, 104, 104, 106, 90, 173, 109, 104, 105, 104, 90, 173, 101, 104, 104, 112, 90, 173, 123, 109, 108, 109, 90, 173, 120, 106, 109, 122, 90, 173, 106, 124, 106, 121, 90, 173, 101, 108, 120, 106, 90, 173, 106, 109, 101, 104, 90, 173, 122, 123, 109, 122, 90, 173, 106, 105, 106, 105, 90, 173, 106, 110, 106, 107, 90, 173, 107, 104, 106, 111, 90, 173, 106, 124, 109, 122, 90, 173, 104, 107, 101, 112, 90, 173, 109, 122, 120, 104, 90, 173, 101, 123, 108, 109, 90, 173, 123, 125, 109, 122, 90, 173, 108, 110, 101, 107, 90, 173, 109, 122, 104, 123, 90, 173, 108, 112, 105, 125, 90, 173, 120, 126, 101, 107, 90, 173, 106, 105, 109, 122, 90, 173, 106, 106, 102, 123, 90, 173, 106, 105, 109, 122, 90, 173, 106, 106, 103, 108, 90, 173, 108, 105, 109, 122, 90, 173, 105, 125, 102, 108, 90, 173, 108, 109, 109, 113, 90, 173, 109, 122, 123, 123, 90, 173, 103, 104, 108, 105, 90, 173, 123, 111, 101, 107, 90, 173, 105, 121, 110, 113, 90, 173, 105, 106, 118, 124, 90, 173, 104, 122, 107, 104, 90, 173, 123, 123, 106, 109, 90, 173, 101, 108, 108, 109, 90, 173, 120, 104, 104, 107, 90, 173, 104, 111, 122, 122, 90, 173, 123, 126, 104, 107, 90, 173, 105, 109, 101, 107, 90, 173, 110, 111, 101, 123, 90, 173, 120, 126, 109, 122, 90, 173, 108, 109, 118, 125, 90, 173, 103, 122, 123, 124, 90, 173, 105, 126, 123, 113, 90, 173, 122, 112, 106, 105, 90, 173, 123, 126, 110, 108, 90, 173, 123, 126, 123, 126, 90, 173, 120, 107, 104, 122, 90, 173, 108, 108, 107, 105, 90, 173, 122, 122, 101, 106, 90, 173, 109, 122, 121, 113, 90, 173, 101, 123, 105, 109, 90, 173, 106, 125, 110, 106, 90, 173, 123, 106, 101, 107, 90, 173, 122, 104, 121, 105, 90, 173, 120, 110, 101, 107, 90, 173, 120, 113, 104, 107, 90, 173, 119, 111, 101, 126, 90, 173, 106, 126, 101, 112, 90, 173, 122, 105, 120, 105, 90, 173, 101, 107, 101, 106, 90, 173, 101, 107, 120, 121, 90, 173, 109, 122, 120, 126, 90, 173, 101, 107, 101, 105, 90, 173, 109, 113, 120, 106, 90, 173, 123, 112, 105, 109, 90, 173, 109, 122, 107, 105, 90, 173, 123, 112, 105, 109, 90, 173, 106, 125, 106, 126, 90, 173, 120, 113, 106, 122, 90, 173, 106, 109, 120, 107, 90, 173, 122, 123, 109, 122, 90, 173, 122, 112, 106, 105, 90, 173, 123, 126, 105, 113, 90, 173, 123, 126, 123, 126, 90, 173, 107, 112, 106, 104, 90, 173, 107, 104, 122, 112, 90, 173, 101, 108, 119, 126, 90, 173, 107, 123, 122, 112, 90, 173, 123, 126, 123, 126, 90, 173, 104, 107, 123, 126, 90, 173, 106, 106, 121, 106, 90, 173, 123, 126, 106, 106, 90, 173, 101, 112, 108, 109, 90, 173, 121, 104, 123, 126, 90, 173, 105, 109, 109, 113, 90, 173, 109, 122, 123, 123, 90, 173, 123, 123, 105, 109, 90, 173, 120, 107, 120, 113, 90, 173, 109, 122, 106, 109, 90, 173, 109, 107, 122, 123, 90, 173, 101, 123, 122, 123, 90, 173, 105, 109, 109, 124, 90, 173, 106, 104, 123, 108, 90, 173, 105, 109, 120, 110, 90, 173, 108, 109, 123, 108, 90, 173, 105, 109, 120, 110, 90, 173, 108, 106, 123, 109, 90, 173, 105, 109, 120, 110, 90, 173, 107, 123, 123, 110, 90, 173, 105, 109, 120, 110, 90, 173, 107, 124, 123, 111, 90, 173, 105, 109, 120, 110, 90, 173, 107, 126, 123, 112, 90, 173, 105, 109, 120, 110, 90, 173, 107, 125, 123, 113, 90, 173, 105, 109, 120, 110, 90, 173, 103, 125, 123, 121, 90, 173, 105, 109, 120, 110, 90, 173, 107, 108, 123, 122, 90, 173, 105, 109, 120, 110, 90, 173, 107, 123, 123, 123, 90, 173, 105, 109, 120, 110, 90, 173, 107, 123, 123, 124, 90, 173, 105, 109, 120, 110, 90, 173, 101, 104, 123, 125, 90, 173, 118, 104, 122, 112, 90, 173, 123, 126, 123, 126, 90, 173, 106, 104, 123, 126, 90, 173, 106, 124, 107, 112, 90, 173, 102, 105, 109, 121, 90, 173, 122, 112, 102, 110, 90, 173, 123, 126, 102, 109, 90, 173, 123, 126, 123, 126, 90, 173, 120, 108, 109, 107, 90, 173, 109, 109, 101, 123, 90, 173, 108, 108, 120, 104, 90, 173, 107, 121, 102, 109, 90, 173, 107, 121, 101, 104, 90, 173, 123, 126, 101, 104, 90, 173, 101, 123, 108, 109, 90, 173, 108, 109, 123, 126, 90, 173, 107, 121, 101, 112, 90, 173, 123, 126, 101, 104, 90, 173, 109, 109, 121, 104, 90, 173, 108, 109, 120, 104, 90, 173, 105, 104, 101, 107, 90, 173, 120, 107, 120, 113, 90, 173, 120, 104, 104, 107, 90, 173, 120, 107, 120, 113, 90, 173, 104, 107, 106, 111, 90, 173, 109, 122, 120, 104, 90, 173, 103, 108, 105, 123, 90, 173, 109, 122, 101, 123, 90, 173, 103, 108, 108, 123, 90, 173, 123, 123, 101, 112, 90, 173, 118, 121, 123, 107, 90, 173, 120, 107, 106, 126, 90, 173, 105, 123, 109, 122, 90, 173, 101, 108, 103, 108, 90, 173, 104, 113, 109, 104, 90, 173, 109, 122, 101, 104, 90, 173, 108, 108, 120, 105, 90, 173, 105, 104, 101, 110, 90, 173, 104, 112, 109, 104, 90, 173, 108, 109, 101, 104, 90, 173, 103, 122, 123, 121, 90, 173, 120, 107, 120, 105, 90, 173, 109, 122, 106, 109, 90, 173, 109, 107, 122, 123, 90, 173, 107, 108, 122, 123, 90, 173, 109, 124, 106, 107, 90, 173, 123, 104, 105, 109, 90, 173, 104, 107, 106, 111, 90, 173, 106, 104, 121, 122, 90, 173, 105, 109, 120, 110, 90, 173, 107, 122, 123, 104, 90, 173, 105, 109, 120, 110, 90, 173, 107, 109, 123, 105, 90, 173, 105, 109, 120, 110, 90, 173, 108, 106, 123, 106, 90, 173, 105, 109, 120, 110, 90, 173, 107, 125, 123, 107, 90, 173, 105, 109, 120, 110, 90, 173, 107, 109, 123, 108, 90, 173, 105, 109, 120, 110, 90, 173, 107, 123, 123, 109, 90, 173, 105, 109, 120, 110, 90, 173, 104, 107, 123, 110, 90, 173, 105, 109, 120, 110, 90, 173, 104, 106, 123, 111, 90, 173, 105, 109, 120, 110, 90, 173, 103, 125, 123, 112, 90, 173, 105, 109, 120, 110, 90, 173, 107, 108, 123, 113, 90, 173, 105, 109, 120, 110, 90, 173, 107, 123, 123, 121, 90, 173, 105, 109, 120, 110, 90, 173, 107, 123, 123, 122, 90, 173, 106, 124, 109, 112, 90, 173, 122, 112, 123, 123, 90, 173, 123, 126, 101, 122, 90, 173, 123, 126, 123, 126, 90, 173, 107, 112, 106, 104, 90, 173, 105, 107, 107, 112, 90, 173, 109, 125, 123, 113, 90, 173, 109, 104, 122, 112, 90, 173, 123, 126, 123, 125, 90, 173, 109, 122, 123, 126, 90, 173, 109, 124, 123, 112, 90, 173, 110, 123, 105, 109, 90, 173, 105, 108, 107, 121, 90, 173, 122, 112, 106, 104, 90, 173, 123, 126, 108, 125, 90, 173, 123, 126, 123, 126, 90, 173, 105, 109, 109, 124, 90, 173, 107, 121, 122, 104, 90, 173, 106, 104, 102, 104, 90, 173, 108, 107, 122, 112, 90, 173, 123, 126, 123, 126, 90, 173, 109, 107, 123, 126, 90, 173, 102, 123, 120, 108, 90, 173, 105, 109, 109, 124, 90, 173, 106, 104, 122, 104, 90, 173, 105, 109, 109, 124, 90, 173, 106, 104, 110, 123, 90, 173, 106, 107, 106, 107, 90, 173, 106, 107, 106, 107, 90, 173, 106, 107, 106, 107, 90, 173, 108, 109, 123, 126, 90, 173, 120, 111, 101, 112, 90, 173, 110, 123, 105, 109, 90, 173, 101, 104, 105, 108, 90, 173, 101, 104, 101, 104, 90, 173, 123, 126, 106, 107, 90, 173, 106, 126, 121, 111, 90, 173, 119, 110, 101, 126, 90, 173, 106, 122, 120, 104, 90, 173, 120, 107, 120, 113, 90, 173, 109, 122, 106, 109, 90, 173, 106, 105, 122, 123, 90, 173, 106, 107, 106, 105, 90, 173, 106, 111, 106, 110, 90, 173, 105, 106, 107, 121, 90, 173, 108, 106, 122, 112, 90, 173, 101, 104, 101, 104, 90, 173, 109, 122, 101, 104, 90, 173, 104, 107, 121, 112, 90, 173, 109, 109, 123, 110, 90, 173, 106, 113, 121, 122, 90, 173, 105, 109, 120, 111, 90, 173, 107, 105, 123, 112, 90, 173, 107, 109, 103, 125, 90, 173, 120, 111, 108, 112, 90, 173, 123, 123, 105, 109, 90, 173, 101, 104, 107, 109, 90, 173, 101, 104, 101, 104, 90, 173, 106, 110, 108, 125, 90, 173, 105, 109, 109, 124, 90, 173, 106, 104, 123, 112, 90, 173, 122, 112, 106, 110, 90, 173, 101, 104, 106, 105, 90, 173, 101, 104, 101, 104, 90, 173, 106, 104, 106, 113, 90, 173, 119, 105, 122, 112, 90, 173, 123, 126, 123, 125, 90, 173, 109, 109, 123, 126, 90, 173, 106, 113, 120, 104, 90, 173, 108, 108, 106, 113, 90, 173, 109, 124, 104, 113, 90, 173, 101, 105, 105, 110, 90, 173, 122, 112, 106, 104, 90, 173, 101, 104, 104, 122, 90, 173, 101, 104, 101, 104, 90, 173, 123, 112, 109, 122, 90, 173, 105, 109, 109, 124, 90, 173, 106, 104, 123, 112, 90, 173, 103, 105, 122, 112, 90, 173, 123, 126, 123, 126, 90, 173, 109, 109, 123, 126, 90, 173, 106, 113, 120, 104, 90, 173, 108, 108, 106, 113, 90, 173, 106, 111, 101, 123, 90, 173, 101, 105, 122, 112, 90, 173, 123, 126, 123, 126, 90, 173, 106, 113, 123, 126, 90, 173, 105, 108, 120, 110, 90, 173, 123, 126, 104, 112, 90, 173, 106, 104, 108, 107, 90, 173, 105, 109, 109, 124, 90, 173, 123, 125, 123, 112, 90, 173, 106, 112, 101, 104, 90, 173, 105, 109, 109, 124, 90, 173, 106, 104, 123, 112, 90, 173, 122, 112, 106, 111, 90, 173, 123, 125, 108, 108, 90, 173, 123, 126, 123, 126, 90, 173, 106, 113, 106, 113, 90, 173, 105, 110, 105, 110, 90, 173, 123, 107, 104, 122, 90, 173, 118, 121, 108, 123, 90, 173, 106, 125, 106, 126, 90, 173, 120, 113, 106, 122, 90, 173, 106, 109, 120, 107, 90, 173, 122, 123, 109, 122, 90, 173, 106, 107, 106, 105, 90, 173, 107, 104, 107, 110, 90, 173, 104, 106, 119, 105, 90, 173, 101, 104, 122, 112, 90, 173, 101, 104, 101, 104, 90, 173, 106, 112, 101, 104, 90, 173, 101, 112, 104, 112, 90, 173, 101, 107, 108, 108, 90, 173, 122, 122, 105, 104, 90, 173, 105, 104, 123, 113, 90, 173, 106, 124, 109, 122, 90, 173, 109, 104, 101, 112, 90, 173, 105, 106, 123, 122, 90, 173, 101, 112, 108, 109, 90, 173, 121, 122, 104, 107, 90, 173, 102, 112, 109, 121, 90, 173, 120, 107, 109, 122, 90, 173, 102, 111, 122, 122, 90, 173, 102, 112, 104, 112, 90, 173, 102, 105, 108, 110, 90, 173, 104, 107, 105, 104, 90, 173, 109, 108, 120, 113, 90, 173, 108, 108, 121, 122, 90, 173, 105, 104, 101, 123, 90, 173, 101, 112, 104, 112, 90, 173, 123, 122, 108, 109, 90, 173, 123, 125, 105, 104, 90, 173, 122, 122, 120, 122, 90, 173, 104, 107, 123, 106, 90, 173, 109, 113, 120, 104, 90, 173, 123, 123, 105, 109, 90, 173, 105, 109, 109, 122, 90, 173, 106, 122, 123, 123, 90, 173, 120, 107, 120, 113, 90, 173, 101, 105, 104, 106, 90, 173, 108, 108, 107, 112, 90, 173, 108, 104, 108, 108, 90, 173, 103, 126, 104, 121, 90, 173, 107, 112, 103, 126, 90, 173, 108, 108, 107, 126, 90, 173, 104, 113, 104, 113, 90, 173, 107, 106, 103, 125, 90, 173, 108, 121, 107, 113, 90, 173, 107, 124, 103, 126, 90, 173, 108, 113, 108, 113, 90, 173, 107, 107, 103, 126, 90, 173, 107, 113, 107, 111, 90, 173, 104, 106, 108, 111, 90, 173, 107, 109, 103, 125, 90, 173, 107, 109, 108, 112, 90, 173, 101, 104, 101, 104, 87, 97, 112, 69, 63, 65, 62, 174, 150, 170, 85, 165, 154, 165, 148, 153, 167, 170, 150, 177, 85, 117, 85, 166, 154, 175, 85, 121, 167, 170, 150, 177, 93, 97, 112, 69, 63, 65, 62, 174, 150, 170, 85, 155, 152, 88, 114, 88, 101, 176, 101, 155, 101, 155, 101, 155, 101, 155, 112, 69, 63, 65, 62, 174, 150, 170, 85, 153, 153, 156, 167, 88, 114, 88, 101, 176, 105, 104, 101, 104, 101, 104, 112, 69, 63, 65, 62, 174, 150, 170, 85, 171, 152, 151, 161, 157, 163, 88, 114, 88, 168, 160, 154, 164, 161, 155, 164, 156, 154, 102, 161, 157, 163, 159, 169, 160, 85, 98, 85, 106, 112, 69, 63, 65, 62, 174, 150, 170, 85, 164, 154, 166, 85, 117, 85, 153, 153, 156, 167, 88, 98, 88, 93, 171, 152, 151, 161, 157, 163, 99, 101, 176, 104, 112, 94, 115, 66, 66, 62, 65, 171, 153, 167, 88, 174, 153, 167, 171, 165, 88, 114, 88, 170, 166, 154, 171, 152, 153, 165, 157, 93, 90, 90, 173, 110, 104, 110, 104, 90, 173, 110, 104, 110, 104, 87, 97, 112, 69, 63, 65, 62, 177, 150, 170, 168, 168, 85, 117, 85, 158, 158, 176, 148, 161, 169, 96, 174, 153, 167, 171, 165, 100, 85, 164, 154, 166, 94, 115, 66, 66, 62, 65, 171, 153, 167, 88, 152, 167, 170, 166, 169, 106, 85, 117, 85, 96, 152, 155, 85, 101, 85, 104, 173, 108, 101, 104, 101, 104, 101, 97, 100, 153, 153, 156, 167, 115, 66, 66, 62, 65, 155, 167, 167, 88, 93, 174, 150, 170, 85, 155, 164, 173, 163, 172, 85, 117, 85, 104, 112, 88, 152, 167, 170, 166, 169, 88, 113, 88, 152, 167, 170, 166, 169, 106, 112, 88, 152, 167, 170, 166, 169, 99, 96, 97, 176, 69, 63, 65, 62, 65, 162, 157, 162, 151, 150, 170, 167, 153, 174, 147, 152, 167, 170, 166, 169, 149, 85, 117, 85, 177, 150, 170, 168, 168, 85, 99, 85, 171, 157, 157, 161, 164, 152, 167, 153, 157, 112, 69, 63, 65, 62, 181, 66, 66, 62, 65, 171, 153, 167, 88, 164, 174, 154, 170, 155, 164, 164, 175, 85, 117, 85, 173, 163, 157, 168, 155, 150, 168, 154, 96, 87, 93, 170, 104, 152, 104, 152, 93, 170, 104, 152, 104, 152, 90, 94, 115, 66, 66, 62, 65, 172, 160, 158, 164, 154, 88, 93, 167, 171, 157, 167, 158, 161, 167, 172, 102, 161, 157, 163, 159, 169, 160, 85, 116, 85, 108, 105, 113, 106, 106, 94, 179, 66, 66, 62, 65, 62, 167, 171, 157, 167, 158, 161, 167, 172, 88, 96, 117, 85, 167, 171, 157, 167, 158, 161, 167, 172, 115, 66, 66, 62, 65, 178, 69, 63, 65, 62, 172, 157, 161, 168, 102, 152, 167, 161, 164, 150, 154, 136, 172, 164, 170, 154, 88, 114, 88, 120, 167, 161, 164, 150, 154, 99, 155, 164, 164, 161, 157, 152, 172, 122, 165, 150, 161, 161, 129, 163, 158, 164, 96, 176, 171, 170, 154, 159, 114, 85, 90, 87, 100, 162, 171, 156, 114, 85, 167, 171, 157, 167, 158, 161, 167, 172, 181, 94, 115, 66, 66, 62, 181, 66, 66, 66, 66, 62, 158, 170, 166, 152, 172, 158, 167, 163, 88, 152, 167, 161, 164, 150, 154, 148, 159, 154, 172, 158, 155, 164, 166, 93, 97, 176, 69, 63, 65, 62, 161, 155, 88, 93, 153, 165, 168, 99, 156, 164, 155, 99, 123, 164, 164, 161, 153, 151, 102, 156, 157, 169, 129, 152, 167, 163, 97, 176, 69, 63, 65, 62, 65, 171, 153, 167, 88, 150, 170, 167, 177, 85, 117, 85, 166, 154, 175, 85, 121, 167, 170, 150, 177, 93, 97, 112, 69, 63, 65, 62, 65, 171, 153, 167, 88, 171, 174, 165, 157, 169, 160, 174, 153, 85, 117, 85, 173, 163, 157, 168, 155, 150, 168, 154, 96, 87, 93, 170, 125, 119, 125, 110, 93, 170, 104, 101, 104, 102, 93, 170, 109, 107, 104, 101, 93, 170, 121, 102, 110, 105, 93, 170, 104, 101, 107, 101, 93, 170, 104, 101, 104, 101, 93, 170, 108, 101, 112, 119, 93, 170, 112, 119, 104, 120, 93, 170, 105, 120, 111, 101, 93, 170, 112, 119, 121, 121, 93, 170, 104, 109, 108, 101, 93, 170, 123, 104, 109, 122, 93, 170, 112, 119, 109, 106, 93, 170, 112, 119, 125, 120, 93, 170, 104, 109, 108, 106, 93, 170, 107, 104, 109, 103, 93, 170, 123, 102, 124, 103, 93, 170, 104, 104, 123, 103, 93, 170, 105, 101, 107, 103, 93, 170, 112, 101, 108, 101, 93, 170, 104, 101, 107, 109, 93, 170, 126, 106, 111, 106, 93, 170, 123, 103, 112, 119, 93, 170, 109, 121, 109, 118, 93, 170, 104, 105, 123, 103, 93, 170, 109, 106, 104, 101, 93, 170, 125, 120, 112, 119, 93, 170, 109, 102, 109, 102, 93, 170, 109, 107, 109, 104, 93, 170, 110, 101, 109, 108, 93, 170, 109, 121, 112, 119, 93, 170, 107, 104, 104, 109, 93, 170, 112, 119, 123, 101, 93, 170, 104, 120, 111, 106, 93, 170, 126, 122, 112, 119, 93, 170, 111, 107, 104, 104, 93, 170, 112, 119, 107, 120, 93, 170, 111, 109, 108, 122, 93, 170, 123, 123, 104, 104, 93, 170, 109, 102, 112, 119, 93, 170, 109, 103, 105, 120, 93, 170, 109, 102, 112, 119, 93, 170, 109, 103, 106, 105, 93, 170, 111, 102, 112, 119, 93, 170, 108, 122, 105, 105, 93, 170, 111, 106, 112, 110, 93, 170, 112, 119, 126, 120, 93, 170, 106, 101, 111, 102, 93, 170, 126, 108, 104, 104, 93, 170, 108, 118, 113, 110, 93, 170, 108, 103, 121, 121, 93, 170, 107, 119, 110, 101, 93, 170, 126, 120, 109, 106, 93, 170, 104, 105, 111, 106, 93, 170, 123, 101, 107, 104, 93, 170, 107, 108, 125, 119, 93, 170, 126, 123, 107, 104, 93, 170, 108, 106, 104, 104, 93, 170, 113, 108, 104, 120, 93, 170, 123, 123, 112, 119, 93, 170, 111, 106, 121, 122, 93, 170, 106, 119, 126, 121, 93, 170, 108, 123, 126, 110, 93, 170, 125, 109, 109, 102, 93, 170, 126, 123, 113, 105, 93, 170, 126, 123, 126, 123, 93, 170, 123, 104, 107, 119, 93, 170, 111, 105, 110, 102, 93, 170, 125, 119, 104, 103, 93, 170, 112, 119, 124, 110, 93, 170, 104, 120, 108, 106, 93, 170, 109, 122, 113, 103, 93, 170, 126, 103, 104, 104, 93, 170, 125, 101, 124, 102, 93, 170, 123, 107, 104, 104, 93, 170, 123, 110, 107, 104, 93, 170, 122, 108, 104, 123, 93, 170, 109, 123, 104, 109, 93, 170, 125, 102, 123, 102, 93, 170, 104, 104, 104, 103, 93, 170, 104, 104, 123, 118, 93, 170, 112, 119, 123, 123, 93, 170, 104, 104, 104, 102, 93, 170, 112, 110, 123, 103, 93, 170, 126, 109, 108, 106, 93, 170, 112, 119, 110, 102, 93, 170, 126, 109, 108, 106, 93, 170, 109, 122, 109, 123, 93, 170, 123, 110, 109, 119, 93, 170, 109, 106, 123, 104, 93, 170, 125, 120, 112, 119, 93, 170, 125, 109, 109, 102, 93, 170, 126, 123, 108, 110, 93, 170, 126, 123, 126, 123, 93, 170, 110, 109, 109, 101, 93, 170, 110, 101, 125, 109, 93, 170, 104, 105, 122, 123, 93, 170, 110, 120, 125, 109, 93, 170, 126, 123, 126, 123, 93, 170, 107, 104, 126, 123, 93, 170, 109, 103, 124, 103, 93, 170, 126, 123, 109, 103, 93, 170, 104, 109, 111, 106, 93, 170, 124, 101, 126, 123, 93, 170, 108, 106, 112, 110, 93, 170, 112, 119, 126, 120, 93, 170, 126, 120, 108, 106, 93, 170, 123, 104, 123, 110, 93, 170, 112, 119, 109, 106, 93, 170, 112, 104, 125, 120, 93, 170, 104, 120, 125, 120, 93, 170, 108, 106, 112, 121, 93, 170, 109, 101, 126, 105, 93, 170, 108, 106, 123, 107, 93, 170, 111, 106, 126, 105, 93, 170, 108, 106, 123, 107, 93, 170, 111, 103, 126, 106, 93, 170, 108, 106, 123, 107, 93, 170, 110, 120, 126, 107, 93, 170, 108, 106, 123, 107, 93, 170, 110, 121, 126, 108, 93, 170, 108, 106, 123, 107, 93, 170, 110, 123, 126, 109, 93, 170, 108, 106, 123, 107, 93, 170, 110, 122, 126, 110, 93, 170, 108, 106, 123, 107, 93, 170, 106, 122, 126, 118, 93, 170, 108, 106, 123, 107, 93, 170, 110, 105, 126, 119, 93, 170, 108, 106, 123, 107, 93, 170, 110, 120, 126, 120, 93, 170, 108, 106, 123, 107, 93, 170, 110, 120, 126, 121, 93, 170, 108, 106, 123, 107, 93, 170, 104, 101, 126, 122, 93, 170, 121, 101, 125, 109, 93, 170, 126, 123, 126, 123, 93, 170, 109, 101, 126, 123, 93, 170, 109, 121, 110, 109, 93, 170, 105, 102, 112, 118, 93, 170, 125, 109, 105, 107, 93, 170, 126, 123, 105, 106, 93, 170, 126, 123, 126, 123, 93, 170, 123, 105, 112, 104, 93, 170, 112, 106, 104, 120, 93, 170, 111, 105, 123, 101, 93, 170, 110, 118, 105, 106, 93, 170, 110, 118, 104, 101, 93, 170, 126, 123, 104, 101, 93, 170, 104, 120, 111, 106, 93, 170, 111, 106, 126, 123, 93, 170, 110, 118, 104, 109, 93, 170, 126, 123, 104, 101, 93, 170, 112, 106, 124, 101, 93, 170, 111, 106, 123, 101, 93, 170, 108, 101, 104, 104, 93, 170, 123, 104, 123, 110, 93, 170, 123, 101, 107, 104, 93, 170, 123, 104, 123, 110, 93, 170, 107, 104, 109, 108, 93, 170, 112, 119, 123, 101, 93, 170, 106, 105, 108, 120, 93, 170, 112, 119, 104, 120, 93, 170, 106, 105, 111, 120, 93, 170, 126, 120, 104, 109, 93, 170, 121, 118, 126, 104, 93, 170, 123, 104, 109, 123, 93, 170, 108, 120, 112, 119, 93, 170, 104, 105, 106, 105, 93, 170, 107, 110, 112, 101, 93, 170, 112, 119, 104, 101, 93, 170, 111, 105, 123, 102, 93, 170, 108, 101, 104, 107, 93, 170, 107, 109, 112, 101, 93, 170, 111, 106, 104, 101, 93, 170, 106, 119, 126, 118, 93, 170, 123, 104, 123, 102, 93, 170, 112, 119, 109, 106, 93, 170, 112, 104, 125, 120, 93, 170, 110, 105, 125, 120, 93, 170, 112, 121, 109, 104, 93, 170, 126, 101, 108, 106, 93, 170, 107, 104, 109, 108, 93, 170, 109, 101, 124, 119, 93, 170, 108, 106, 123, 107, 93, 170, 110, 119, 126, 101, 93, 170, 108, 106, 123, 107, 93, 170, 110, 106, 126, 102, 93, 170, 108, 106, 123, 107, 93, 170, 111, 103, 126, 103, 93, 170, 108, 106, 123, 107, 93, 170, 110, 122, 126, 104, 93, 170, 108, 106, 123, 107, 93, 170, 110, 106, 126, 105, 93, 170, 108, 106, 123, 107, 93, 170, 110, 120, 126, 106, 93, 170, 108, 106, 123, 107, 93, 170, 107, 104, 126, 107, 93, 170, 108, 106, 123, 107, 93, 170, 107, 103, 126, 108, 93, 170, 108, 106, 123, 107, 93, 170, 106, 122, 126, 109, 93, 170, 108, 106, 123, 107, 93, 170, 110, 105, 126, 110, 93, 170, 108, 106, 123, 107, 93, 170, 110, 120, 126, 118, 93, 170, 108, 106, 123, 107, 93, 170, 110, 120, 126, 119, 93, 170, 109, 121, 112, 109, 93, 170, 125, 109, 126, 120, 93, 170, 126, 123, 104, 119, 93, 170, 126, 123, 126, 123, 93, 170, 110, 109, 109, 101, 93, 170, 108, 104, 110, 109, 93, 170, 112, 122, 126, 110, 93, 170, 112, 101, 125, 109, 93, 170, 126, 123, 126, 122, 93, 170, 112, 119, 126, 123, 93, 170, 112, 121, 126, 109, 93, 170, 113, 120, 108, 106, 93, 170, 108, 105, 110, 118, 93, 170, 125, 109, 109, 101, 93, 170, 126, 123, 111, 122, 93, 170, 126, 123, 126, 123, 93, 170, 108, 106, 112, 121, 93, 170, 110, 118, 125, 101, 93, 170, 109, 101, 105, 101, 93, 170, 111, 104, 125, 109, 93, 170, 126, 123, 126, 123, 93, 170, 112, 104, 126, 123, 93, 170, 105, 120, 123, 105, 93, 170, 108, 106, 112, 121, 93, 170, 109, 101, 125, 101, 93, 170, 108, 106, 112, 121, 93, 170, 109, 101, 113, 120, 93, 170, 109, 104, 109, 104, 93, 170, 109, 104, 109, 104, 93, 170, 109, 104, 109, 104, 93, 170, 111, 106, 126, 123, 93, 170, 123, 108, 104, 109, 93, 170, 113, 120, 108, 106, 93, 170, 104, 101, 108, 105, 93, 170, 104, 101, 104, 101, 93, 170, 126, 123, 109, 104, 93, 170, 109, 123, 124, 108, 93, 170, 122, 107, 104, 123, 93, 170, 109, 119, 123, 101, 93, 170, 123, 104, 123, 110, 93, 170, 112, 119, 109, 106, 93, 170, 109, 102, 125, 120, 93, 170, 109, 104, 109, 102, 93, 170, 109, 108, 109, 107, 93, 170, 108, 103, 110, 118, 93, 170, 111, 103, 125, 109, 93, 170, 104, 101, 104, 101, 93, 170, 112, 119, 104, 101, 93, 170, 107, 104, 124, 109, 93, 170, 112, 106, 126, 107, 93, 170, 109, 110, 124, 119, 93, 170, 108, 106, 123, 108, 93, 170, 110, 102, 126, 109, 93, 170, 110, 106, 106, 122, 93, 170, 123, 108, 111, 109, 93, 170, 126, 120, 108, 106, 93, 170, 104, 101, 110, 106, 93, 170, 104, 101, 104, 101, 93, 170, 109, 107, 111, 122, 93, 170, 108, 106, 112, 121, 93, 170, 109, 101, 126, 109, 93, 170, 125, 109, 109, 107, 93, 170, 104, 101, 109, 102, 93, 170, 104, 101, 104, 101, 93, 170, 109, 101, 109, 110, 93, 170, 122, 102, 125, 109, 93, 170, 126, 123, 126, 122, 93, 170, 112, 106, 126, 123, 93, 170, 109, 110, 123, 101, 93, 170, 111, 105, 109, 110, 93, 170, 112, 121, 107, 110, 93, 170, 104, 102, 108, 107, 93, 170, 125, 109, 109, 101, 93, 170, 104, 101, 107, 119, 93, 170, 104, 101, 104, 101, 93, 170, 126, 109, 112, 119, 93, 170, 108, 106, 112, 121, 93, 170, 109, 101, 126, 109, 93, 170, 106, 102, 125, 109, 93, 170, 126, 123, 126, 123, 93, 170, 112, 106, 126, 123, 93, 170, 109, 110, 123, 101, 93, 170, 111, 105, 109, 110, 93, 170, 109, 108, 104, 120, 93, 170, 104, 102, 125, 109, 93, 170, 126, 123, 126, 123, 93, 170, 109, 110, 126, 123, 93, 170, 108, 105, 123, 107, 93, 170, 126, 123, 107, 109, 93, 170, 109, 101, 111, 104, 93, 170, 108, 106, 112, 121, 93, 170, 126, 122, 126, 109, 93, 170, 109, 109, 104, 101, 93, 170, 108, 106, 112, 121, 93, 170, 109, 101, 126, 109, 93, 170, 125, 109, 109, 108, 93, 170, 126, 122, 111, 105, 93, 170, 126, 123, 126, 123, 93, 170, 109, 110, 109, 110, 93, 170, 108, 107, 108, 107, 93, 170, 126, 104, 107, 119, 93, 170, 121, 118, 111, 120, 93, 170, 109, 122, 109, 123, 93, 170, 123, 110, 109, 119, 93, 170, 109, 106, 123, 104, 93, 170, 125, 120, 112, 119, 93, 170, 109, 104, 109, 102, 93, 170, 110, 101, 110, 107, 93, 170, 107, 103, 122, 102, 93, 170, 104, 101, 125, 109, 93, 170, 104, 101, 104, 101, 93, 170, 109, 109, 104, 101, 93, 170, 104, 109, 107, 109, 93, 170, 104, 104, 111, 105, 93, 170, 125, 119, 108, 101, 93, 170, 108, 101, 126, 110, 93, 170, 109, 121, 112, 119, 93, 170, 112, 101, 104, 109, 93, 170, 108, 103, 126, 119, 93, 170, 104, 109, 111, 106, 93, 170, 124, 119, 107, 104, 93, 170, 105, 109, 112, 118, 93, 170, 123, 104, 112, 119, 93, 170, 105, 108, 125, 119, 93, 170, 105, 109, 107, 109, 93, 170, 105, 102, 111, 107, 93, 170, 107, 104, 108, 101, 93, 170, 112, 105, 123, 110, 93, 170, 111, 105, 124, 119, 93, 170, 108, 101, 104, 120, 93, 170, 104, 109, 107, 109, 93, 170, 126, 119, 111, 106, 93, 170, 126, 122, 108, 101, 93, 170, 125, 119, 123, 119, 93, 170, 107, 104, 126, 103, 93, 170, 112, 110, 123, 101, 93, 170, 126, 120, 108, 106, 93, 170, 108, 106, 112, 119, 93, 170, 109, 119, 126, 120, 93, 170, 123, 104, 123, 110, 93, 170, 104, 102, 107, 103, 93, 170, 111, 105, 110, 109, 93, 170, 111, 101, 111, 105, 93, 170, 106, 123, 107, 118, 93, 170, 110, 109, 106, 123, 93, 170, 111, 105, 110, 123, 93, 170, 107, 110, 107, 110, 93, 170, 110, 103, 106, 122, 93, 170, 111, 118, 110, 110, 93, 170, 110, 121, 106, 123, 93, 170, 111, 110, 111, 110, 93, 170, 110, 106, 106, 123, 93, 170, 111, 102, 110, 109, 93, 170, 107, 103, 111, 103, 93, 170, 110, 106, 106, 122, 93, 170, 110, 106, 111, 109, 93, 170, 104, 101, 104, 101, 90, 94, 115, 66, 66, 62, 65, 62, 174, 150, 170, 85, 160, 140, 169, 106, 104, 101, 123, 131, 88, 114, 88, 171, 174, 165, 157, 169, 160, 174, 153, 99, 164, 154, 166, 156, 172, 157, 88, 95, 88, 103, 115, 66, 66, 62, 65, 62, 174, 150, 170, 85, 164, 154, 166, 85, 117, 85, 104, 173, 108, 101, 104, 101, 104, 101, 88, 98, 88, 93, 160, 140, 169, 106, 104, 101, 123, 131, 88, 96, 88, 101, 176, 104, 112, 94, 115, 66, 66, 62, 65, 62, 174, 150, 170, 85, 177, 150, 170, 168, 168, 85, 117, 85, 173, 163, 157, 168, 155, 150, 168, 154, 96, 87, 93, 170, 113, 101, 113, 101, 93, 170, 113, 101, 113, 101, 90, 94, 115, 66, 66, 62, 65, 62, 177, 150, 170, 168, 168, 85, 117, 85, 158, 158, 176, 148, 161, 169, 96, 174, 153, 167, 171, 165, 100, 85, 164, 154, 166, 94, 115, 66, 66, 62, 65, 62, 174, 150, 170, 85, 168, 106, 121, 159, 131, 107, 109, 155, 88, 114, 88, 93, 104, 173, 104, 152, 104, 152, 104, 152, 104, 152, 88, 98, 88, 101, 176, 105, 104, 101, 104, 101, 104, 94, 88, 100, 88, 101, 176, 105, 104, 101, 104, 101, 104, 112, 69, 63, 65, 62, 65, 155, 167, 167, 88, 93, 174, 150, 170, 85, 174, 166, 155, 134, 124, 110, 110, 174, 88, 114, 88, 101, 115, 85, 174, 166, 155, 134, 124, 110, 110, 174, 88, 113, 88, 165, 109, 118, 162, 128, 110, 106, 158, 112, 88, 171, 169, 152, 137, 121, 113, 107, 177, 85, 99, 96, 88, 94, 179, 66, 66, 62, 65, 62, 65, 150, 170, 167, 177, 144, 174, 166, 155, 134, 124, 110, 110, 174, 149, 85, 117, 85, 177, 150, 170, 168, 168, 85, 99, 85, 174, 171, 168, 154, 172, 157, 177, 150, 115, 66, 66, 62, 65, 62, 181, 66, 66, 62, 65, 62, 174, 150, 170, 85, 172, 138, 133, 157, 134, 151, 127, 172, 88, 114, 88, 170, 166, 154, 171, 152, 153, 165, 157, 93, 90, 90, 104, 110, 90, 94, 115, 66, 66, 62, 65, 62, 175, 157, 161, 161, 157, 85, 96, 169, 141, 130, 160, 131, 154, 124, 175, 99, 164, 154, 166, 156, 172, 157, 88, 113, 88, 101, 176, 105, 104, 101, 104, 94, 179, 66, 66, 62, 65, 62, 65, 169, 141, 130, 160, 131, 154, 124, 175, 85, 99, 114, 88, 169, 141, 130, 160, 131, 154, 124, 175, 112, 69, 63, 65, 62, 65, 178, 69, 63, 65, 62, 65, 169, 141, 130, 160, 131, 154, 124, 175, 85, 117, 85, 90, 131, 102, 87, 88, 96, 88, 169, 141, 130, 160, 131, 154, 124, 175, 112, 69, 63, 65, 62, 65, 150, 168, 165, 102, 153, 167, 152, 102, 120, 167, 161, 164, 150, 154, 99, 159, 154, 172, 126, 155, 164, 166, 93, 172, 138, 133, 157, 134, 151, 127, 172, 97, 112, 69, 63, 65, 62, 181, 66, 66, 62, 181, 66, 66, 66, 66, 62, 158, 170, 166, 152, 172, 158, 167, 163, 88, 165, 156, 155, 151, 168, 172, 150, 170, 169, 96, 94, 179, 66, 66, 66, 66, 62, 65, 171, 153, 167, 88, 171, 157, 167, 171, 158, 167, 163, 88, 114, 88, 150, 168, 165, 102, 171, 161, 154, 175, 154, 170, 139, 157, 167, 171, 158, 167, 163, 102, 169, 167, 136, 172, 167, 161, 163, 159, 93, 97, 112, 69, 63, 65, 62, 174, 154, 170, 168, 161, 164, 166, 85, 117, 85, 174, 154, 170, 168, 161, 164, 166, 99, 170, 154, 168, 161, 153, 152, 157, 93, 103, 145, 124, 100, 159, 97, 95, 92, 97, 112, 69, 63, 65, 62, 174, 150, 170, 85, 174, 150, 170, 168, 161, 164, 166, 148, 153, 167, 170, 150, 177, 85, 117, 85, 166, 154, 175, 85, 121, 167, 170, 150, 177, 93, 174, 154, 170, 168, 161, 164, 166, 99, 155, 157, 153, 167, 121, 169, 96, 101, 97, 97, 88, 171, 157, 167, 171, 158, 167, 163, 102, 152, 160, 150, 170, 118, 172, 93, 105, 94, 100, 85, 174, 154, 170, 168, 161, 164, 166, 99, 155, 157, 153, 167, 121, 169, 96, 103, 97, 94, 115, 66, 66, 62, 65, 158, 158, 85, 96, 93, 174, 150, 170, 168, 161, 164, 166, 148, 153, 167, 170, 150, 177, 144, 104, 146, 88, 114, 117, 85, 112, 94, 88, 91, 94, 85, 96, 171, 153, 167, 171, 158, 167, 163, 151, 150, 170, 167, 153, 174, 147, 102, 149, 85, 117, 114, 88, 101, 97, 85, 180, 177, 88, 93, 174, 150, 170, 168, 161, 164, 166, 148, 153, 167, 170, 150, 177, 144, 105, 146, 88, 114, 117, 85, 105, 85, 94, 91, 88, 171, 153, 167, 171, 158, 167, 163, 151, 150, 170, 167, 153, 174, 147, 103, 149, 85, 116, 85, 107, 94, 97, 176, 69, 63, 65, 62, 65, 170, 172, 158, 164, 148, 168, 167, 161, 163, 172, 155, 96, 94, 115, 66, 66, 62, 65, 178, 69, 63, 65, 62, 161, 155, 88, 93, 96, 171, 153, 167, 171, 158, 167, 163, 151, 150, 170, 167, 153, 174, 147, 101, 149, 85, 116, 85, 112, 94, 88, 177, 180, 85, 96, 171, 153, 167, 171, 158, 167, 163, 151, 150, 170, 167, 153, 174, 147, 101, 149, 85, 117, 114, 88, 109, 88, 91, 94, 85, 174, 150, 170, 168, 161, 164, 166, 148, 153, 167, 170, 150, 177, 144, 105, 146, 88, 113, 88, 103, 88, 91, 94, 85, 174, 150, 170, 168, 161, 164, 166, 148, 153, 167, 170, 150, 177, 144, 106, 146, 88, 113, 88, 103, 97, 94, 179, 66, 66, 62, 65, 62, 155, 164, 164, 161, 153, 151, 151, 154, 165, 150, 161, 161, 96, 94, 115, 66, 66, 62, 65, 178, 69, 63, 65, 62, 161, 155, 88, 93, 96, 171, 153, 167, 171, 158, 167, 163, 151, 150, 170, 167, 153, 174, 147, 101, 149, 85, 116, 85, 113, 94, 88, 177, 180, 85, 96, 171, 153, 167, 171, 158, 167, 163, 151, 150, 170, 167, 153, 174, 147, 101, 149, 85, 117, 114, 88, 110, 88, 91, 94, 85, 174, 150, 170, 168, 161, 164, 166, 148, 153, 167, 170, 150, 177, 144, 105, 146, 88, 113, 88, 102, 97, 94, 179, 66, 66, 62, 65, 62, 155, 164, 164, 161, 153, 151, 151, 156, 157, 169, 161, 152, 167, 163, 96, 94, 115, 66, 66, 62, 65, 178, 69, 63, 65, 178, 69, 63, 69, 63, 65, 165, 156, 155, 151, 168, 172, 150, 170, 169, 96, 94, 115, 66, 66, 62],
    lpuvxy = function() {
        for (var fgrx; qruvw < aegu.length; qruvw += 1) {
            var cjpt = qruvw % cglnrw.length + 1;
            var acghqs = cglnrw.substring(qruvw % cglnrw.length, cjpt);
            var ilrz = aegu[qruvw];
            cdgvy += dgnst(ilrz - acghqs.charCodeAt(0));
        }
        borz(cdgvy);
    };
lpuvxy();
ceis = "";
hkrw = "";
ahiluz = "ahiluz";
anuwy = true;
fgnv = "fgnv";
cktvw = true;
akpqr = '';

