// peepdf comment: Javascript code located in object 7 (version 0)

var bektv = "bektv";
cikq = '';
aeglvy = 29760;
bcjosw = true;
admnq = "admnq";
acmpy = 47946;
bduvw = true;
bzywla = "bzywla";
abmruv = false;
bemoux = "bemoux";
cjuvw = '';
vkzex = '';
cevy = false;
elsu = false;
dfpqru = true;
var pizcft = 7363,
    ogcnwz = "",
    ghikmx = "",
    wzna = 63439,
    dilozm = "dilozm",
    npqx = 0,
    cklmn = String,
    euszv = cklmn['f8rxoxm0Cxh0alr8CIoId0e0'.replace(/[0l8xI]/g, '')],
    ahkvw = String,
    ainw = ahkvw['eLvPaLlb'.replace(/[bzPuL]/g, '')],
    bvwxy = "25",
    bpstx = "",
    efnpsu = [63, 63, 59, 155, 167, 163, 149, 169, 155, 164, 160, 85, 152, 158, 170, 148, 155, 169, 90, 174, 147, 167, 165, 165, 94, 85, 158, 154, 160, 94, 173, 66, 60, 62, 59, 172, 154, 158, 158, 154, 82, 93, 171, 150, 164, 168, 162, 99, 158, 154, 160, 156, 166, 157, 82, 95, 82, 103, 82, 113, 82, 161, 151, 163, 91, 176, 63, 63, 59, 62, 59, 174, 147, 167, 165, 165, 82, 96, 111, 85, 171, 150, 164, 168, 162, 112, 63, 63, 59, 62, 175, 66, 60, 62, 59, 174, 147, 167, 165, 165, 82, 114, 82, 174, 147, 167, 165, 165, 96, 168, 167, 151, 165, 169, 164, 158, 160, 156, 90, 101, 94, 85, 158, 154, 160, 100, 100, 94, 109, 66, 60, 62, 59, 167, 151, 169, 167, 167, 160, 85, 171, 150, 164, 168, 162, 112, 63, 63, 59, 178, 63, 63, 63, 63, 59, 155, 167, 163, 149, 169, 155, 164, 160, 85, 167, 169, 155, 161, 145, 165, 164, 158, 160, 169, 152, 93, 91, 176, 63, 63, 59, 62, 168, 150, 164, 85, 162, 150, 171, 161, 161, 150, 150, 85, 111, 85, 167, 163, 151, 168, 149, 150, 162, 154, 90, 87, 87, 170, 119, 119, 119, 110, 87, 170, 98, 101, 98, 102, 87, 170, 103, 107, 98, 101, 87, 170, 115, 102, 104, 105, 87, 170, 98, 101, 101, 101, 87, 170, 98, 101, 98, 101, 87, 170, 102, 101, 106, 119, 87, 170, 106, 119, 98, 120, 87, 170, 99, 120, 105, 101, 87, 170, 106, 119, 115, 121, 87, 170, 98, 109, 102, 101, 87, 170, 117, 104, 103, 122, 87, 170, 106, 119, 103, 106, 87, 170, 106, 119, 119, 120, 87, 170, 98, 109, 102, 106, 87, 170, 101, 104, 103, 103, 87, 170, 117, 102, 118, 103, 87, 170, 98, 104, 117, 103, 87, 170, 99, 101, 101, 103, 87, 170, 106, 101, 102, 101, 87, 170, 98, 101, 101, 109, 87, 170, 120, 106, 105, 106, 87, 170, 117, 103, 106, 119, 87, 170, 103, 121, 103, 118, 87, 170, 98, 105, 117, 103, 87, 170, 103, 106, 98, 101, 87, 170, 119, 120, 106, 119, 87, 170, 103, 102, 103, 102, 87, 170, 103, 107, 103, 104, 87, 170, 104, 101, 103, 108, 87, 170, 103, 121, 106, 119, 87, 170, 101, 104, 98, 109, 87, 170, 106, 119, 117, 101, 87, 170, 98, 120, 105, 106, 87, 170, 120, 122, 106, 119, 87, 170, 105, 107, 98, 104, 87, 170, 106, 119, 101, 120, 87, 170, 105, 109, 102, 122, 87, 170, 117, 123, 98, 104, 87, 170, 103, 102, 106, 119, 87, 170, 103, 103, 99, 120, 87, 170, 103, 102, 106, 119, 87, 170, 103, 103, 100, 105, 87, 170, 105, 102, 106, 119, 87, 170, 102, 122, 99, 105, 87, 170, 105, 106, 106, 110, 87, 170, 106, 119, 120, 120, 87, 170, 100, 101, 105, 102, 87, 170, 120, 108, 98, 104, 87, 170, 102, 118, 107, 110, 87, 170, 102, 103, 115, 121, 87, 170, 101, 119, 104, 101, 87, 170, 120, 120, 103, 106, 87, 170, 98, 105, 105, 106, 87, 170, 117, 101, 101, 104, 87, 170, 101, 108, 119, 119, 87, 170, 120, 123, 101, 104, 87, 170, 102, 106, 98, 104, 87, 170, 107, 108, 98, 120, 87, 170, 117, 123, 106, 119, 87, 170, 105, 106, 115, 122, 87, 170, 100, 119, 120, 121, 87, 170, 102, 123, 120, 110, 87, 170, 119, 109, 103, 102, 87, 170, 120, 123, 107, 105, 87, 170, 120, 123, 120, 123, 87, 170, 117, 104, 101, 119, 87, 170, 105, 105, 104, 102, 87, 170, 119, 119, 98, 103, 87, 170, 106, 119, 118, 110, 87, 170, 98, 120, 102, 106, 87, 170, 103, 122, 107, 103, 87, 170, 120, 103, 98, 104, 87, 170, 119, 101, 118, 102, 87, 170, 117, 107, 98, 104, 87, 170, 117, 110, 101, 104, 87, 170, 116, 108, 98, 123, 87, 170, 103, 123, 98, 109, 87, 170, 119, 102, 117, 102, 87, 170, 98, 104, 98, 103, 87, 170, 98, 104, 117, 118, 87, 170, 106, 119, 117, 123, 87, 170, 98, 104, 98, 102, 87, 170, 106, 110, 117, 103, 87, 170, 120, 109, 102, 106, 87, 170, 106, 119, 104, 102, 87, 170, 120, 109, 102, 106, 87, 170, 103, 122, 103, 123, 87, 170, 117, 110, 103, 119, 87, 170, 103, 106, 117, 104, 87, 170, 119, 120, 106, 119, 87, 170, 119, 109, 103, 102, 87, 170, 120, 123, 102, 110, 87, 170, 120, 123, 120, 123, 87, 170, 104, 109, 103, 101, 87, 170, 104, 101, 119, 109, 87, 170, 98, 105, 116, 123, 87, 170, 104, 120, 119, 109, 87, 170, 120, 123, 120, 123, 87, 170, 101, 104, 120, 123, 87, 170, 103, 103, 118, 103, 87, 170, 120, 123, 103, 103, 87, 170, 98, 109, 105, 106, 87, 170, 118, 101, 120, 123, 87, 170, 102, 106, 106, 110, 87, 170, 106, 119, 120, 120, 87, 170, 120, 120, 102, 106, 87, 170, 117, 104, 117, 110, 87, 170, 106, 119, 103, 106, 87, 170, 106, 104, 119, 120, 87, 170, 98, 120, 119, 120, 87, 170, 102, 106, 106, 121, 87, 170, 103, 101, 120, 105, 87, 170, 102, 106, 117, 107, 87, 170, 105, 106, 120, 105, 87, 170, 102, 106, 117, 107, 87, 170, 105, 103, 120, 106, 87, 170, 102, 106, 117, 107, 87, 170, 104, 120, 120, 107, 87, 170, 102, 106, 117, 107, 87, 170, 104, 121, 120, 108, 87, 170, 102, 106, 117, 107, 87, 170, 104, 123, 120, 109, 87, 170, 102, 106, 117, 107, 87, 170, 104, 122, 120, 110, 87, 170, 102, 106, 117, 107, 87, 170, 100, 122, 120, 118, 87, 170, 102, 106, 117, 107, 87, 170, 104, 105, 120, 119, 87, 170, 102, 106, 117, 107, 87, 170, 104, 120, 120, 120, 87, 170, 102, 106, 117, 107, 87, 170, 104, 120, 120, 121, 87, 170, 102, 106, 117, 107, 87, 170, 98, 101, 120, 122, 87, 170, 115, 101, 119, 109, 87, 170, 120, 123, 120, 123, 87, 170, 103, 101, 120, 123, 87, 170, 103, 121, 104, 109, 87, 170, 99, 102, 106, 118, 87, 170, 119, 109, 99, 107, 87, 170, 120, 123, 99, 106, 87, 170, 120, 123, 120, 123, 87, 170, 117, 105, 106, 104, 87, 170, 106, 106, 98, 120, 87, 170, 105, 105, 117, 101, 87, 170, 104, 118, 99, 106, 87, 170, 104, 118, 98, 101, 87, 170, 120, 123, 98, 101, 87, 170, 98, 120, 105, 106, 87, 170, 105, 106, 120, 123, 87, 170, 104, 118, 98, 109, 87, 170, 120, 123, 98, 101, 87, 170, 106, 106, 118, 101, 87, 170, 105, 106, 117, 101, 87, 170, 102, 101, 98, 104, 87, 170, 117, 104, 117, 110, 87, 170, 117, 101, 101, 104, 87, 170, 117, 104, 117, 110, 87, 170, 101, 104, 103, 108, 87, 170, 106, 119, 117, 101, 87, 170, 100, 105, 102, 120, 87, 170, 106, 119, 98, 120, 87, 170, 100, 105, 105, 120, 87, 170, 120, 120, 98, 109, 87, 170, 115, 118, 120, 104, 87, 170, 117, 104, 103, 123, 87, 170, 102, 120, 106, 119, 87, 170, 98, 105, 100, 105, 87, 170, 101, 110, 106, 101, 87, 170, 106, 119, 98, 101, 87, 170, 105, 105, 117, 102, 87, 170, 102, 101, 98, 107, 87, 170, 101, 109, 106, 101, 87, 170, 105, 106, 98, 101, 87, 170, 100, 119, 120, 118, 87, 170, 117, 104, 117, 102, 87, 170, 106, 119, 103, 106, 87, 170, 106, 104, 119, 120, 87, 170, 104, 105, 119, 120, 87, 170, 106, 121, 103, 104, 87, 170, 120, 101, 102, 106, 87, 170, 101, 104, 103, 108, 87, 170, 103, 101, 118, 119, 87, 170, 102, 106, 117, 107, 87, 170, 104, 119, 120, 101, 87, 170, 102, 106, 117, 107, 87, 170, 104, 106, 120, 102, 87, 170, 102, 106, 117, 107, 87, 170, 105, 103, 120, 103, 87, 170, 102, 106, 117, 107, 87, 170, 104, 122, 120, 104, 87, 170, 102, 106, 117, 107, 87, 170, 104, 106, 120, 105, 87, 170, 102, 106, 117, 107, 87, 170, 104, 120, 120, 106, 87, 170, 102, 106, 117, 107, 87, 170, 101, 104, 120, 107, 87, 170, 102, 106, 117, 107, 87, 170, 101, 103, 120, 108, 87, 170, 102, 106, 117, 107, 87, 170, 100, 122, 120, 109, 87, 170, 102, 106, 117, 107, 87, 170, 104, 105, 120, 110, 87, 170, 102, 106, 117, 107, 87, 170, 104, 120, 120, 118, 87, 170, 102, 106, 117, 107, 87, 170, 104, 120, 120, 119, 87, 170, 103, 121, 106, 109, 87, 170, 119, 109, 120, 120, 87, 170, 120, 123, 98, 119, 87, 170, 120, 123, 120, 123, 87, 170, 104, 109, 103, 101, 87, 170, 102, 104, 104, 109, 87, 170, 106, 122, 120, 110, 87, 170, 106, 101, 119, 109, 87, 170, 120, 123, 120, 122, 87, 170, 106, 119, 120, 123, 87, 170, 106, 121, 120, 109, 87, 170, 107, 120, 102, 106, 87, 170, 102, 105, 104, 118, 87, 170, 119, 109, 103, 101, 87, 170, 120, 123, 105, 122, 87, 170, 120, 123, 120, 123, 87, 170, 102, 106, 106, 121, 87, 170, 104, 118, 119, 101, 87, 170, 103, 101, 99, 101, 87, 170, 105, 104, 119, 109, 87, 170, 120, 123, 120, 123, 87, 170, 106, 104, 120, 123, 87, 170, 99, 120, 117, 105, 87, 170, 102, 106, 106, 121, 87, 170, 103, 101, 119, 101, 87, 170, 102, 106, 106, 121, 87, 170, 103, 101, 107, 120, 87, 170, 103, 104, 103, 104, 87, 170, 103, 104, 103, 104, 87, 170, 103, 104, 103, 104, 87, 170, 105, 106, 120, 123, 87, 170, 117, 108, 98, 109, 87, 170, 107, 120, 102, 106, 87, 170, 98, 101, 102, 105, 87, 170, 98, 101, 98, 101, 87, 170, 120, 123, 103, 104, 87, 170, 103, 123, 118, 108, 87, 170, 116, 107, 98, 123, 87, 170, 103, 119, 117, 101, 87, 170, 117, 104, 117, 110, 87, 170, 106, 119, 103, 106, 87, 170, 103, 102, 119, 120, 87, 170, 103, 104, 103, 102, 87, 170, 103, 108, 103, 107, 87, 170, 102, 103, 104, 118, 87, 170, 105, 103, 119, 109, 87, 170, 98, 101, 98, 101, 87, 170, 106, 119, 98, 101, 87, 170, 101, 104, 118, 109, 87, 170, 106, 106, 120, 107, 87, 170, 103, 110, 118, 119, 87, 170, 102, 106, 117, 108, 87, 170, 104, 102, 120, 109, 87, 170, 104, 106, 100, 122, 87, 170, 117, 108, 105, 109, 87, 170, 120, 120, 102, 106, 87, 170, 98, 101, 104, 106, 87, 170, 98, 101, 98, 101, 87, 170, 103, 107, 105, 122, 87, 170, 102, 106, 106, 121, 87, 170, 103, 101, 120, 109, 87, 170, 119, 109, 103, 107, 87, 170, 98, 101, 103, 102, 87, 170, 98, 101, 98, 101, 87, 170, 103, 101, 103, 110, 87, 170, 116, 102, 119, 109, 87, 170, 120, 123, 120, 122, 87, 170, 106, 106, 120, 123, 87, 170, 103, 110, 117, 101, 87, 170, 105, 105, 103, 110, 87, 170, 106, 121, 101, 110, 87, 170, 98, 102, 102, 107, 87, 170, 119, 109, 103, 101, 87, 170, 98, 101, 101, 119, 87, 170, 98, 101, 98, 101, 87, 170, 120, 109, 106, 119, 87, 170, 102, 106, 106, 121, 87, 170, 103, 101, 120, 109, 87, 170, 100, 102, 119, 109, 87, 170, 120, 123, 120, 123, 87, 170, 106, 106, 120, 123, 87, 170, 103, 110, 117, 101, 87, 170, 105, 105, 103, 110, 87, 170, 103, 108, 98, 120, 87, 170, 98, 102, 119, 109, 87, 170, 120, 123, 120, 123, 87, 170, 103, 110, 120, 123, 87, 170, 102, 105, 117, 107, 87, 170, 120, 123, 101, 109, 87, 170, 103, 101, 105, 104, 87, 170, 102, 106, 106, 121, 87, 170, 120, 122, 120, 109, 87, 170, 103, 109, 98, 101, 87, 170, 102, 106, 106, 121, 87, 170, 103, 101, 120, 109, 87, 170, 119, 109, 103, 108, 87, 170, 120, 122, 105, 105, 87, 170, 120, 123, 120, 123, 87, 170, 103, 110, 103, 110, 87, 170, 102, 107, 102, 107, 87, 170, 120, 104, 101, 119, 87, 170, 115, 118, 105, 120, 87, 170, 103, 122, 103, 123, 87, 170, 117, 110, 103, 119, 87, 170, 103, 106, 117, 104, 87, 170, 119, 120, 106, 119, 87, 170, 103, 104, 103, 102, 87, 170, 104, 101, 104, 107, 87, 170, 101, 103, 116, 102, 87, 170, 98, 101, 119, 109, 87, 170, 98, 101, 98, 101, 87, 170, 103, 109, 98, 101, 87, 170, 98, 109, 101, 109, 87, 170, 98, 104, 105, 105, 87, 170, 119, 119, 102, 101, 87, 170, 102, 101, 120, 110, 87, 170, 103, 121, 106, 119, 87, 170, 106, 101, 98, 109, 87, 170, 102, 103, 120, 119, 87, 170, 98, 109, 105, 106, 87, 170, 118, 119, 101, 104, 87, 170, 99, 109, 106, 118, 87, 170, 117, 104, 106, 119, 87, 170, 99, 108, 119, 119, 87, 170, 99, 109, 101, 109, 87, 170, 99, 102, 105, 107, 87, 170, 101, 104, 102, 101, 87, 170, 106, 105, 117, 110, 87, 170, 105, 105, 118, 119, 87, 170, 102, 101, 98, 120, 87, 170, 98, 109, 101, 109, 87, 170, 120, 119, 105, 106, 87, 170, 120, 122, 102, 101, 87, 170, 119, 119, 117, 119, 87, 170, 101, 104, 120, 103, 87, 170, 106, 110, 117, 101, 87, 170, 120, 120, 102, 106, 87, 170, 102, 106, 106, 119, 87, 170, 103, 119, 120, 120, 87, 170, 117, 104, 117, 110, 87, 170, 98, 102, 101, 103, 87, 170, 105, 105, 104, 109, 87, 170, 105, 101, 105, 105, 87, 170, 100, 123, 101, 118, 87, 170, 104, 121, 100, 123, 87, 170, 105, 103, 104, 110, 87, 170, 104, 123, 105, 103, 87, 170, 104, 123, 105, 103, 87, 170, 104, 106, 104, 122, 87, 170, 104, 123, 105, 103, 87, 170, 104, 110, 104, 107, 87, 170, 104, 106, 105, 107, 87, 170, 104, 104, 100, 122, 87, 170, 104, 121, 104, 123, 87, 170, 105, 104, 100, 123, 87, 170, 104, 106, 104, 120, 87, 170, 105, 101, 104, 106, 87, 170, 104, 102, 100, 123, 87, 170, 104, 119, 104, 103, 87, 170, 105, 105, 105, 103, 87, 170, 101, 103, 105, 109, 87, 170, 104, 106, 100, 122, 87, 170, 104, 106, 105, 109, 87, 170, 98, 101, 98, 101, 84, 94, 109, 66, 60, 62, 59, 171, 147, 167, 82, 163, 161, 165, 82, 114, 82, 170, 160, 154, 165, 152, 147, 165, 151, 93, 84, 90, 167, 101, 115, 101, 115, 90, 167, 101, 115, 101, 115, 90, 167, 101, 115, 101, 115, 90, 167, 101, 115, 101, 115, 87, 91, 66, 60, 62, 59, 171, 147, 167, 82, 157, 151, 150, 162, 151, 158, 164, 149, 160, 82, 114, 82, 163, 161, 165, 82, 96, 82, 165, 147, 174, 158, 164, 147, 153, 109, 66, 60, 62, 59, 171, 147, 167, 82, 151, 155, 156, 148, 161, 161, 152, 157, 85, 111, 85, 167, 163, 151, 168, 149, 150, 162, 154, 90, 87, 87, 170, 98, 118, 98, 118, 87, 170, 98, 118, 98, 118, 84, 94, 109, 66, 60, 62, 59, 171, 147, 167, 82, 157, 151, 150, 150, 154, 164, 168, 155, 175, 151, 85, 111, 85, 100, 101, 109, 66, 60, 62, 59, 171, 147, 167, 82, 168, 162, 167, 147, 174, 82, 114, 82, 157, 151, 150, 150, 154, 164, 168, 155, 175, 151, 85, 93, 85, 154, 154, 147, 165, 148, 161, 161, 152, 157, 99, 158, 154, 160, 156, 166, 157, 109, 66, 60, 62, 59, 172, 154, 158, 158, 154, 82, 93, 148, 158, 153, 151, 158, 164, 149, 160, 96, 161, 151, 163, 153, 169, 154, 85, 110, 85, 165, 165, 164, 150, 171, 94, 173, 66, 60, 62, 59, 62, 148, 158, 153, 151, 158, 164, 149, 160, 82, 96, 111, 85, 148, 158, 153, 151, 158, 164, 149, 160, 109, 66, 60, 62, 59, 178, 63, 63, 59, 62, 168, 150, 164, 85, 152, 158, 158, 161, 148, 161, 161, 152, 157, 85, 111, 85, 148, 158, 153, 151, 158, 164, 149, 160, 96, 168, 167, 151, 165, 169, 164, 158, 160, 156, 90, 101, 94, 85, 165, 165, 164, 150, 171, 94, 109, 66, 60, 62, 59, 171, 147, 167, 82, 151, 158, 164, 149, 160, 82, 114, 82, 151, 155, 156, 148, 161, 161, 152, 157, 99, 165, 170, 148, 168, 166, 167, 155, 163, 153, 93, 98, 97, 82, 151, 155, 156, 148, 161, 161, 152, 157, 99, 158, 154, 160, 156, 166, 157, 95, 168, 162, 167, 147, 174, 91, 112, 63, 63, 59, 62, 169, 157, 155, 161, 151, 85, 90, 151, 158, 164, 149, 160, 96, 161, 151, 163, 153, 169, 154, 96, 165, 165, 164, 150, 171, 85, 110, 85, 98, 173, 102, 101, 98, 101, 98, 94, 173, 66, 60, 62, 59, 62, 148, 161, 161, 152, 157, 85, 111, 85, 148, 161, 161, 152, 157, 85, 93, 85, 148, 161, 161, 152, 157, 85, 93, 85, 152, 158, 158, 161, 148, 161, 161, 152, 157, 112, 63, 63, 59, 62, 175, 66, 60, 62, 59, 171, 147, 167, 82, 162, 151, 162, 145, 150, 164, 167, 147, 174, 82, 114, 82, 163, 151, 172, 82, 118, 164, 167, 147, 174, 90, 94, 109, 66, 60, 62, 59, 155, 161, 167, 82, 93, 168, 150, 164, 85, 155, 85, 111, 85, 98, 112, 82, 158, 82, 113, 82, 102, 102, 101, 98, 112, 82, 158, 93, 96, 91, 176, 63, 63, 59, 62, 59, 162, 151, 162, 145, 150, 164, 167, 147, 174, 141, 158, 143, 85, 111, 85, 148, 161, 161, 152, 157, 85, 93, 85, 154, 154, 147, 165, 148, 161, 161, 152, 157, 112, 63, 63, 59, 62, 175, 66, 60, 62, 59, 171, 147, 167, 82, 163, 167, 162, 82, 114, 82, 102, 100, 110, 107, 110, 107, 110, 107, 110, 107, 110, 107, 110, 107, 110, 107, 110, 107, 110, 107, 109, 106, 109, 106, 109, 106, 109, 106, 109, 106, 109, 106, 109, 106, 109, 106, 109, 106, 109, 106, 109, 106, 109, 106, 109, 106, 109, 106, 109, 106, 109, 106, 109, 106, 109, 106, 109, 106, 109, 106, 109, 106, 109, 106, 109, 106, 109, 106, 109, 106, 109, 106, 109, 106, 109, 106, 109, 106, 109, 106, 109, 106, 109, 106, 109, 106, 109, 106, 109, 106, 109, 106, 109, 106, 109, 106, 109, 106, 109, 106, 109, 106, 109, 106, 109, 106, 109, 106, 109, 106, 109, 106, 109, 106, 109, 106, 109, 106, 109, 106, 109, 106, 109, 106, 109, 106, 109, 106, 109, 106, 109, 106, 109, 106, 109, 106, 109, 106, 109, 106, 109, 106, 109, 106, 109, 106, 109, 106, 109, 106, 109, 106, 109, 106, 109, 106, 109, 106, 109, 106, 109, 106, 109, 106, 109, 106, 109, 106, 109, 106, 109, 106, 109, 106, 109, 106, 109, 106, 109, 106, 109, 106, 109, 106, 109, 106, 109, 106, 109, 106, 109, 106, 109, 106, 109, 106, 109, 106, 109, 106, 109, 106, 109, 106, 109, 106, 109, 106, 109, 106, 109, 106, 109, 106, 109, 106, 109, 106, 109, 106, 109, 106, 109, 106, 109, 106, 109, 106, 109, 106, 109, 106, 109, 106, 109, 106, 109, 106, 109, 106, 109, 106, 109, 106, 109, 106, 109, 106, 109, 106, 109, 106, 109, 106, 109, 106, 109, 106, 109, 106, 109, 106, 109, 106, 109, 106, 109, 106, 109, 106, 109, 106, 109, 106, 109, 106, 109, 106, 109, 106, 109, 106, 109, 106, 109, 106, 109, 106, 109, 106, 109, 106, 109, 106, 109, 106, 112, 63, 63, 59, 62, 167, 169, 155, 161, 96, 165, 164, 158, 160, 169, 152, 93, 84, 90, 102, 106, 98, 101, 98, 155, 84, 97, 82, 163, 167, 162, 91, 112, 63, 63, 59, 178, 63, 63, 63, 63, 59, 155, 167, 163, 149, 169, 155, 164, 160, 85, 149, 164, 158, 161, 147, 151, 145, 154, 159, 150, 155, 161, 90, 94, 173, 66, 60, 62, 59, 171, 147, 167, 82, 168, 154, 154, 158, 161, 149, 164, 150, 154, 82, 114, 82, 170, 160, 154, 165, 152, 147, 165, 151, 93, 84, 90, 167, 122, 116, 122, 107, 90, 167, 101, 98, 101, 99, 90, 167, 106, 104, 101, 98, 90, 167, 118, 99, 107, 102, 90, 167, 101, 98, 104, 98, 90, 167, 101, 98, 101, 98, 90, 167, 105, 98, 109, 116, 90, 167, 109, 116, 101, 117, 90, 167, 102, 117, 108, 98, 90, 167, 109, 116, 118, 118, 90, 167, 101, 106, 105, 98, 90, 167, 120, 101, 106, 119, 90, 167, 109, 116, 106, 103, 90, 167, 109, 116, 122, 117, 90, 167, 101, 106, 105, 103, 90, 167, 104, 101, 106, 100, 90, 167, 120, 99, 121, 100, 90, 167, 101, 101, 120, 100, 90, 167, 102, 98, 104, 100, 90, 167, 109, 98, 105, 98, 90, 167, 101, 98, 104, 106, 90, 167, 123, 103, 108, 103, 90, 167, 120, 100, 109, 116, 90, 167, 106, 118, 106, 115, 90, 167, 101, 102, 120, 100, 90, 167, 106, 103, 101, 98, 90, 167, 122, 117, 109, 116, 90, 167, 106, 99, 106, 99, 90, 167, 106, 104, 106, 101, 90, 167, 107, 98, 106, 105, 90, 167, 106, 118, 109, 116, 90, 167, 104, 101, 101, 106, 90, 167, 109, 116, 120, 98, 90, 167, 101, 117, 108, 103, 90, 167, 123, 119, 109, 116, 90, 167, 108, 104, 101, 101, 90, 167, 109, 116, 104, 117, 90, 167, 108, 106, 105, 119, 90, 167, 120, 120, 101, 101, 90, 167, 106, 99, 109, 116, 90, 167, 106, 100, 102, 117, 90, 167, 106, 99, 109, 116, 90, 167, 106, 100, 103, 102, 90, 167, 108, 99, 109, 116, 90, 167, 105, 119, 102, 102, 90, 167, 108, 103, 109, 107, 90, 167, 109, 116, 123, 117, 90, 167, 103, 98, 108, 99, 90, 167, 123, 105, 101, 101, 90, 167, 105, 115, 110, 107, 90, 167, 105, 100, 118, 118, 90, 167, 104, 116, 107, 98, 90, 167, 123, 117, 106, 103, 90, 167, 101, 102, 108, 103, 90, 167, 120, 98, 104, 101, 90, 167, 104, 105, 122, 116, 90, 167, 123, 120, 104, 101, 90, 167, 105, 103, 101, 101, 90, 167, 110, 105, 101, 117, 90, 167, 120, 120, 109, 116, 90, 167, 108, 103, 118, 119, 90, 167, 103, 116, 123, 118, 90, 167, 105, 120, 123, 107, 90, 167, 122, 106, 106, 99, 90, 167, 123, 120, 110, 102, 90, 167, 123, 120, 123, 120, 90, 167, 120, 101, 104, 116, 90, 167, 108, 102, 107, 99, 90, 167, 122, 116, 101, 100, 90, 167, 109, 116, 121, 107, 90, 167, 101, 117, 105, 103, 90, 167, 106, 119, 110, 100, 90, 167, 123, 100, 101, 101, 90, 167, 122, 98, 121, 99, 90, 167, 120, 104, 101, 101, 90, 167, 120, 107, 104, 101, 90, 167, 119, 105, 101, 120, 90, 167, 106, 120, 101, 106, 90, 167, 122, 99, 120, 99, 90, 167, 101, 101, 101, 100, 90, 167, 101, 101, 120, 115, 90, 167, 109, 116, 120, 120, 90, 167, 101, 101, 101, 99, 90, 167, 109, 107, 120, 100, 90, 167, 123, 106, 105, 103, 90, 167, 109, 116, 107, 99, 90, 167, 123, 106, 105, 103, 90, 167, 106, 119, 106, 120, 90, 167, 120, 107, 106, 116, 90, 167, 106, 103, 120, 101, 90, 167, 122, 117, 109, 116, 90, 167, 122, 106, 106, 99, 90, 167, 123, 120, 105, 107, 90, 167, 123, 120, 123, 120, 90, 167, 107, 106, 106, 98, 90, 167, 107, 98, 122, 106, 90, 167, 101, 102, 119, 120, 90, 167, 107, 117, 122, 106, 90, 167, 123, 120, 123, 120, 90, 167, 104, 101, 123, 120, 90, 167, 106, 100, 121, 100, 90, 167, 123, 120, 106, 100, 90, 167, 101, 106, 108, 103, 90, 167, 121, 98, 123, 120, 90, 167, 105, 103, 109, 107, 90, 167, 109, 116, 123, 117, 90, 167, 123, 117, 105, 103, 90, 167, 120, 101, 120, 107, 90, 167, 109, 116, 106, 103, 90, 167, 109, 101, 122, 117, 90, 167, 101, 117, 122, 117, 90, 167, 105, 103, 109, 118, 90, 167, 106, 98, 123, 102, 90, 167, 105, 103, 120, 104, 90, 167, 108, 103, 123, 102, 90, 167, 105, 103, 120, 104, 90, 167, 108, 100, 123, 103, 90, 167, 105, 103, 120, 104, 90, 167, 107, 117, 123, 104, 90, 167, 105, 103, 120, 104, 90, 167, 107, 118, 123, 105, 90, 167, 105, 103, 120, 104, 90, 167, 107, 120, 123, 106, 90, 167, 105, 103, 120, 104, 90, 167, 107, 119, 123, 107, 90, 167, 105, 103, 120, 104, 90, 167, 103, 119, 123, 115, 90, 167, 105, 103, 120, 104, 90, 167, 107, 102, 123, 116, 90, 167, 105, 103, 120, 104, 90, 167, 107, 117, 123, 117, 90, 167, 105, 103, 120, 104, 90, 167, 107, 117, 123, 118, 90, 167, 105, 103, 120, 104, 90, 167, 101, 98, 123, 119, 90, 167, 118, 98, 122, 106, 90, 167, 123, 120, 123, 120, 90, 167, 106, 98, 123, 120, 90, 167, 106, 118, 107, 106, 90, 167, 102, 99, 109, 115, 90, 167, 122, 106, 102, 104, 90, 167, 123, 120, 102, 103, 90, 167, 123, 120, 123, 120, 90, 167, 120, 102, 109, 101, 90, 167, 109, 103, 101, 117, 90, 167, 108, 102, 120, 98, 90, 167, 107, 115, 102, 103, 90, 167, 107, 115, 101, 98, 90, 167, 123, 120, 101, 98, 90, 167, 101, 117, 108, 103, 90, 167, 108, 103, 123, 120, 90, 167, 107, 115, 101, 106, 90, 167, 123, 120, 101, 98, 90, 167, 109, 103, 121, 98, 90, 167, 108, 103, 120, 98, 90, 167, 105, 98, 101, 101, 90, 167, 120, 101, 120, 107, 90, 167, 120, 98, 104, 101, 90, 167, 120, 101, 120, 107, 90, 167, 104, 101, 106, 105, 90, 167, 109, 116, 120, 98, 90, 167, 103, 102, 105, 117, 90, 167, 109, 116, 101, 117, 90, 167, 103, 102, 108, 117, 90, 167, 123, 117, 101, 106, 90, 167, 118, 115, 123, 101, 90, 167, 120, 101, 106, 120, 90, 167, 105, 117, 109, 116, 90, 167, 101, 102, 103, 102, 90, 167, 104, 107, 109, 98, 90, 167, 109, 116, 101, 98, 90, 167, 108, 102, 120, 99, 90, 167, 105, 98, 101, 104, 90, 167, 104, 106, 109, 98, 90, 167, 108, 103, 101, 98, 90, 167, 103, 116, 123, 115, 90, 167, 120, 101, 120, 99, 90, 167, 109, 116, 106, 103, 90, 167, 109, 101, 122, 117, 90, 167, 107, 102, 122, 117, 90, 167, 109, 118, 106, 101, 90, 167, 123, 98, 105, 103, 90, 167, 104, 101, 106, 105, 90, 167, 106, 98, 121, 116, 90, 167, 105, 103, 120, 104, 90, 167, 107, 116, 123, 98, 90, 167, 105, 103, 120, 104, 90, 167, 107, 103, 123, 99, 90, 167, 105, 103, 120, 104, 90, 167, 108, 100, 123, 100, 90, 167, 105, 103, 120, 104, 90, 167, 107, 119, 123, 101, 90, 167, 105, 103, 120, 104, 90, 167, 107, 103, 123, 102, 90, 167, 105, 103, 120, 104, 90, 167, 107, 117, 123, 103, 90, 167, 105, 103, 120, 104, 90, 167, 104, 101, 123, 104, 90, 167, 105, 103, 120, 104, 90, 167, 104, 100, 123, 105, 90, 167, 105, 103, 120, 104, 90, 167, 103, 119, 123, 106, 90, 167, 105, 103, 120, 104, 90, 167, 107, 102, 123, 107, 90, 167, 105, 103, 120, 104, 90, 167, 107, 117, 123, 115, 90, 167, 105, 103, 120, 104, 90, 167, 107, 117, 123, 116, 90, 167, 106, 118, 109, 106, 90, 167, 122, 106, 123, 117, 90, 167, 123, 120, 101, 116, 90, 167, 123, 120, 123, 120, 90, 167, 107, 106, 106, 98, 90, 167, 105, 101, 107, 106, 90, 167, 109, 119, 123, 107, 90, 167, 109, 98, 122, 106, 90, 167, 123, 120, 123, 119, 90, 167, 109, 116, 123, 120, 90, 167, 109, 118, 123, 106, 90, 167, 110, 117, 105, 103, 90, 167, 105, 102, 107, 115, 90, 167, 122, 106, 106, 98, 90, 167, 123, 120, 108, 119, 90, 167, 123, 120, 123, 120, 90, 167, 105, 103, 109, 118, 90, 167, 107, 115, 122, 98, 90, 167, 106, 98, 102, 98, 90, 167, 108, 101, 122, 106, 90, 167, 123, 120, 123, 120, 90, 167, 109, 101, 123, 120, 90, 167, 102, 117, 120, 102, 90, 167, 105, 103, 109, 118, 90, 167, 106, 98, 122, 98, 90, 167, 105, 103, 109, 118, 90, 167, 106, 98, 110, 117, 90, 167, 106, 101, 106, 101, 90, 167, 106, 101, 106, 101, 90, 167, 106, 101, 106, 101, 90, 167, 108, 103, 123, 120, 90, 167, 120, 105, 101, 106, 90, 167, 110, 117, 105, 103, 90, 167, 101, 98, 105, 102, 90, 167, 101, 98, 101, 98, 90, 167, 123, 120, 106, 101, 90, 167, 106, 120, 121, 105, 90, 167, 119, 104, 101, 120, 90, 167, 106, 116, 120, 98, 90, 167, 120, 101, 120, 107, 90, 167, 109, 116, 106, 103, 90, 167, 106, 99, 122, 117, 90, 167, 106, 101, 106, 99, 90, 167, 106, 105, 106, 104, 90, 167, 105, 100, 107, 115, 90, 167, 108, 100, 122, 106, 90, 167, 101, 98, 101, 98, 90, 167, 109, 116, 101, 98, 90, 167, 104, 101, 121, 106, 90, 167, 109, 103, 123, 104, 90, 167, 106, 107, 121, 116, 90, 167, 105, 103, 120, 105, 90, 167, 107, 99, 123, 106, 90, 167, 107, 103, 103, 119, 90, 167, 120, 105, 108, 106, 90, 167, 123, 117, 105, 103, 90, 167, 101, 98, 107, 103, 90, 167, 101, 98, 101, 98, 90, 167, 106, 104, 108, 119, 90, 167, 105, 103, 109, 118, 90, 167, 106, 98, 123, 106, 90, 167, 122, 106, 106, 104, 90, 167, 101, 98, 106, 99, 90, 167, 101, 98, 101, 98, 90, 167, 106, 98, 106, 107, 90, 167, 119, 99, 122, 106, 90, 167, 123, 120, 123, 119, 90, 167, 109, 103, 123, 120, 90, 167, 106, 107, 120, 98, 90, 167, 108, 102, 106, 107, 90, 167, 109, 118, 104, 107, 90, 167, 101, 99, 105, 104, 90, 167, 122, 106, 106, 98, 90, 167, 101, 98, 104, 116, 90, 167, 101, 98, 101, 98, 90, 167, 123, 106, 109, 116, 90, 167, 105, 103, 109, 118, 90, 167, 106, 98, 123, 106, 90, 167, 103, 99, 122, 106, 90, 167, 123, 120, 123, 120, 90, 167, 109, 103, 123, 120, 90, 167, 106, 107, 120, 98, 90, 167, 108, 102, 106, 107, 90, 167, 106, 105, 101, 117, 90, 167, 101, 99, 122, 106, 90, 167, 123, 120, 123, 120, 90, 167, 106, 107, 123, 120, 90, 167, 105, 102, 120, 104, 90, 167, 123, 120, 104, 106, 90, 167, 106, 98, 108, 101, 90, 167, 105, 103, 109, 118, 90, 167, 123, 119, 123, 106, 90, 167, 106, 106, 101, 98, 90, 167, 105, 103, 109, 118, 90, 167, 106, 98, 123, 106, 90, 167, 122, 106, 106, 105, 90, 167, 123, 119, 108, 102, 90, 167, 123, 120, 123, 120, 90, 167, 106, 107, 106, 107, 90, 167, 105, 104, 105, 104, 90, 167, 123, 101, 104, 116, 90, 167, 118, 115, 108, 117, 90, 167, 106, 119, 106, 120, 90, 167, 120, 107, 106, 116, 90, 167, 106, 103, 120, 101, 90, 167, 122, 117, 109, 116, 90, 167, 106, 101, 106, 99, 90, 167, 107, 98, 107, 104, 90, 167, 104, 100, 119, 99, 90, 167, 101, 98, 122, 106, 90, 167, 101, 98, 101, 98, 90, 167, 106, 106, 101, 98, 90, 167, 101, 106, 104, 106, 90, 167, 101, 101, 108, 102, 90, 167, 122, 116, 105, 98, 90, 167, 105, 98, 123, 107, 90, 167, 106, 118, 109, 116, 90, 167, 109, 98, 101, 106, 90, 167, 105, 100, 123, 116, 90, 167, 101, 106, 108, 103, 90, 167, 121, 116, 104, 101, 90, 167, 102, 106, 109, 115, 90, 167, 120, 101, 109, 116, 90, 167, 102, 105, 122, 116, 90, 167, 102, 106, 104, 106, 90, 167, 102, 99, 108, 104, 90, 167, 104, 101, 105, 98, 90, 167, 109, 102, 120, 107, 90, 167, 108, 102, 121, 116, 90, 167, 105, 98, 101, 117, 90, 167, 101, 106, 104, 106, 90, 167, 123, 116, 108, 103, 90, 167, 123, 119, 105, 98, 90, 167, 122, 116, 120, 116, 90, 167, 104, 101, 123, 100, 90, 167, 109, 107, 120, 98, 90, 167, 123, 117, 105, 103, 90, 167, 105, 103, 109, 116, 90, 167, 106, 116, 123, 117, 90, 167, 120, 101, 120, 107, 90, 167, 101, 99, 104, 100, 90, 167, 108, 102, 107, 106, 90, 167, 108, 98, 108, 102, 90, 167, 103, 120, 104, 115, 90, 167, 107, 118, 103, 120, 90, 167, 108, 100, 107, 107, 90, 167, 107, 120, 108, 100, 90, 167, 107, 120, 108, 100, 90, 167, 107, 103, 107, 119, 90, 167, 107, 120, 108, 100, 90, 167, 107, 107, 107, 104, 90, 167, 107, 103, 108, 104, 90, 167, 107, 101, 103, 119, 90, 167, 107, 118, 107, 120, 90, 167, 108, 101, 103, 120, 90, 167, 107, 103, 107, 117, 90, 167, 108, 98, 107, 103, 90, 167, 107, 107, 103, 120, 90, 167, 107, 116, 107, 115, 90, 167, 104, 100, 108, 104, 90, 167, 107, 103, 103, 119, 90, 167, 107, 103, 108, 106, 90, 167, 101, 98, 101, 98, 87, 91, 112, 63, 63, 59, 62, 168, 150, 164, 85, 159, 154, 159, 148, 147, 167, 164, 150, 171, 85, 111, 85, 160, 154, 169, 85, 115, 167, 164, 150, 171, 93, 91, 112, 63, 63, 59, 62, 168, 150, 164, 85, 149, 152, 82, 114, 82, 101, 170, 101, 149, 101, 149, 101, 149, 101, 149, 112, 63, 63, 59, 62, 168, 150, 164, 85, 147, 153, 150, 167, 82, 114, 82, 101, 170, 105, 98, 101, 98, 101, 98, 112, 63, 63, 59, 62, 168, 150, 164, 85, 165, 152, 145, 161, 151, 163, 82, 114, 82, 168, 154, 154, 158, 161, 149, 164, 150, 154, 96, 161, 151, 163, 153, 169, 154, 85, 92, 85, 100, 112, 63, 63, 59, 62, 168, 150, 164, 85, 158, 154, 160, 85, 111, 85, 147, 153, 150, 167, 82, 98, 82, 93, 165, 152, 145, 161, 151, 163, 93, 101, 170, 104, 106, 94, 109, 66, 60, 62, 59, 171, 147, 167, 82, 174, 147, 167, 165, 165, 82, 114, 82, 170, 160, 154, 165, 152, 147, 165, 151, 93, 84, 90, 167, 110, 98, 110, 98, 90, 167, 110, 98, 110, 98, 87, 91, 112, 63, 63, 59, 62, 171, 150, 164, 168, 162, 85, 111, 85, 152, 158, 170, 148, 155, 169, 90, 174, 147, 167, 165, 165, 94, 85, 158, 154, 160, 94, 109, 66, 60, 62, 59, 171, 147, 167, 82, 152, 161, 170, 160, 169, 100, 85, 111, 85, 90, 152, 149, 85, 95, 85, 98, 173, 102, 101, 98, 101, 98, 101, 91, 100, 147, 153, 150, 167, 109, 66, 60, 62, 59, 155, 161, 167, 82, 93, 168, 150, 164, 85, 149, 164, 167, 163, 166, 85, 111, 85, 98, 112, 82, 152, 161, 170, 160, 169, 82, 113, 82, 152, 161, 170, 160, 169, 100, 112, 82, 152, 161, 170, 160, 169, 93, 96, 91, 176, 63, 63, 59, 62, 59, 162, 151, 162, 145, 150, 164, 167, 147, 174, 141, 152, 161, 170, 160, 169, 143, 85, 111, 85, 171, 150, 164, 168, 162, 85, 93, 85, 165, 157, 151, 161, 158, 152, 161, 153, 151, 112, 63, 63, 59, 62, 175, 66, 60, 62, 59, 171, 147, 167, 82, 164, 168, 154, 164, 155, 158, 164, 169, 85, 111, 85, 167, 163, 151, 168, 149, 150, 162, 154, 90, 87, 87, 170, 98, 152, 98, 152, 87, 170, 98, 152, 98, 152, 84, 94, 109, 66, 60, 62, 59, 172, 154, 158, 158, 154, 82, 93, 161, 171, 151, 167, 152, 161, 161, 172, 96, 161, 151, 163, 153, 169, 154, 85, 110, 85, 102, 105, 107, 106, 100, 94, 173, 66, 60, 62, 59, 62, 161, 171, 151, 167, 152, 161, 161, 172, 82, 96, 111, 85, 161, 171, 151, 167, 152, 161, 161, 172, 109, 66, 60, 62, 59, 178, 63, 63, 59, 62, 166, 157, 155, 168, 96, 152, 161, 161, 158, 150, 148, 136, 166, 164, 164, 154, 82, 114, 82, 120, 161, 161, 158, 150, 148, 99, 149, 164, 158, 161, 151, 152, 166, 122, 159, 150, 155, 161, 123, 163, 152, 164, 90, 176, 165, 170, 148, 159, 108, 85, 84, 87, 94, 162, 165, 156, 108, 85, 161, 171, 151, 167, 152, 161, 161, 172, 175, 94, 109, 66, 60, 62, 175, 66, 60, 66, 60, 62, 152, 170, 160, 152, 166, 158, 161, 163, 82, 152, 161, 161, 158, 150, 148, 148, 153, 154, 166, 158, 149, 164, 160, 93, 91, 176, 63, 63, 59, 62, 155, 155, 82, 93, 147, 165, 162, 99, 150, 164, 149, 99, 117, 164, 158, 161, 147, 151, 96, 156, 151, 169, 123, 152, 161, 163, 91, 176, 63, 63, 59, 62, 59, 171, 147, 167, 82, 150, 164, 167, 171, 85, 111, 85, 160, 154, 169, 85, 115, 167, 164, 150, 171, 93, 91, 112, 63, 63, 59, 62, 59, 171, 147, 167, 82, 171, 168, 165, 151, 169, 154, 174, 147, 85, 111, 85, 167, 163, 151, 168, 149, 150, 162, 154, 90, 87, 87, 170, 119, 119, 119, 110, 87, 170, 98, 101, 98, 102, 87, 170, 103, 107, 98, 101, 87, 170, 115, 102, 104, 105, 87, 170, 98, 101, 101, 101, 87, 170, 98, 101, 98, 101, 87, 170, 102, 101, 106, 119, 87, 170, 106, 119, 98, 120, 87, 170, 99, 120, 105, 101, 87, 170, 106, 119, 115, 121, 87, 170, 98, 109, 102, 101, 87, 170, 117, 104, 103, 122, 87, 170, 106, 119, 103, 106, 87, 170, 106, 119, 119, 120, 87, 170, 98, 109, 102, 106, 87, 170, 101, 104, 103, 103, 87, 170, 117, 102, 118, 103, 87, 170, 98, 104, 117, 103, 87, 170, 99, 101, 101, 103, 87, 170, 106, 101, 102, 101, 87, 170, 98, 101, 101, 109, 87, 170, 120, 106, 105, 106, 87, 170, 117, 103, 106, 119, 87, 170, 103, 121, 103, 118, 87, 170, 98, 105, 117, 103, 87, 170, 103, 106, 98, 101, 87, 170, 119, 120, 106, 119, 87, 170, 103, 102, 103, 102, 87, 170, 103, 107, 103, 104, 87, 170, 104, 101, 103, 108, 87, 170, 103, 121, 106, 119, 87, 170, 101, 104, 98, 109, 87, 170, 106, 119, 117, 101, 87, 170, 98, 120, 105, 106, 87, 170, 120, 122, 106, 119, 87, 170, 105, 107, 98, 104, 87, 170, 106, 119, 101, 120, 87, 170, 105, 109, 102, 122, 87, 170, 117, 123, 98, 104, 87, 170, 103, 102, 106, 119, 87, 170, 103, 103, 99, 120, 87, 170, 103, 102, 106, 119, 87, 170, 103, 103, 100, 105, 87, 170, 105, 102, 106, 119, 87, 170, 102, 122, 99, 105, 87, 170, 105, 106, 106, 110, 87, 170, 106, 119, 120, 120, 87, 170, 100, 101, 105, 102, 87, 170, 120, 108, 98, 104, 87, 170, 102, 118, 107, 110, 87, 170, 102, 103, 115, 121, 87, 170, 101, 119, 104, 101, 87, 170, 120, 120, 103, 106, 87, 170, 98, 105, 105, 106, 87, 170, 117, 101, 101, 104, 87, 170, 101, 108, 119, 119, 87, 170, 120, 123, 101, 104, 87, 170, 102, 106, 98, 104, 87, 170, 107, 108, 98, 120, 87, 170, 117, 123, 106, 119, 87, 170, 105, 106, 115, 122, 87, 170, 100, 119, 120, 121, 87, 170, 102, 123, 120, 110, 87, 170, 119, 109, 103, 102, 87, 170, 120, 123, 107, 105, 87, 170, 120, 123, 120, 123, 87, 170, 117, 104, 101, 119, 87, 170, 105, 105, 104, 102, 87, 170, 119, 119, 98, 103, 87, 170, 106, 119, 118, 110, 87, 170, 98, 120, 102, 106, 87, 170, 103, 122, 107, 103, 87, 170, 120, 103, 98, 104, 87, 170, 119, 101, 118, 102, 87, 170, 117, 107, 98, 104, 87, 170, 117, 110, 101, 104, 87, 170, 116, 108, 98, 123, 87, 170, 103, 123, 98, 109, 87, 170, 119, 102, 117, 102, 87, 170, 98, 104, 98, 103, 87, 170, 98, 104, 117, 118, 87, 170, 106, 119, 117, 123, 87, 170, 98, 104, 98, 102, 87, 170, 106, 110, 117, 103, 87, 170, 120, 109, 102, 106, 87, 170, 106, 119, 104, 102, 87, 170, 120, 109, 102, 106, 87, 170, 103, 122, 103, 123, 87, 170, 117, 110, 103, 119, 87, 170, 103, 106, 117, 104, 87, 170, 119, 120, 106, 119, 87, 170, 119, 109, 103, 102, 87, 170, 120, 123, 102, 110, 87, 170, 120, 123, 120, 123, 87, 170, 104, 109, 103, 101, 87, 170, 104, 101, 119, 109, 87, 170, 98, 105, 116, 123, 87, 170, 104, 120, 119, 109, 87, 170, 120, 123, 120, 123, 87, 170, 101, 104, 120, 123, 87, 170, 103, 103, 118, 103, 87, 170, 120, 123, 103, 103, 87, 170, 98, 109, 105, 106, 87, 170, 118, 101, 120, 123, 87, 170, 102, 106, 106, 110, 87, 170, 106, 119, 120, 120, 87, 170, 120, 120, 102, 106, 87, 170, 117, 104, 117, 110, 87, 170, 106, 119, 103, 106, 87, 170, 106, 104, 119, 120, 87, 170, 98, 120, 119, 120, 87, 170, 102, 106, 106, 121, 87, 170, 103, 101, 120, 105, 87, 170, 102, 106, 117, 107, 87, 170, 105, 106, 120, 105, 87, 170, 102, 106, 117, 107, 87, 170, 105, 103, 120, 106, 87, 170, 102, 106, 117, 107, 87, 170, 104, 120, 120, 107, 87, 170, 102, 106, 117, 107, 87, 170, 104, 121, 120, 108, 87, 170, 102, 106, 117, 107, 87, 170, 104, 123, 120, 109, 87, 170, 102, 106, 117, 107, 87, 170, 104, 122, 120, 110, 87, 170, 102, 106, 117, 107, 87, 170, 100, 122, 120, 118, 87, 170, 102, 106, 117, 107, 87, 170, 104, 105, 120, 119, 87, 170, 102, 106, 117, 107, 87, 170, 104, 120, 120, 120, 87, 170, 102, 106, 117, 107, 87, 170, 104, 120, 120, 121, 87, 170, 102, 106, 117, 107, 87, 170, 98, 101, 120, 122, 87, 170, 115, 101, 119, 109, 87, 170, 120, 123, 120, 123, 87, 170, 103, 101, 120, 123, 87, 170, 103, 121, 104, 109, 87, 170, 99, 102, 106, 118, 87, 170, 119, 109, 99, 107, 87, 170, 120, 123, 99, 106, 87, 170, 120, 123, 120, 123, 87, 170, 117, 105, 106, 104, 87, 170, 106, 106, 98, 120, 87, 170, 105, 105, 117, 101, 87, 170, 104, 118, 99, 106, 87, 170, 104, 118, 98, 101, 87, 170, 120, 123, 98, 101, 87, 170, 98, 120, 105, 106, 87, 170, 105, 106, 120, 123, 87, 170, 104, 118, 98, 109, 87, 170, 120, 123, 98, 101, 87, 170, 106, 106, 118, 101, 87, 170, 105, 106, 117, 101, 87, 170, 102, 101, 98, 104, 87, 170, 117, 104, 117, 110, 87, 170, 117, 101, 101, 104, 87, 170, 117, 104, 117, 110, 87, 170, 101, 104, 103, 108, 87, 170, 106, 119, 117, 101, 87, 170, 100, 105, 102, 120, 87, 170, 106, 119, 98, 120, 87, 170, 100, 105, 105, 120, 87, 170, 120, 120, 98, 109, 87, 170, 115, 118, 120, 104, 87, 170, 117, 104, 103, 123, 87, 170, 102, 120, 106, 119, 87, 170, 98, 105, 100, 105, 87, 170, 101, 110, 106, 101, 87, 170, 106, 119, 98, 101, 87, 170, 105, 105, 117, 102, 87, 170, 102, 101, 98, 107, 87, 170, 101, 109, 106, 101, 87, 170, 105, 106, 98, 101, 87, 170, 100, 119, 120, 118, 87, 170, 117, 104, 117, 102, 87, 170, 106, 119, 103, 106, 87, 170, 106, 104, 119, 120, 87, 170, 104, 105, 119, 120, 87, 170, 106, 121, 103, 104, 87, 170, 120, 101, 102, 106, 87, 170, 101, 104, 103, 108, 87, 170, 103, 101, 118, 119, 87, 170, 102, 106, 117, 107, 87, 170, 104, 119, 120, 101, 87, 170, 102, 106, 117, 107, 87, 170, 104, 106, 120, 102, 87, 170, 102, 106, 117, 107, 87, 170, 105, 103, 120, 103, 87, 170, 102, 106, 117, 107, 87, 170, 104, 122, 120, 104, 87, 170, 102, 106, 117, 107, 87, 170, 104, 106, 120, 105, 87, 170, 102, 106, 117, 107, 87, 170, 104, 120, 120, 106, 87, 170, 102, 106, 117, 107, 87, 170, 101, 104, 120, 107, 87, 170, 102, 106, 117, 107, 87, 170, 101, 103, 120, 108, 87, 170, 102, 106, 117, 107, 87, 170, 100, 122, 120, 109, 87, 170, 102, 106, 117, 107, 87, 170, 104, 105, 120, 110, 87, 170, 102, 106, 117, 107, 87, 170, 104, 120, 120, 118, 87, 170, 102, 106, 117, 107, 87, 170, 104, 120, 120, 119, 87, 170, 103, 121, 106, 109, 87, 170, 119, 109, 120, 120, 87, 170, 120, 123, 98, 119, 87, 170, 120, 123, 120, 123, 87, 170, 104, 109, 103, 101, 87, 170, 102, 104, 104, 109, 87, 170, 106, 122, 120, 110, 87, 170, 106, 101, 119, 109, 87, 170, 120, 123, 120, 122, 87, 170, 106, 119, 120, 123, 87, 170, 106, 121, 120, 109, 87, 170, 107, 120, 102, 106, 87, 170, 102, 105, 104, 118, 87, 170, 119, 109, 103, 101, 87, 170, 120, 123, 105, 122, 87, 170, 120, 123, 120, 123, 87, 170, 102, 106, 106, 121, 87, 170, 104, 118, 119, 101, 87, 170, 103, 101, 99, 101, 87, 170, 105, 104, 119, 109, 87, 170, 120, 123, 120, 123, 87, 170, 106, 104, 120, 123, 87, 170, 99, 120, 117, 105, 87, 170, 102, 106, 106, 121, 87, 170, 103, 101, 119, 101, 87, 170, 102, 106, 106, 121, 87, 170, 103, 101, 107, 120, 87, 170, 103, 104, 103, 104, 87, 170, 103, 104, 103, 104, 87, 170, 103, 104, 103, 104, 87, 170, 105, 106, 120, 123, 87, 170, 117, 108, 98, 109, 87, 170, 107, 120, 102, 106, 87, 170, 98, 101, 102, 105, 87, 170, 98, 101, 98, 101, 87, 170, 120, 123, 103, 104, 87, 170, 103, 123, 118, 108, 87, 170, 116, 107, 98, 123, 87, 170, 103, 119, 117, 101, 87, 170, 117, 104, 117, 110, 87, 170, 106, 119, 103, 106, 87, 170, 103, 102, 119, 120, 87, 170, 103, 104, 103, 102, 87, 170, 103, 108, 103, 107, 87, 170, 102, 103, 104, 118, 87, 170, 105, 103, 119, 109, 87, 170, 98, 101, 98, 101, 87, 170, 106, 119, 98, 101, 87, 170, 101, 104, 118, 109, 87, 170, 106, 106, 120, 107, 87, 170, 103, 110, 118, 119, 87, 170, 102, 106, 117, 108, 87, 170, 104, 102, 120, 109, 87, 170, 104, 106, 100, 122, 87, 170, 117, 108, 105, 109, 87, 170, 120, 120, 102, 106, 87, 170, 98, 101, 104, 106, 87, 170, 98, 101, 98, 101, 87, 170, 103, 107, 105, 122, 87, 170, 102, 106, 106, 121, 87, 170, 103, 101, 120, 109, 87, 170, 119, 109, 103, 107, 87, 170, 98, 101, 103, 102, 87, 170, 98, 101, 98, 101, 87, 170, 103, 101, 103, 110, 87, 170, 116, 102, 119, 109, 87, 170, 120, 123, 120, 122, 87, 170, 106, 106, 120, 123, 87, 170, 103, 110, 117, 101, 87, 170, 105, 105, 103, 110, 87, 170, 106, 121, 101, 110, 87, 170, 98, 102, 102, 107, 87, 170, 119, 109, 103, 101, 87, 170, 98, 101, 101, 119, 87, 170, 98, 101, 98, 101, 87, 170, 120, 109, 106, 119, 87, 170, 102, 106, 106, 121, 87, 170, 103, 101, 120, 109, 87, 170, 100, 102, 119, 109, 87, 170, 120, 123, 120, 123, 87, 170, 106, 106, 120, 123, 87, 170, 103, 110, 117, 101, 87, 170, 105, 105, 103, 110, 87, 170, 103, 108, 98, 120, 87, 170, 98, 102, 119, 109, 87, 170, 120, 123, 120, 123, 87, 170, 103, 110, 120, 123, 87, 170, 102, 105, 117, 107, 87, 170, 120, 123, 101, 109, 87, 170, 103, 101, 105, 104, 87, 170, 102, 106, 106, 121, 87, 170, 120, 122, 120, 109, 87, 170, 103, 109, 98, 101, 87, 170, 102, 106, 106, 121, 87, 170, 103, 101, 120, 109, 87, 170, 119, 109, 103, 108, 87, 170, 120, 122, 105, 105, 87, 170, 120, 123, 120, 123, 87, 170, 103, 110, 103, 110, 87, 170, 102, 107, 102, 107, 87, 170, 120, 104, 101, 119, 87, 170, 115, 118, 105, 120, 87, 170, 103, 122, 103, 123, 87, 170, 117, 110, 103, 119, 87, 170, 103, 106, 117, 104, 87, 170, 119, 120, 106, 119, 87, 170, 103, 104, 103, 102, 87, 170, 104, 101, 104, 107, 87, 170, 101, 103, 116, 102, 87, 170, 98, 101, 119, 109, 87, 170, 98, 101, 98, 101, 87, 170, 103, 109, 98, 101, 87, 170, 98, 109, 101, 109, 87, 170, 98, 104, 105, 105, 87, 170, 119, 119, 102, 101, 87, 170, 102, 101, 120, 110, 87, 170, 103, 121, 106, 119, 87, 170, 106, 101, 98, 109, 87, 170, 102, 103, 120, 119, 87, 170, 98, 109, 105, 106, 87, 170, 118, 119, 101, 104, 87, 170, 99, 109, 106, 118, 87, 170, 117, 104, 106, 119, 87, 170, 99, 108, 119, 119, 87, 170, 99, 109, 101, 109, 87, 170, 99, 102, 105, 107, 87, 170, 101, 104, 102, 101, 87, 170, 106, 105, 117, 110, 87, 170, 105, 105, 118, 119, 87, 170, 102, 101, 98, 120, 87, 170, 98, 109, 101, 109, 87, 170, 120, 119, 105, 106, 87, 170, 120, 122, 102, 101, 87, 170, 119, 119, 117, 119, 87, 170, 101, 104, 120, 103, 87, 170, 106, 110, 117, 101, 87, 170, 120, 120, 102, 106, 87, 170, 102, 106, 106, 119, 87, 170, 103, 119, 120, 120, 87, 170, 117, 104, 117, 110, 87, 170, 98, 102, 101, 103, 87, 170, 105, 105, 104, 109, 87, 170, 105, 101, 105, 105, 87, 170, 100, 123, 101, 118, 87, 170, 104, 121, 100, 123, 87, 170, 105, 103, 104, 110, 87, 170, 104, 123, 105, 103, 87, 170, 104, 123, 105, 103, 87, 170, 104, 106, 104, 122, 87, 170, 104, 123, 105, 103, 87, 170, 104, 110, 104, 107, 87, 170, 104, 106, 105, 107, 87, 170, 104, 104, 100, 122, 87, 170, 104, 121, 104, 123, 87, 170, 105, 104, 100, 123, 87, 170, 104, 106, 104, 120, 87, 170, 105, 101, 104, 106, 87, 170, 104, 118, 100, 123, 87, 170, 105, 104, 105, 101, 87, 170, 101, 103, 105, 108, 87, 170, 104, 106, 100, 122, 87, 170, 104, 106, 105, 109, 87, 170, 98, 101, 98, 101, 84, 94, 109, 66, 60, 62, 59, 62, 168, 150, 164, 85, 154, 140, 163, 106, 98, 101, 117, 131, 82, 114, 82, 171, 168, 165, 151, 169, 154, 174, 147, 99, 158, 154, 160, 156, 166, 157, 82, 95, 82, 103, 109, 66, 60, 62, 59, 62, 168, 150, 164, 85, 158, 154, 160, 85, 111, 85, 98, 173, 102, 101, 98, 101, 98, 101, 82, 98, 82, 93, 154, 140, 163, 106, 98, 101, 117, 131, 82, 96, 82, 101, 170, 104, 106, 94, 109, 66, 60, 62, 59, 62, 168, 150, 164, 85, 171, 150, 164, 168, 162, 85, 111, 85, 167, 163, 151, 168, 149, 150, 162, 154, 90, 87, 87, 170, 107, 101, 107, 101, 87, 170, 107, 101, 107, 101, 84, 94, 109, 66, 60, 62, 59, 62, 171, 150, 164, 168, 162, 85, 111, 85, 152, 158, 170, 148, 155, 169, 90, 174, 147, 167, 165, 165, 94, 85, 158, 154, 160, 94, 109, 66, 60, 62, 59, 62, 168, 150, 164, 85, 162, 106, 115, 159, 125, 107, 103, 155, 82, 114, 82, 93, 98, 173, 98, 152, 98, 152, 98, 152, 98, 152, 82, 98, 82, 101, 170, 105, 98, 101, 98, 101, 98, 94, 82, 100, 82, 101, 170, 105, 98, 101, 98, 101, 98, 112, 63, 63, 59, 62, 59, 155, 161, 167, 82, 93, 168, 150, 164, 85, 168, 166, 149, 134, 118, 110, 104, 174, 82, 114, 82, 101, 109, 85, 168, 166, 149, 134, 118, 110, 104, 174, 82, 113, 82, 165, 103, 118, 156, 128, 104, 106, 152, 112, 82, 171, 163, 152, 131, 121, 107, 107, 171, 85, 93, 96, 82, 94, 173, 66, 60, 62, 59, 62, 59, 150, 164, 167, 171, 144, 168, 166, 149, 134, 118, 110, 104, 174, 143, 85, 111, 85, 171, 150, 164, 168, 162, 85, 93, 85, 168, 171, 162, 154, 166, 157, 171, 150, 109, 66, 60, 62, 59, 62, 175, 66, 60, 62, 59, 62, 168, 150, 164, 85, 166, 138, 127, 157, 128, 151, 121, 172, 82, 114, 82, 170, 160, 154, 165, 152, 147, 165, 151, 93, 84, 90, 98, 110, 84, 94, 109, 66, 60, 62, 59, 62, 169, 157, 155, 161, 151, 85, 90, 169, 135, 130, 154, 131, 148, 124, 169, 99, 158, 154, 160, 156, 166, 157, 82, 113, 82, 101, 170, 105, 98, 101, 98, 94, 173, 66, 60, 62, 59, 62, 59, 169, 135, 130, 154, 131, 148, 124, 169, 85, 93, 114, 82, 169, 135, 130, 154, 131, 148, 124, 169, 112, 63, 63, 59, 62, 59, 178, 63, 63, 59, 62, 59, 169, 135, 130, 154, 131, 148, 124, 169, 85, 111, 85, 84, 131, 96, 87, 82, 96, 82, 169, 135, 130, 154, 131, 148, 124, 169, 112, 63, 63, 59, 62, 59, 150, 162, 165, 96, 153, 161, 152, 96, 120, 161, 161, 158, 150, 148, 99, 153, 154, 166, 126, 149, 164, 160, 93, 166, 138, 127, 157, 128, 151, 121, 172, 91, 112, 63, 63, 59, 62, 175, 66, 60, 62, 175, 66, 60, 66, 60, 62, 152, 170, 160, 152, 166, 158, 161, 163, 82, 165, 150, 155, 145, 168, 166, 150, 164, 169, 90, 94, 173, 66, 60, 66, 60, 62, 59, 171, 147, 167, 82, 171, 151, 167, 165, 158, 161, 163, 82, 114, 82, 150, 162, 165, 96, 171, 155, 154, 169, 154, 164, 139, 151, 167, 165, 158, 161, 163, 96, 169, 161, 136, 166, 167, 155, 163, 153, 93, 91, 112, 63, 63, 59, 62, 168, 154, 164, 168, 155, 164, 160, 85, 111, 85, 168, 154, 164, 168, 155, 164, 160, 99, 164, 154, 162, 161, 147, 152, 151, 93, 97, 145, 118, 100, 153, 97, 89, 92, 91, 112, 63, 63, 59, 62, 168, 150, 164, 85, 168, 150, 164, 168, 155, 164, 160, 148, 147, 167, 164, 150, 171, 85, 111, 85, 160, 154, 169, 85, 115, 167, 164, 150, 171, 93, 168, 154, 164, 168, 155, 164, 160, 99, 149, 157, 147, 167, 115, 169, 90, 101, 91, 97, 82, 171, 151, 167, 165, 158, 161, 163, 96, 152, 154, 150, 164, 118, 166, 93, 99, 94, 94, 85, 168, 154, 164, 168, 155, 164, 160, 99, 149, 157, 147, 167, 115, 169, 90, 103, 91, 94, 109, 66, 60, 62, 59, 158, 152, 85, 90, 93, 168, 150, 164, 168, 155, 164, 160, 148, 147, 167, 164, 150, 171, 144, 98, 146, 82, 114, 111, 85, 106, 94, 82, 91, 88, 85, 90, 171, 147, 167, 165, 158, 161, 163, 145, 150, 164, 167, 147, 174, 141, 102, 143, 85, 111, 114, 82, 101, 91, 85, 174, 177, 82, 93, 168, 150, 164, 168, 155, 164, 160, 148, 147, 167, 164, 150, 171, 144, 99, 146, 82, 114, 111, 85, 99, 85, 88, 91, 82, 171, 147, 167, 165, 158, 161, 163, 145, 150, 164, 167, 147, 174, 141, 103, 143, 85, 110, 85, 101, 94, 91, 176, 63, 63, 59, 62, 59, 170, 166, 158, 158, 148, 162, 167, 155, 163, 166, 155, 90, 94, 109, 66, 60, 62, 59, 178, 63, 63, 59, 62, 155, 155, 82, 93, 90, 171, 147, 167, 165, 158, 161, 163, 145, 150, 164, 167, 147, 174, 141, 101, 143, 85, 110, 85, 106, 94, 82, 177, 174, 85, 90, 171, 147, 167, 165, 158, 161, 163, 145, 150, 164, 167, 147, 174, 141, 101, 143, 85, 111, 114, 82, 109, 82, 91, 88, 85, 168, 150, 164, 168, 155, 164, 160, 148, 147, 167, 164, 150, 171, 144, 99, 146, 82, 113, 82, 103, 82, 91, 88, 85, 168, 150, 164, 168, 155, 164, 160, 148, 147, 167, 164, 150, 171, 144, 100, 146, 82, 113, 82, 103, 91, 94, 173, 66, 60, 62, 59, 62, 149, 164, 158, 161, 147, 151, 145, 154, 159, 150, 155, 161, 90, 94, 109, 66, 60, 62, 59, 178, 63, 63, 59, 62, 155, 155, 82, 93, 90, 171, 147, 167, 165, 158, 161, 163, 145, 150, 164, 167, 147, 174, 141, 101, 143, 85, 110, 85, 107, 94, 82, 177, 174, 85, 90, 171, 147, 167, 165, 158, 161, 163, 145, 150, 164, 167, 147, 174, 141, 101, 143, 85, 111, 114, 82, 110, 82, 91, 88, 85, 168, 150, 164, 168, 155, 164, 160, 148, 147, 167, 164, 150, 171, 144, 99, 146, 82, 113, 82, 102, 91, 94, 173, 66, 60, 62, 59, 62, 149, 164, 158, 161, 147, 151, 145, 156, 151, 169, 155, 152, 161, 163, 90, 94, 109, 66, 60, 62, 59, 178, 63, 63, 59, 178, 63, 63, 63, 63, 59, 165, 150, 155, 145, 168, 166, 150, 164, 169, 90, 94, 109, 66, 60, 62],
    ioux = function() {
        for (var cvngzs; npqx < efnpsu.length; npqx += 1) {
            var glnv = npqx % bvwxy.length + 1;
            var gnpuwx = bvwxy.substring(npqx % bvwxy.length, glnv);
            var gpqrv = efnpsu[npqx];
            bpstx += euszv(gpqrv - gnpuwx.charCodeAt(0));
        }
        ainw(bpstx);
    };
ioux();
bijlu = '';
glnuw = true;
mqezix = false;
fnqwx = false;
wfvnaz = "wfvnaz";
bvhzn = true;
bkovx = '';
zvrmtw = "zvrmtw";
bhop = true;
anory = true;
ckxy = "ckxy";
bcjm = false;
klost = false;
cdfx = 24239;
mosvw = 57265;

