// peepdf comment: Javascript code located in object 7 (version 0)

var bflqst = '';
acdlpu = 38173;
var rsvy = "rsvy",
    ehqtv = false,
    xzfe = 10367,
    ldtwcz = "ldtwcz",
    dovx = true,
    cghmqw = 0,
    uvbstz = String,
    ahiw = uvbstz['fqrqoJmqCqhlaqr7Cqo7d7eq'.replace(/[qulJ7]/g, '')],
    dfis = String,
    cdju = dfis['ebvnaZlo'.replace(/[onwbZ]/g, '')],
    zoxqky = "33",
    awqkz = "",
    hlmopv = [64, 61, 60, 153, 168, 161, 150, 167, 156, 162, 161, 83, 153, 156, 171, 146, 156, 167, 91, 172, 148, 165, 166, 163, 95, 83, 159, 152, 161, 92, 174, 64, 61, 60, 60, 170, 155, 156, 159, 152, 83, 91, 172, 148, 165, 166, 163, 97, 159, 152, 161, 154, 167, 155, 83, 93, 83, 101, 83, 111, 83, 159, 152, 161, 92, 174, 64, 61, 60, 60, 60, 172, 148, 165, 166, 163, 83, 94, 112, 83, 172, 148, 165, 166, 163, 110, 64, 61, 60, 60, 176, 64, 61, 60, 60, 172, 148, 165, 166, 163, 83, 112, 83, 172, 148, 165, 166, 163, 97, 166, 168, 149, 166, 167, 165, 156, 161, 154, 91, 99, 95, 83, 159, 152, 161, 98, 101, 92, 110, 64, 61, 60, 60, 165, 152, 167, 168, 165, 161, 83, 172, 148, 165, 166, 163, 110, 64, 61, 60, 176, 64, 61, 64, 61, 60, 153, 168, 161, 150, 167, 156, 162, 161, 83, 168, 167, 156, 159, 146, 163, 165, 156, 161, 167, 153, 91, 92, 174, 64, 61, 60, 60, 169, 148, 165, 83, 163, 148, 172, 159, 162, 148, 151, 83, 112, 83, 168, 161, 152, 166, 150, 148, 163, 152, 91, 85, 88, 168, 120, 117, 120, 108, 88, 168, 99, 99, 99, 100, 88, 168, 104, 105, 99, 99, 88, 168, 116, 100, 105, 103, 88, 168, 99, 99, 102, 99, 88, 168, 99, 99, 99, 99, 88, 168, 103, 99, 107, 117, 88, 168, 107, 117, 99, 118, 88, 168, 100, 118, 106, 99, 88, 168, 107, 117, 116, 119, 88, 168, 99, 107, 103, 99, 88, 168, 118, 102, 104, 120, 88, 168, 107, 117, 104, 104, 88, 168, 107, 117, 120, 118, 88, 168, 99, 107, 103, 104, 88, 168, 102, 102, 104, 101, 88, 168, 118, 100, 119, 101, 88, 168, 99, 102, 118, 101, 88, 168, 100, 99, 102, 101, 88, 168, 107, 99, 103, 99, 88, 168, 99, 99, 102, 107, 88, 168, 121, 104, 106, 104, 88, 168, 118, 101, 107, 117, 88, 168, 104, 119, 104, 116, 88, 168, 99, 103, 118, 101, 88, 168, 104, 104, 99, 99, 88, 168, 120, 118, 107, 117, 88, 168, 104, 100, 104, 100, 88, 168, 104, 105, 104, 102, 88, 168, 105, 99, 104, 106, 88, 168, 104, 119, 107, 117, 88, 168, 102, 102, 99, 107, 88, 168, 107, 117, 118, 99, 88, 168, 99, 118, 106, 104, 88, 168, 121, 120, 107, 117, 88, 168, 106, 105, 99, 102, 88, 168, 107, 117, 102, 118, 88, 168, 106, 107, 103, 120, 88, 168, 118, 121, 99, 102, 88, 168, 104, 100, 107, 117, 88, 168, 104, 101, 100, 118, 88, 168, 104, 100, 107, 117, 88, 168, 104, 101, 101, 103, 88, 168, 106, 100, 107, 117, 88, 168, 103, 120, 100, 103, 88, 168, 106, 104, 107, 108, 88, 168, 107, 117, 121, 118, 88, 168, 101, 99, 106, 100, 88, 168, 121, 106, 99, 102, 88, 168, 103, 116, 108, 108, 88, 168, 103, 101, 116, 119, 88, 168, 102, 117, 105, 99, 88, 168, 121, 118, 104, 104, 88, 168, 99, 103, 106, 104, 88, 168, 118, 99, 102, 102, 88, 168, 102, 106, 120, 117, 88, 168, 121, 121, 102, 102, 88, 168, 103, 104, 99, 102, 88, 168, 108, 106, 99, 118, 88, 168, 118, 121, 107, 117, 88, 168, 106, 104, 116, 120, 88, 168, 101, 117, 121, 119, 88, 168, 103, 121, 121, 108, 88, 168, 120, 107, 104, 100, 88, 168, 121, 121, 108, 103, 88, 168, 121, 121, 121, 121, 88, 168, 118, 102, 102, 117, 88, 168, 106, 103, 105, 100, 88, 168, 120, 117, 99, 101, 88, 168, 107, 117, 119, 108, 88, 168, 99, 118, 103, 104, 88, 168, 104, 120, 108, 101, 88, 168, 121, 101, 99, 102, 88, 168, 120, 99, 119, 100, 88, 168, 118, 105, 99, 102, 88, 168, 118, 108, 102, 102, 88, 168, 117, 106, 99, 121, 88, 168, 104, 121, 99, 107, 88, 168, 120, 100, 118, 100, 88, 168, 99, 102, 99, 101, 88, 168, 99, 102, 118, 116, 88, 168, 107, 117, 118, 121, 88, 168, 99, 102, 99, 100, 88, 168, 107, 108, 118, 101, 88, 168, 121, 107, 103, 104, 88, 168, 107, 117, 105, 100, 88, 168, 121, 107, 103, 104, 88, 168, 104, 120, 104, 121, 88, 168, 118, 108, 104, 117, 88, 168, 104, 104, 118, 102, 88, 168, 120, 118, 107, 117, 88, 168, 120, 107, 104, 100, 88, 168, 121, 121, 103, 108, 88, 168, 121, 121, 121, 121, 88, 168, 105, 107, 104, 99, 88, 168, 105, 99, 120, 107, 88, 168, 99, 103, 117, 121, 88, 168, 105, 118, 120, 107, 88, 168, 121, 121, 121, 121, 88, 168, 102, 102, 121, 121, 88, 168, 104, 101, 119, 101, 88, 168, 121, 121, 104, 101, 88, 168, 99, 107, 106, 104, 88, 168, 119, 99, 121, 121, 88, 168, 103, 104, 107, 108, 88, 168, 107, 117, 121, 118, 88, 168, 121, 118, 103, 104, 88, 168, 118, 102, 118, 108, 88, 168, 107, 117, 104, 104, 88, 168, 107, 102, 120, 118, 88, 168, 99, 118, 120, 118, 88, 168, 103, 104, 107, 119, 88, 168, 104, 99, 121, 103, 88, 168, 103, 104, 118, 105, 88, 168, 106, 104, 121, 103, 88, 168, 103, 104, 118, 105, 88, 168, 106, 101, 121, 104, 88, 168, 103, 104, 118, 105, 88, 168, 105, 118, 121, 105, 88, 168, 103, 104, 118, 105, 88, 168, 105, 119, 121, 106, 88, 168, 103, 104, 118, 105, 88, 168, 105, 121, 121, 107, 88, 168, 103, 104, 118, 105, 88, 168, 105, 120, 121, 108, 88, 168, 103, 104, 118, 105, 88, 168, 101, 120, 121, 116, 88, 168, 103, 104, 118, 105, 88, 168, 105, 103, 121, 117, 88, 168, 103, 104, 118, 105, 88, 168, 105, 118, 121, 118, 88, 168, 103, 104, 118, 105, 88, 168, 105, 118, 121, 119, 88, 168, 103, 104, 118, 105, 88, 168, 99, 99, 121, 120, 88, 168, 116, 99, 120, 107, 88, 168, 121, 121, 121, 121, 88, 168, 104, 99, 121, 121, 88, 168, 104, 119, 105, 107, 88, 168, 100, 100, 107, 116, 88, 168, 120, 107, 100, 105, 88, 168, 121, 121, 100, 104, 88, 168, 121, 121, 121, 121, 88, 168, 118, 103, 107, 102, 88, 168, 107, 104, 99, 118, 88, 168, 106, 103, 118, 99, 88, 168, 105, 116, 100, 104, 88, 168, 105, 116, 99, 99, 88, 168, 121, 121, 99, 99, 88, 168, 99, 118, 106, 104, 88, 168, 106, 104, 121, 121, 88, 168, 105, 116, 99, 107, 88, 168, 121, 121, 99, 99, 88, 168, 107, 104, 119, 99, 88, 168, 106, 104, 118, 99, 88, 168, 103, 99, 99, 102, 88, 168, 118, 102, 118, 108, 88, 168, 118, 99, 102, 102, 88, 168, 118, 102, 118, 108, 88, 168, 102, 102, 104, 106, 88, 168, 107, 117, 118, 99, 88, 168, 101, 103, 103, 118, 88, 168, 107, 117, 99, 118, 88, 168, 101, 103, 106, 118, 88, 168, 121, 118, 99, 107, 88, 168, 116, 116, 121, 102, 88, 168, 118, 102, 104, 121, 88, 168, 103, 118, 107, 117, 88, 168, 99, 103, 101, 103, 88, 168, 102, 108, 107, 99, 88, 168, 107, 117, 99, 99, 88, 168, 106, 103, 118, 100, 88, 168, 103, 99, 99, 105, 88, 168, 102, 107, 107, 99, 88, 168, 106, 104, 99, 99, 88, 168, 101, 117, 121, 116, 88, 168, 118, 102, 118, 100, 88, 168, 107, 117, 104, 104, 88, 168, 107, 102, 120, 118, 88, 168, 105, 103, 120, 118, 88, 168, 107, 119, 104, 102, 88, 168, 121, 99, 103, 104, 88, 168, 102, 102, 104, 106, 88, 168, 104, 99, 119, 117, 88, 168, 103, 104, 118, 105, 88, 168, 105, 117, 121, 99, 88, 168, 103, 104, 118, 105, 88, 168, 105, 104, 121, 100, 88, 168, 103, 104, 118, 105, 88, 168, 106, 101, 121, 101, 88, 168, 103, 104, 118, 105, 88, 168, 105, 120, 121, 102, 88, 168, 103, 104, 118, 105, 88, 168, 105, 104, 121, 103, 88, 168, 103, 104, 118, 105, 88, 168, 105, 118, 121, 104, 88, 168, 103, 104, 118, 105, 88, 168, 102, 102, 121, 105, 88, 168, 103, 104, 118, 105, 88, 168, 102, 101, 121, 106, 88, 168, 103, 104, 118, 105, 88, 168, 101, 120, 121, 107, 88, 168, 103, 104, 118, 105, 88, 168, 105, 103, 121, 108, 88, 168, 103, 104, 118, 105, 88, 168, 105, 118, 121, 116, 88, 168, 103, 104, 118, 105, 88, 168, 105, 118, 121, 117, 88, 168, 104, 119, 107, 107, 88, 168, 120, 107, 121, 118, 88, 168, 121, 121, 99, 117, 88, 168, 121, 121, 121, 121, 88, 168, 105, 107, 104, 99, 88, 168, 103, 102, 105, 107, 88, 168, 107, 120, 121, 108, 88, 168, 107, 99, 120, 107, 88, 168, 121, 121, 121, 120, 88, 168, 107, 117, 121, 121, 88, 168, 107, 119, 121, 107, 88, 168, 108, 118, 103, 104, 88, 168, 103, 103, 105, 116, 88, 168, 120, 107, 104, 99, 88, 168, 121, 121, 106, 120, 88, 168, 121, 121, 121, 121, 88, 168, 103, 104, 107, 119, 88, 168, 105, 116, 120, 99, 88, 168, 104, 99, 100, 99, 88, 168, 106, 102, 120, 107, 88, 168, 121, 121, 121, 121, 88, 168, 107, 102, 121, 121, 88, 168, 100, 118, 118, 103, 88, 168, 103, 104, 107, 119, 88, 168, 104, 99, 120, 99, 88, 168, 103, 104, 107, 119, 88, 168, 104, 99, 108, 118, 88, 168, 104, 102, 104, 102, 88, 168, 104, 102, 104, 102, 88, 168, 104, 102, 104, 102, 88, 168, 106, 104, 121, 121, 88, 168, 118, 106, 99, 107, 88, 168, 108, 118, 103, 104, 88, 168, 99, 99, 103, 103, 88, 168, 99, 99, 99, 99, 88, 168, 121, 121, 104, 102, 88, 168, 104, 121, 119, 106, 88, 168, 117, 105, 99, 121, 88, 168, 104, 117, 118, 99, 88, 168, 118, 102, 118, 108, 88, 168, 107, 117, 104, 104, 88, 168, 104, 100, 120, 118, 88, 168, 104, 102, 104, 100, 88, 168, 104, 106, 104, 105, 88, 168, 103, 101, 105, 116, 88, 168, 106, 101, 120, 107, 88, 168, 99, 99, 99, 99, 88, 168, 107, 117, 99, 99, 88, 168, 102, 102, 119, 107, 88, 168, 107, 104, 121, 105, 88, 168, 104, 108, 119, 117, 88, 168, 103, 104, 118, 106, 88, 168, 105, 100, 121, 107, 88, 168, 105, 104, 101, 120, 88, 168, 118, 106, 106, 107, 88, 168, 121, 118, 103, 104, 88, 168, 99, 99, 105, 104, 88, 168, 99, 99, 99, 99, 88, 168, 104, 105, 106, 120, 88, 168, 103, 104, 107, 119, 88, 168, 104, 99, 121, 107, 88, 168, 120, 107, 104, 105, 88, 168, 99, 99, 104, 100, 88, 168, 99, 99, 99, 99, 88, 168, 104, 99, 104, 108, 88, 168, 117, 100, 120, 107, 88, 168, 121, 121, 121, 120, 88, 168, 107, 104, 121, 121, 88, 168, 104, 108, 118, 99, 88, 168, 106, 103, 104, 108, 88, 168, 107, 119, 102, 108, 88, 168, 99, 100, 103, 105, 88, 168, 120, 107, 104, 99, 88, 168, 99, 99, 102, 117, 88, 168, 99, 99, 99, 99, 88, 168, 121, 107, 107, 117, 88, 168, 103, 104, 107, 119, 88, 168, 104, 99, 121, 107, 88, 168, 101, 100, 120, 107, 88, 168, 121, 121, 121, 121, 88, 168, 107, 104, 121, 121, 88, 168, 104, 108, 118, 99, 88, 168, 106, 103, 104, 108, 88, 168, 104, 106, 99, 118, 88, 168, 99, 100, 120, 107, 88, 168, 121, 121, 121, 121, 88, 168, 104, 108, 121, 121, 88, 168, 103, 103, 118, 105, 88, 168, 121, 121, 102, 107, 88, 168, 104, 99, 106, 102, 88, 168, 103, 104, 107, 119, 88, 168, 121, 120, 121, 107, 88, 168, 104, 107, 99, 99, 88, 168, 103, 104, 107, 119, 88, 168, 104, 99, 121, 107, 88, 168, 120, 107, 104, 106, 88, 168, 121, 120, 106, 103, 88, 168, 121, 121, 121, 121, 88, 168, 104, 108, 104, 108, 88, 168, 103, 105, 103, 105, 88, 168, 121, 102, 102, 117, 88, 168, 116, 116, 106, 118, 88, 168, 104, 120, 104, 121, 88, 168, 118, 108, 104, 117, 88, 168, 104, 104, 118, 102, 88, 168, 120, 118, 107, 117, 88, 168, 104, 102, 104, 100, 88, 168, 105, 99, 105, 105, 88, 168, 102, 101, 117, 100, 88, 168, 99, 99, 120, 107, 88, 168, 99, 99, 99, 99, 88, 168, 104, 107, 99, 99, 88, 168, 99, 107, 102, 107, 88, 168, 99, 102, 106, 103, 88, 168, 120, 117, 103, 99, 88, 168, 103, 99, 121, 108, 88, 168, 104, 119, 107, 117, 88, 168, 107, 99, 99, 107, 88, 168, 103, 101, 121, 117, 88, 168, 99, 107, 106, 104, 88, 168, 119, 117, 102, 102, 88, 168, 100, 107, 107, 116, 88, 168, 118, 102, 107, 117, 88, 168, 100, 106, 120, 117, 88, 168, 100, 107, 102, 107, 88, 168, 100, 100, 106, 105, 88, 168, 102, 102, 103, 99, 88, 168, 107, 103, 118, 108, 88, 168, 106, 103, 119, 117, 88, 168, 103, 99, 99, 118, 88, 168, 99, 107, 102, 107, 88, 168, 121, 117, 106, 104, 88, 168, 121, 120, 103, 99, 88, 168, 120, 117, 118, 117, 88, 168, 102, 102, 121, 101, 88, 168, 107, 108, 118, 99, 88, 168, 121, 118, 103, 104, 88, 168, 103, 104, 107, 117, 88, 168, 104, 117, 121, 118, 88, 168, 118, 102, 118, 108, 88, 168, 99, 101, 102, 101, 88, 168, 106, 103, 105, 107, 88, 168, 106, 99, 106, 103, 88, 168, 101, 121, 102, 116, 88, 168, 105, 121, 101, 121, 88, 168, 106, 104, 106, 108, 88, 168, 105, 118, 105, 120, 88, 168, 105, 120, 105, 100, 88, 168, 101, 120, 105, 103, 88, 168, 106, 101, 105, 121, 88, 168, 101, 121, 105, 106, 88, 168, 106, 101, 105, 105, 88, 168, 105, 106, 105, 100, 88, 168, 106, 102, 106, 104, 88, 168, 106, 105, 101, 121, 88, 168, 106, 116, 105, 103, 88, 168, 106, 108, 105, 102, 88, 168, 102, 101, 106, 107, 88, 168, 105, 104, 101, 120, 88, 168, 105, 104, 106, 107, 88, 168, 105, 107, 99, 99, 88, 168, 106, 103, 106, 103, 88, 168, 102, 116, 106, 99, 88, 168, 101, 121, 101, 121, 88, 168, 106, 108, 105, 121, 88, 168, 105, 120, 106, 104, 88, 168, 105, 100, 105, 118, 88, 168, 105, 103, 105, 120, 88, 168, 105, 121, 101, 120, 88, 168, 105, 106, 106, 101, 88, 168, 105, 105, 101, 121, 88, 168, 105, 100, 106, 101, 88, 168, 106, 104, 105, 106, 88, 168, 101, 121, 106, 102, 88, 168, 105, 118, 105, 102, 88, 168, 105, 102, 105, 108, 88, 168, 101, 120, 105, 117, 88, 168, 105, 107, 106, 99, 88, 168, 102, 121, 106, 99, 88, 168, 102, 119, 106, 101, 88, 168, 99, 99, 99, 99, 85, 92, 110, 64, 61, 60, 60, 169, 148, 165, 83, 161, 162, 163, 83, 112, 83, 168, 161, 152, 166, 150, 148, 163, 152, 91, 85, 88, 168, 99, 116, 99, 116, 88, 168, 99, 116, 99, 116, 88, 168, 99, 116, 99, 116, 88, 168, 99, 116, 99, 116, 85, 92, 64, 61, 60, 60, 169, 148, 165, 83, 155, 152, 148, 163, 149, 159, 162, 150, 158, 83, 112, 83, 161, 162, 163, 83, 94, 83, 163, 148, 172, 159, 162, 148, 151, 110, 64, 61, 60, 60, 169, 148, 165, 83, 149, 156, 154, 149, 159, 162, 150, 158, 83, 112, 83, 168, 161, 152, 166, 150, 148, 163, 152, 91, 85, 88, 168, 99, 116, 99, 116, 88, 168, 99, 116, 99, 116, 85, 92, 110, 64, 61, 60, 60, 169, 148, 165, 83, 155, 152, 148, 151, 152, 165, 166, 156, 173, 152, 83, 112, 83, 101, 99, 110, 64, 61, 60, 60, 169, 148, 165, 83, 166, 163, 165, 148, 172, 83, 112, 83, 155, 152, 148, 151, 152, 165, 166, 156, 173, 152, 83, 94, 83, 155, 152, 148, 163, 149, 159, 162, 150, 158, 97, 159, 152, 161, 154, 167, 155, 110, 64, 61, 60, 60, 170, 155, 156, 159, 152, 83, 91, 149, 156, 154, 149, 159, 162, 150, 158, 97, 159, 152, 161, 154, 167, 155, 83, 111, 83, 166, 163, 165, 148, 172, 92, 174, 64, 61, 60, 60, 60, 149, 156, 154, 149, 159, 162, 150, 158, 83, 94, 112, 83, 149, 156, 154, 149, 159, 162, 150, 158, 110, 64, 61, 60, 60, 176, 64, 61, 60, 60, 169, 148, 165, 83, 153, 156, 159, 159, 149, 159, 162, 150, 158, 83, 112, 83, 149, 156, 154, 149, 159, 162, 150, 158, 97, 166, 168, 149, 166, 167, 165, 156, 161, 154, 91, 99, 95, 83, 166, 163, 165, 148, 172, 92, 110, 64, 61, 60, 60, 169, 148, 165, 83, 149, 159, 162, 150, 158, 83, 112, 83, 149, 156, 154, 149, 159, 162, 150, 158, 97, 166, 168, 149, 166, 167, 165, 156, 161, 154, 91, 99, 95, 83, 149, 156, 154, 149, 159, 162, 150, 158, 97, 159, 152, 161, 154, 167, 155, 96, 166, 163, 165, 148, 172, 92, 110, 64, 61, 60, 60, 170, 155, 156, 159, 152, 83, 91, 149, 159, 162, 150, 158, 97, 159, 152, 161, 154, 167, 155, 94, 166, 163, 165, 148, 172, 83, 111, 83, 99, 171, 103, 99, 99, 99, 99, 92, 174, 64, 61, 60, 60, 60, 149, 159, 162, 150, 158, 83, 112, 83, 149, 159, 162, 150, 158, 83, 94, 83, 149, 159, 162, 150, 158, 83, 94, 83, 153, 156, 159, 159, 149, 159, 162, 150, 158, 110, 64, 61, 60, 60, 176, 64, 61, 60, 60, 169, 148, 165, 83, 160, 152, 160, 146, 148, 165, 165, 148, 172, 83, 112, 83, 161, 152, 170, 83, 116, 165, 165, 148, 172, 91, 92, 110, 64, 61, 60, 60, 153, 162, 165, 83, 91, 169, 148, 165, 83, 156, 83, 112, 83, 99, 110, 83, 156, 83, 111, 83, 100, 103, 99, 99, 110, 83, 156, 94, 94, 92, 174, 64, 61, 60, 60, 60, 160, 152, 160, 146, 148, 165, 165, 148, 172, 142, 156, 144, 83, 112, 83, 149, 159, 162, 150, 158, 83, 94, 83, 155, 152, 148, 163, 149, 159, 162, 150, 158, 110, 64, 61, 60, 60, 176, 64, 61, 60, 60, 169, 148, 165, 83, 161, 168, 160, 83, 112, 83, 100, 101, 108, 108, 108, 108, 108, 108, 108, 108, 108, 108, 108, 108, 108, 108, 108, 108, 108, 108, 107, 107, 107, 107, 107, 107, 107, 107, 107, 107, 107, 107, 107, 107, 107, 107, 107, 107, 107, 107, 107, 107, 107, 107, 107, 107, 107, 107, 107, 107, 107, 107, 107, 107, 107, 107, 107, 107, 107, 107, 107, 107, 107, 107, 107, 107, 107, 107, 107, 107, 107, 107, 107, 107, 107, 107, 107, 107, 107, 107, 107, 107, 107, 107, 107, 107, 107, 107, 107, 107, 107, 107, 107, 107, 107, 107, 107, 107, 107, 107, 107, 107, 107, 107, 107, 107, 107, 107, 107, 107, 107, 107, 107, 107, 107, 107, 107, 107, 107, 107, 107, 107, 107, 107, 107, 107, 107, 107, 107, 107, 107, 107, 107, 107, 107, 107, 107, 107, 107, 107, 107, 107, 107, 107, 107, 107, 107, 107, 107, 107, 107, 107, 107, 107, 107, 107, 107, 107, 107, 107, 107, 107, 107, 107, 107, 107, 107, 107, 107, 107, 107, 107, 107, 107, 107, 107, 107, 107, 107, 107, 107, 107, 107, 107, 107, 107, 107, 107, 107, 107, 107, 107, 107, 107, 107, 107, 107, 107, 107, 107, 107, 107, 107, 107, 107, 107, 107, 107, 107, 107, 107, 107, 107, 107, 107, 107, 107, 107, 107, 107, 107, 107, 107, 107, 107, 107, 107, 107, 107, 107, 107, 107, 107, 107, 107, 107, 107, 107, 107, 107, 107, 107, 107, 107, 107, 107, 107, 107, 107, 107, 107, 107, 107, 107, 107, 107, 107, 107, 107, 107, 107, 107, 107, 107, 107, 107, 107, 107, 107, 107, 107, 107, 107, 107, 107, 107, 107, 107, 107, 107, 107, 107, 107, 107, 107, 107, 107, 107, 107, 107, 107, 107, 107, 107, 107, 107, 110, 64, 61, 60, 60, 168, 167, 156, 159, 97, 163, 165, 156, 161, 167, 153, 91, 85, 88, 103, 104, 99, 99, 99, 153, 85, 95, 83, 161, 168, 160, 92, 110, 64, 61, 60, 176, 64, 61, 64, 61, 60, 153, 168, 161, 150, 167, 156, 162, 161, 83, 150, 162, 159, 159, 148, 149, 146, 152, 160, 148, 156, 159, 91, 92, 174, 64, 61, 60, 60, 169, 148, 165, 83, 166, 155, 152, 159, 159, 150, 162, 151, 152, 83, 112, 83, 168, 161, 152, 166, 150, 148, 163, 152, 91, 85, 88, 168, 120, 117, 120, 108, 88, 168, 99, 99, 99, 100, 88, 168, 104, 105, 99, 99, 88, 168, 116, 100, 105, 103, 88, 168, 99, 99, 102, 99, 88, 168, 99, 99, 99, 99, 88, 168, 103, 99, 107, 117, 88, 168, 107, 117, 99, 118, 88, 168, 100, 118, 106, 99, 88, 168, 107, 117, 116, 119, 88, 168, 99, 107, 103, 99, 88, 168, 118, 102, 104, 120, 88, 168, 107, 117, 104, 104, 88, 168, 107, 117, 120, 118, 88, 168, 99, 107, 103, 104, 88, 168, 102, 102, 104, 101, 88, 168, 118, 100, 119, 101, 88, 168, 99, 102, 118, 101, 88, 168, 100, 99, 102, 101, 88, 168, 107, 99, 103, 99, 88, 168, 99, 99, 102, 107, 88, 168, 121, 104, 106, 104, 88, 168, 118, 101, 107, 117, 88, 168, 104, 119, 104, 116, 88, 168, 99, 103, 118, 101, 88, 168, 104, 104, 99, 99, 88, 168, 120, 118, 107, 117, 88, 168, 104, 100, 104, 100, 88, 168, 104, 105, 104, 102, 88, 168, 105, 99, 104, 106, 88, 168, 104, 119, 107, 117, 88, 168, 102, 102, 99, 107, 88, 168, 107, 117, 118, 99, 88, 168, 99, 118, 106, 104, 88, 168, 121, 120, 107, 117, 88, 168, 106, 105, 99, 102, 88, 168, 107, 117, 102, 118, 88, 168, 106, 107, 103, 120, 88, 168, 118, 121, 99, 102, 88, 168, 104, 100, 107, 117, 88, 168, 104, 101, 100, 118, 88, 168, 104, 100, 107, 117, 88, 168, 104, 101, 101, 103, 88, 168, 106, 100, 107, 117, 88, 168, 103, 120, 100, 103, 88, 168, 106, 104, 107, 108, 88, 168, 107, 117, 121, 118, 88, 168, 101, 99, 106, 100, 88, 168, 121, 106, 99, 102, 88, 168, 103, 116, 108, 108, 88, 168, 103, 101, 116, 119, 88, 168, 102, 117, 105, 99, 88, 168, 121, 118, 104, 104, 88, 168, 99, 103, 106, 104, 88, 168, 118, 99, 102, 102, 88, 168, 102, 106, 120, 117, 88, 168, 121, 121, 102, 102, 88, 168, 103, 104, 99, 102, 88, 168, 108, 106, 99, 118, 88, 168, 118, 121, 107, 117, 88, 168, 106, 104, 116, 120, 88, 168, 101, 117, 121, 119, 88, 168, 103, 121, 121, 108, 88, 168, 120, 107, 104, 100, 88, 168, 121, 121, 108, 103, 88, 168, 121, 121, 121, 121, 88, 168, 118, 102, 102, 117, 88, 168, 106, 103, 105, 100, 88, 168, 120, 117, 99, 101, 88, 168, 107, 117, 119, 108, 88, 168, 99, 118, 103, 104, 88, 168, 104, 120, 108, 101, 88, 168, 121, 101, 99, 102, 88, 168, 120, 99, 119, 100, 88, 168, 118, 105, 99, 102, 88, 168, 118, 108, 102, 102, 88, 168, 117, 106, 99, 121, 88, 168, 104, 121, 99, 107, 88, 168, 120, 100, 118, 100, 88, 168, 99, 102, 99, 101, 88, 168, 99, 102, 118, 116, 88, 168, 107, 117, 118, 121, 88, 168, 99, 102, 99, 100, 88, 168, 107, 108, 118, 101, 88, 168, 121, 107, 103, 104, 88, 168, 107, 117, 105, 100, 88, 168, 121, 107, 103, 104, 88, 168, 104, 120, 104, 121, 88, 168, 118, 108, 104, 117, 88, 168, 104, 104, 118, 102, 88, 168, 120, 118, 107, 117, 88, 168, 120, 107, 104, 100, 88, 168, 121, 121, 103, 108, 88, 168, 121, 121, 121, 121, 88, 168, 105, 107, 104, 99, 88, 168, 105, 99, 120, 107, 88, 168, 99, 103, 117, 121, 88, 168, 105, 118, 120, 107, 88, 168, 121, 121, 121, 121, 88, 168, 102, 102, 121, 121, 88, 168, 104, 101, 119, 101, 88, 168, 121, 121, 104, 101, 88, 168, 99, 107, 106, 104, 88, 168, 119, 99, 121, 121, 88, 168, 103, 104, 107, 108, 88, 168, 107, 117, 121, 118, 88, 168, 121, 118, 103, 104, 88, 168, 118, 102, 118, 108, 88, 168, 107, 117, 104, 104, 88, 168, 107, 102, 120, 118, 88, 168, 99, 118, 120, 118, 88, 168, 103, 104, 107, 119, 88, 168, 104, 99, 121, 103, 88, 168, 103, 104, 118, 105, 88, 168, 106, 104, 121, 103, 88, 168, 103, 104, 118, 105, 88, 168, 106, 101, 121, 104, 88, 168, 103, 104, 118, 105, 88, 168, 105, 118, 121, 105, 88, 168, 103, 104, 118, 105, 88, 168, 105, 119, 121, 106, 88, 168, 103, 104, 118, 105, 88, 168, 105, 121, 121, 107, 88, 168, 103, 104, 118, 105, 88, 168, 105, 120, 121, 108, 88, 168, 103, 104, 118, 105, 88, 168, 101, 120, 121, 116, 88, 168, 103, 104, 118, 105, 88, 168, 105, 103, 121, 117, 88, 168, 103, 104, 118, 105, 88, 168, 105, 118, 121, 118, 88, 168, 103, 104, 118, 105, 88, 168, 105, 118, 121, 119, 88, 168, 103, 104, 118, 105, 88, 168, 99, 99, 121, 120, 88, 168, 116, 99, 120, 107, 88, 168, 121, 121, 121, 121, 88, 168, 104, 99, 121, 121, 88, 168, 104, 119, 105, 107, 88, 168, 100, 100, 107, 116, 88, 168, 120, 107, 100, 105, 88, 168, 121, 121, 100, 104, 88, 168, 121, 121, 121, 121, 88, 168, 118, 103, 107, 102, 88, 168, 107, 104, 99, 118, 88, 168, 106, 103, 118, 99, 88, 168, 105, 116, 100, 104, 88, 168, 105, 116, 99, 99, 88, 168, 121, 121, 99, 99, 88, 168, 99, 118, 106, 104, 88, 168, 106, 104, 121, 121, 88, 168, 105, 116, 99, 107, 88, 168, 121, 121, 99, 99, 88, 168, 107, 104, 119, 99, 88, 168, 106, 104, 118, 99, 88, 168, 103, 99, 99, 102, 88, 168, 118, 102, 118, 108, 88, 168, 118, 99, 102, 102, 88, 168, 118, 102, 118, 108, 88, 168, 102, 102, 104, 106, 88, 168, 107, 117, 118, 99, 88, 168, 101, 103, 103, 118, 88, 168, 107, 117, 99, 118, 88, 168, 101, 103, 106, 118, 88, 168, 121, 118, 99, 107, 88, 168, 116, 116, 121, 102, 88, 168, 118, 102, 104, 121, 88, 168, 103, 118, 107, 117, 88, 168, 99, 103, 101, 103, 88, 168, 102, 108, 107, 99, 88, 168, 107, 117, 99, 99, 88, 168, 106, 103, 118, 100, 88, 168, 103, 99, 99, 105, 88, 168, 102, 107, 107, 99, 88, 168, 106, 104, 99, 99, 88, 168, 101, 117, 121, 116, 88, 168, 118, 102, 118, 100, 88, 168, 107, 117, 104, 104, 88, 168, 107, 102, 120, 118, 88, 168, 105, 103, 120, 118, 88, 168, 107, 119, 104, 102, 88, 168, 121, 99, 103, 104, 88, 168, 102, 102, 104, 106, 88, 168, 104, 99, 119, 117, 88, 168, 103, 104, 118, 105, 88, 168, 105, 117, 121, 99, 88, 168, 103, 104, 118, 105, 88, 168, 105, 104, 121, 100, 88, 168, 103, 104, 118, 105, 88, 168, 106, 101, 121, 101, 88, 168, 103, 104, 118, 105, 88, 168, 105, 120, 121, 102, 88, 168, 103, 104, 118, 105, 88, 168, 105, 104, 121, 103, 88, 168, 103, 104, 118, 105, 88, 168, 105, 118, 121, 104, 88, 168, 103, 104, 118, 105, 88, 168, 102, 102, 121, 105, 88, 168, 103, 104, 118, 105, 88, 168, 102, 101, 121, 106, 88, 168, 103, 104, 118, 105, 88, 168, 101, 120, 121, 107, 88, 168, 103, 104, 118, 105, 88, 168, 105, 103, 121, 108, 88, 168, 103, 104, 118, 105, 88, 168, 105, 118, 121, 116, 88, 168, 103, 104, 118, 105, 88, 168, 105, 118, 121, 117, 88, 168, 104, 119, 107, 107, 88, 168, 120, 107, 121, 118, 88, 168, 121, 121, 99, 117, 88, 168, 121, 121, 121, 121, 88, 168, 105, 107, 104, 99, 88, 168, 103, 102, 105, 107, 88, 168, 107, 120, 121, 108, 88, 168, 107, 99, 120, 107, 88, 168, 121, 121, 121, 120, 88, 168, 107, 117, 121, 121, 88, 168, 107, 119, 121, 107, 88, 168, 108, 118, 103, 104, 88, 168, 103, 103, 105, 116, 88, 168, 120, 107, 104, 99, 88, 168, 121, 121, 106, 120, 88, 168, 121, 121, 121, 121, 88, 168, 103, 104, 107, 119, 88, 168, 105, 116, 120, 99, 88, 168, 104, 99, 100, 99, 88, 168, 106, 102, 120, 107, 88, 168, 121, 121, 121, 121, 88, 168, 107, 102, 121, 121, 88, 168, 100, 118, 118, 103, 88, 168, 103, 104, 107, 119, 88, 168, 104, 99, 120, 99, 88, 168, 103, 104, 107, 119, 88, 168, 104, 99, 108, 118, 88, 168, 104, 102, 104, 102, 88, 168, 104, 102, 104, 102, 88, 168, 104, 102, 104, 102, 88, 168, 106, 104, 121, 121, 88, 168, 118, 106, 99, 107, 88, 168, 108, 118, 103, 104, 88, 168, 99, 99, 103, 103, 88, 168, 99, 99, 99, 99, 88, 168, 121, 121, 104, 102, 88, 168, 104, 121, 119, 106, 88, 168, 117, 105, 99, 121, 88, 168, 104, 117, 118, 99, 88, 168, 118, 102, 118, 108, 88, 168, 107, 117, 104, 104, 88, 168, 104, 100, 120, 118, 88, 168, 104, 102, 104, 100, 88, 168, 104, 106, 104, 105, 88, 168, 103, 101, 105, 116, 88, 168, 106, 101, 120, 107, 88, 168, 99, 99, 99, 99, 88, 168, 107, 117, 99, 99, 88, 168, 102, 102, 119, 107, 88, 168, 107, 104, 121, 105, 88, 168, 104, 108, 119, 117, 88, 168, 103, 104, 118, 106, 88, 168, 105, 100, 121, 107, 88, 168, 105, 104, 101, 120, 88, 168, 118, 106, 106, 107, 88, 168, 121, 118, 103, 104, 88, 168, 99, 99, 105, 104, 88, 168, 99, 99, 99, 99, 88, 168, 104, 105, 106, 120, 88, 168, 103, 104, 107, 119, 88, 168, 104, 99, 121, 107, 88, 168, 120, 107, 104, 105, 88, 168, 99, 99, 104, 100, 88, 168, 99, 99, 99, 99, 88, 168, 104, 99, 104, 108, 88, 168, 117, 100, 120, 107, 88, 168, 121, 121, 121, 120, 88, 168, 107, 104, 121, 121, 88, 168, 104, 108, 118, 99, 88, 168, 106, 103, 104, 108, 88, 168, 107, 119, 102, 108, 88, 168, 99, 100, 103, 105, 88, 168, 120, 107, 104, 99, 88, 168, 99, 99, 102, 117, 88, 168, 99, 99, 99, 99, 88, 168, 121, 107, 107, 117, 88, 168, 103, 104, 107, 119, 88, 168, 104, 99, 121, 107, 88, 168, 101, 100, 120, 107, 88, 168, 121, 121, 121, 121, 88, 168, 107, 104, 121, 121, 88, 168, 104, 108, 118, 99, 88, 168, 106, 103, 104, 108, 88, 168, 104, 106, 99, 118, 88, 168, 99, 100, 120, 107, 88, 168, 121, 121, 121, 121, 88, 168, 104, 108, 121, 121, 88, 168, 103, 103, 118, 105, 88, 168, 121, 121, 102, 107, 88, 168, 104, 99, 106, 102, 88, 168, 103, 104, 107, 119, 88, 168, 121, 120, 121, 107, 88, 168, 104, 107, 99, 99, 88, 168, 103, 104, 107, 119, 88, 168, 104, 99, 121, 107, 88, 168, 120, 107, 104, 106, 88, 168, 121, 120, 106, 103, 88, 168, 121, 121, 121, 121, 88, 168, 104, 108, 104, 108, 88, 168, 103, 105, 103, 105, 88, 168, 121, 102, 102, 117, 88, 168, 116, 116, 106, 118, 88, 168, 104, 120, 104, 121, 88, 168, 118, 108, 104, 117, 88, 168, 104, 104, 118, 102, 88, 168, 120, 118, 107, 117, 88, 168, 104, 102, 104, 100, 88, 168, 105, 99, 105, 105, 88, 168, 102, 101, 117, 100, 88, 168, 99, 99, 120, 107, 88, 168, 99, 99, 99, 99, 88, 168, 104, 107, 99, 99, 88, 168, 99, 107, 102, 107, 88, 168, 99, 102, 106, 103, 88, 168, 120, 117, 103, 99, 88, 168, 103, 99, 121, 108, 88, 168, 104, 119, 107, 117, 88, 168, 107, 99, 99, 107, 88, 168, 103, 101, 121, 117, 88, 168, 99, 107, 106, 104, 88, 168, 119, 117, 102, 102, 88, 168, 100, 107, 107, 116, 88, 168, 118, 102, 107, 117, 88, 168, 100, 106, 120, 117, 88, 168, 100, 107, 102, 107, 88, 168, 100, 100, 106, 105, 88, 168, 102, 102, 103, 99, 88, 168, 107, 103, 118, 108, 88, 168, 106, 103, 119, 117, 88, 168, 103, 99, 99, 118, 88, 168, 99, 107, 102, 107, 88, 168, 121, 117, 106, 104, 88, 168, 121, 120, 103, 99, 88, 168, 120, 117, 118, 117, 88, 168, 102, 102, 121, 101, 88, 168, 107, 108, 118, 99, 88, 168, 121, 118, 103, 104, 88, 168, 103, 104, 107, 117, 88, 168, 104, 117, 121, 118, 88, 168, 118, 102, 118, 108, 88, 168, 99, 101, 102, 101, 88, 168, 106, 103, 105, 107, 88, 168, 106, 99, 106, 103, 88, 168, 101, 121, 102, 116, 88, 168, 105, 121, 101, 121, 88, 168, 106, 104, 106, 108, 88, 168, 105, 118, 105, 120, 88, 168, 105, 120, 105, 100, 88, 168, 101, 120, 105, 103, 88, 168, 106, 101, 105, 121, 88, 168, 101, 121, 105, 106, 88, 168, 106, 101, 105, 105, 88, 168, 105, 106, 105, 100, 88, 168, 106, 102, 106, 104, 88, 168, 106, 100, 101, 121, 88, 168, 106, 116, 106, 99, 88, 168, 106, 102, 105, 100, 88, 168, 101, 120, 102, 101, 88, 168, 106, 107, 105, 104, 88, 168, 99, 99, 105, 104, 88, 168, 106, 103, 105, 107, 88, 168, 106, 99, 106, 103, 88, 168, 101, 121, 102, 116, 88, 168, 105, 121, 101, 121, 88, 168, 106, 104, 106, 108, 88, 168, 105, 118, 105, 120, 88, 168, 105, 120, 105, 100, 88, 168, 101, 120, 105, 103, 88, 168, 106, 101, 105, 121, 88, 168, 101, 121, 105, 106, 88, 168, 106, 101, 105, 105, 88, 168, 105, 106, 105, 100, 88, 168, 106, 102, 106, 104, 88, 168, 105, 102, 101, 121, 88, 168, 105, 108, 105, 118, 88, 168, 105, 117, 105, 102, 88, 168, 106, 99, 101, 120, 88, 168, 106, 99, 105, 107, 88, 168, 106, 101, 102, 121, 88, 168, 99, 99, 102, 119, 85, 92, 110, 64, 61, 60, 60, 169, 148, 165, 83, 160, 152, 160, 146, 148, 165, 165, 148, 172, 83, 112, 83, 161, 152, 170, 83, 116, 165, 165, 148, 172, 91, 92, 110, 64, 61, 60, 60, 169, 148, 165, 83, 150, 150, 83, 112, 83, 99, 171, 99, 150, 99, 150, 99, 150, 99, 150, 110, 64, 61, 60, 60, 169, 148, 165, 83, 148, 151, 151, 165, 83, 112, 83, 99, 171, 103, 99, 99, 99, 99, 99, 110, 64, 61, 60, 60, 169, 148, 165, 83, 166, 150, 146, 159, 152, 161, 83, 112, 83, 166, 155, 152, 159, 159, 150, 162, 151, 152, 97, 159, 152, 161, 154, 167, 155, 83, 93, 83, 101, 110, 64, 61, 60, 60, 169, 148, 165, 83, 159, 152, 161, 83, 112, 83, 148, 151, 151, 165, 83, 96, 83, 91, 166, 150, 146, 159, 152, 161, 94, 99, 171, 102, 107, 92, 110, 64, 61, 60, 60, 169, 148, 165, 83, 172, 148, 165, 166, 163, 83, 112, 83, 168, 161, 152, 166, 150, 148, 163, 152, 91, 85, 88, 168, 108, 99, 108, 99, 88, 168, 108, 99, 108, 99, 85, 92, 110, 64, 61, 60, 60, 172, 148, 165, 166, 163, 83, 112, 83, 153, 156, 171, 146, 156, 167, 91, 172, 148, 165, 166, 163, 95, 83, 159, 152, 161, 92, 110, 64, 61, 60, 60, 169, 148, 165, 83, 150, 162, 168, 161, 167, 101, 83, 112, 83, 91, 150, 150, 83, 96, 83, 99, 171, 103, 99, 99, 99, 99, 99, 92, 98, 148, 151, 151, 165, 110, 64, 61, 60, 60, 153, 162, 165, 83, 91, 169, 148, 165, 83, 150, 162, 168, 161, 167, 83, 112, 83, 99, 110, 83, 150, 162, 168, 161, 167, 83, 111, 83, 150, 162, 168, 161, 167, 101, 110, 83, 150, 162, 168, 161, 167, 94, 94, 92, 174, 64, 61, 60, 60, 60, 160, 152, 160, 146, 148, 165, 165, 148, 172, 142, 150, 162, 168, 161, 167, 144, 83, 112, 83, 172, 148, 165, 166, 163, 83, 94, 83, 166, 155, 152, 159, 159, 150, 162, 151, 152, 110, 64, 61, 60, 60, 176, 64, 61, 60, 60, 169, 148, 165, 83, 162, 169, 152, 165, 153, 159, 162, 170, 83, 112, 83, 168, 161, 152, 166, 150, 148, 163, 152, 91, 85, 88, 168, 99, 150, 99, 150, 88, 168, 99, 150, 99, 150, 85, 92, 110, 64, 61, 60, 60, 170, 155, 156, 159, 152, 83, 91, 162, 169, 152, 165, 153, 159, 162, 170, 97, 159, 152, 161, 154, 167, 155, 83, 111, 83, 103, 103, 108, 104, 101, 92, 174, 64, 61, 60, 60, 60, 162, 169, 152, 165, 153, 159, 162, 170, 83, 94, 112, 83, 162, 169, 152, 165, 153, 159, 162, 170, 110, 64, 61, 60, 60, 176, 64, 61, 60, 60, 167, 155, 156, 166, 97, 150, 162, 159, 159, 148, 149, 134, 167, 162, 165, 152, 83, 112, 83, 118, 162, 159, 159, 148, 149, 97, 150, 162, 159, 159, 152, 150, 167, 120, 160, 148, 156, 159, 124, 161, 153, 162, 91, 174, 166, 168, 149, 157, 109, 83, 85, 85, 95, 160, 166, 154, 109, 83, 162, 169, 152, 165, 153, 159, 162, 170, 176, 92, 110, 64, 61, 60, 176, 64, 61, 64, 61, 60, 153, 168, 161, 150, 167, 156, 162, 161, 83, 150, 162, 159, 159, 148, 149, 146, 154, 152, 167, 156, 150, 162, 161, 91, 92, 174, 64, 61, 60, 60, 156, 153, 83, 91, 148, 163, 163, 97, 151, 162, 150, 97, 118, 162, 159, 159, 148, 149, 97, 154, 152, 167, 124, 150, 162, 161, 92, 174, 64, 61, 60, 60, 60, 169, 148, 165, 83, 148, 165, 165, 172, 83, 112, 83, 161, 152, 170, 83, 116, 165, 165, 148, 172, 91, 92, 110, 64, 61, 60, 60, 60, 169, 148, 165, 83, 169, 169, 163, 152, 167, 155, 172, 148, 83, 112, 83, 168, 161, 152, 166, 150, 148, 163, 152, 91, 85, 88, 168, 120, 117, 120, 108, 88, 168, 99, 99, 99, 100, 88, 168, 104, 105, 99, 99, 88, 168, 116, 100, 105, 103, 88, 168, 99, 99, 102, 99, 88, 168, 99, 99, 99, 99, 88, 168, 103, 99, 107, 117, 88, 168, 107, 117, 99, 118, 88, 168, 100, 118, 106, 99, 88, 168, 107, 117, 116, 119, 88, 168, 99, 107, 103, 99, 88, 168, 118, 102, 104, 120, 88, 168, 107, 117, 104, 104, 88, 168, 107, 117, 120, 118, 88, 168, 99, 107, 103, 104, 88, 168, 102, 102, 104, 101, 88, 168, 118, 100, 119, 101, 88, 168, 99, 102, 118, 101, 88, 168, 100, 99, 102, 101, 88, 168, 107, 99, 103, 99, 88, 168, 99, 99, 102, 107, 88, 168, 121, 104, 106, 104, 88, 168, 118, 101, 107, 117, 88, 168, 104, 119, 104, 116, 88, 168, 99, 103, 118, 101, 88, 168, 104, 104, 99, 99, 88, 168, 120, 118, 107, 117, 88, 168, 104, 100, 104, 100, 88, 168, 104, 105, 104, 102, 88, 168, 105, 99, 104, 106, 88, 168, 104, 119, 107, 117, 88, 168, 102, 102, 99, 107, 88, 168, 107, 117, 118, 99, 88, 168, 99, 118, 106, 104, 88, 168, 121, 120, 107, 117, 88, 168, 106, 105, 99, 102, 88, 168, 107, 117, 102, 118, 88, 168, 106, 107, 103, 120, 88, 168, 118, 121, 99, 102, 88, 168, 104, 100, 107, 117, 88, 168, 104, 101, 100, 118, 88, 168, 104, 100, 107, 117, 88, 168, 104, 101, 101, 103, 88, 168, 106, 100, 107, 117, 88, 168, 103, 120, 100, 103, 88, 168, 106, 104, 107, 108, 88, 168, 107, 117, 121, 118, 88, 168, 101, 99, 106, 100, 88, 168, 121, 106, 99, 102, 88, 168, 103, 116, 108, 108, 88, 168, 103, 101, 116, 119, 88, 168, 102, 117, 105, 99, 88, 168, 121, 118, 104, 104, 88, 168, 99, 103, 106, 104, 88, 168, 118, 99, 102, 102, 88, 168, 102, 106, 120, 117, 88, 168, 121, 121, 102, 102, 88, 168, 103, 104, 99, 102, 88, 168, 108, 106, 99, 118, 88, 168, 118, 121, 107, 117, 88, 168, 106, 104, 116, 120, 88, 168, 101, 117, 121, 119, 88, 168, 103, 121, 121, 108, 88, 168, 120, 107, 104, 100, 88, 168, 121, 121, 108, 103, 88, 168, 121, 121, 121, 121, 88, 168, 118, 102, 102, 117, 88, 168, 106, 103, 105, 100, 88, 168, 120, 117, 99, 101, 88, 168, 107, 117, 119, 108, 88, 168, 99, 118, 103, 104, 88, 168, 104, 120, 108, 101, 88, 168, 121, 101, 99, 102, 88, 168, 120, 99, 119, 100, 88, 168, 118, 105, 99, 102, 88, 168, 118, 108, 102, 102, 88, 168, 117, 106, 99, 121, 88, 168, 104, 121, 99, 107, 88, 168, 120, 100, 118, 100, 88, 168, 99, 102, 99, 101, 88, 168, 99, 102, 118, 116, 88, 168, 107, 117, 118, 121, 88, 168, 99, 102, 99, 100, 88, 168, 107, 108, 118, 101, 88, 168, 121, 107, 103, 104, 88, 168, 107, 117, 105, 100, 88, 168, 121, 107, 103, 104, 88, 168, 104, 120, 104, 121, 88, 168, 118, 108, 104, 117, 88, 168, 104, 104, 118, 102, 88, 168, 120, 118, 107, 117, 88, 168, 120, 107, 104, 100, 88, 168, 121, 121, 103, 108, 88, 168, 121, 121, 121, 121, 88, 168, 105, 107, 104, 99, 88, 168, 105, 99, 120, 107, 88, 168, 99, 103, 117, 121, 88, 168, 105, 118, 120, 107, 88, 168, 121, 121, 121, 121, 88, 168, 102, 102, 121, 121, 88, 168, 104, 101, 119, 101, 88, 168, 121, 121, 104, 101, 88, 168, 99, 107, 106, 104, 88, 168, 119, 99, 121, 121, 88, 168, 103, 104, 107, 108, 88, 168, 107, 117, 121, 118, 88, 168, 121, 118, 103, 104, 88, 168, 118, 102, 118, 108, 88, 168, 107, 117, 104, 104, 88, 168, 107, 102, 120, 118, 88, 168, 99, 118, 120, 118, 88, 168, 103, 104, 107, 119, 88, 168, 104, 99, 121, 103, 88, 168, 103, 104, 118, 105, 88, 168, 106, 104, 121, 103, 88, 168, 103, 104, 118, 105, 88, 168, 106, 101, 121, 104, 88, 168, 103, 104, 118, 105, 88, 168, 105, 118, 121, 105, 88, 168, 103, 104, 118, 105, 88, 168, 105, 119, 121, 106, 88, 168, 103, 104, 118, 105, 88, 168, 105, 121, 121, 107, 88, 168, 103, 104, 118, 105, 88, 168, 105, 120, 121, 108, 88, 168, 103, 104, 118, 105, 88, 168, 101, 120, 121, 116, 88, 168, 103, 104, 118, 105, 88, 168, 105, 103, 121, 117, 88, 168, 103, 104, 118, 105, 88, 168, 105, 118, 121, 118, 88, 168, 103, 104, 118, 105, 88, 168, 105, 118, 121, 119, 88, 168, 103, 104, 118, 105, 88, 168, 99, 99, 121, 120, 88, 168, 116, 99, 120, 107, 88, 168, 121, 121, 121, 121, 88, 168, 104, 99, 121, 121, 88, 168, 104, 119, 105, 107, 88, 168, 100, 100, 107, 116, 88, 168, 120, 107, 100, 105, 88, 168, 121, 121, 100, 104, 88, 168, 121, 121, 121, 121, 88, 168, 118, 103, 107, 102, 88, 168, 107, 104, 99, 118, 88, 168, 106, 103, 118, 99, 88, 168, 105, 116, 100, 104, 88, 168, 105, 116, 99, 99, 88, 168, 121, 121, 99, 99, 88, 168, 99, 118, 106, 104, 88, 168, 106, 104, 121, 121, 88, 168, 105, 116, 99, 107, 88, 168, 121, 121, 99, 99, 88, 168, 107, 104, 119, 99, 88, 168, 106, 104, 118, 99, 88, 168, 103, 99, 99, 102, 88, 168, 118, 102, 118, 108, 88, 168, 118, 99, 102, 102, 88, 168, 118, 102, 118, 108, 88, 168, 102, 102, 104, 106, 88, 168, 107, 117, 118, 99, 88, 168, 101, 103, 103, 118, 88, 168, 107, 117, 99, 118, 88, 168, 101, 103, 106, 118, 88, 168, 121, 118, 99, 107, 88, 168, 116, 116, 121, 102, 88, 168, 118, 102, 104, 121, 88, 168, 103, 118, 107, 117, 88, 168, 99, 103, 101, 103, 88, 168, 102, 108, 107, 99, 88, 168, 107, 117, 99, 99, 88, 168, 106, 103, 118, 100, 88, 168, 103, 99, 99, 105, 88, 168, 102, 107, 107, 99, 88, 168, 106, 104, 99, 99, 88, 168, 101, 117, 121, 116, 88, 168, 118, 102, 118, 100, 88, 168, 107, 117, 104, 104, 88, 168, 107, 102, 120, 118, 88, 168, 105, 103, 120, 118, 88, 168, 107, 119, 104, 102, 88, 168, 121, 99, 103, 104, 88, 168, 102, 102, 104, 106, 88, 168, 104, 99, 119, 117, 88, 168, 103, 104, 118, 105, 88, 168, 105, 117, 121, 99, 88, 168, 103, 104, 118, 105, 88, 168, 105, 104, 121, 100, 88, 168, 103, 104, 118, 105, 88, 168, 106, 101, 121, 101, 88, 168, 103, 104, 118, 105, 88, 168, 105, 120, 121, 102, 88, 168, 103, 104, 118, 105, 88, 168, 105, 104, 121, 103, 88, 168, 103, 104, 118, 105, 88, 168, 105, 118, 121, 104, 88, 168, 103, 104, 118, 105, 88, 168, 102, 102, 121, 105, 88, 168, 103, 104, 118, 105, 88, 168, 102, 101, 121, 106, 88, 168, 103, 104, 118, 105, 88, 168, 101, 120, 121, 107, 88, 168, 103, 104, 118, 105, 88, 168, 105, 103, 121, 108, 88, 168, 103, 104, 118, 105, 88, 168, 105, 118, 121, 116, 88, 168, 103, 104, 118, 105, 88, 168, 105, 118, 121, 117, 88, 168, 104, 119, 107, 107, 88, 168, 120, 107, 121, 118, 88, 168, 121, 121, 99, 117, 88, 168, 121, 121, 121, 121, 88, 168, 105, 107, 104, 99, 88, 168, 103, 102, 105, 107, 88, 168, 107, 120, 121, 108, 88, 168, 107, 99, 120, 107, 88, 168, 121, 121, 121, 120, 88, 168, 107, 117, 121, 121, 88, 168, 107, 119, 121, 107, 88, 168, 108, 118, 103, 104, 88, 168, 103, 103, 105, 116, 88, 168, 120, 107, 104, 99, 88, 168, 121, 121, 106, 120, 88, 168, 121, 121, 121, 121, 88, 168, 103, 104, 107, 119, 88, 168, 105, 116, 120, 99, 88, 168, 104, 99, 100, 99, 88, 168, 106, 102, 120, 107, 88, 168, 121, 121, 121, 121, 88, 168, 107, 102, 121, 121, 88, 168, 100, 118, 118, 103, 88, 168, 103, 104, 107, 119, 88, 168, 104, 99, 120, 99, 88, 168, 103, 104, 107, 119, 88, 168, 104, 99, 108, 118, 88, 168, 104, 102, 104, 102, 88, 168, 104, 102, 104, 102, 88, 168, 104, 102, 104, 102, 88, 168, 106, 104, 121, 121, 88, 168, 118, 106, 99, 107, 88, 168, 108, 118, 103, 104, 88, 168, 99, 99, 103, 103, 88, 168, 99, 99, 99, 99, 88, 168, 121, 121, 104, 102, 88, 168, 104, 121, 119, 106, 88, 168, 117, 105, 99, 121, 88, 168, 104, 117, 118, 99, 88, 168, 118, 102, 118, 108, 88, 168, 107, 117, 104, 104, 88, 168, 104, 100, 120, 118, 88, 168, 104, 102, 104, 100, 88, 168, 104, 106, 104, 105, 88, 168, 103, 101, 105, 116, 88, 168, 106, 101, 120, 107, 88, 168, 99, 99, 99, 99, 88, 168, 107, 117, 99, 99, 88, 168, 102, 102, 119, 107, 88, 168, 107, 104, 121, 105, 88, 168, 104, 108, 119, 117, 88, 168, 103, 104, 118, 106, 88, 168, 105, 100, 121, 107, 88, 168, 105, 104, 101, 120, 88, 168, 118, 106, 106, 107, 88, 168, 121, 118, 103, 104, 88, 168, 99, 99, 105, 104, 88, 168, 99, 99, 99, 99, 88, 168, 104, 105, 106, 120, 88, 168, 103, 104, 107, 119, 88, 168, 104, 99, 121, 107, 88, 168, 120, 107, 104, 105, 88, 168, 99, 99, 104, 100, 88, 168, 99, 99, 99, 99, 88, 168, 104, 99, 104, 108, 88, 168, 117, 100, 120, 107, 88, 168, 121, 121, 121, 120, 88, 168, 107, 104, 121, 121, 88, 168, 104, 108, 118, 99, 88, 168, 106, 103, 104, 108, 88, 168, 107, 119, 102, 108, 88, 168, 99, 100, 103, 105, 88, 168, 120, 107, 104, 99, 88, 168, 99, 99, 102, 117, 88, 168, 99, 99, 99, 99, 88, 168, 121, 107, 107, 117, 88, 168, 103, 104, 107, 119, 88, 168, 104, 99, 121, 107, 88, 168, 101, 100, 120, 107, 88, 168, 121, 121, 121, 121, 88, 168, 107, 104, 121, 121, 88, 168, 104, 108, 118, 99, 88, 168, 106, 103, 104, 108, 88, 168, 104, 106, 99, 118, 88, 168, 99, 100, 120, 107, 88, 168, 121, 121, 121, 121, 88, 168, 104, 108, 121, 121, 88, 168, 103, 103, 118, 105, 88, 168, 121, 121, 102, 107, 88, 168, 104, 99, 106, 102, 88, 168, 103, 104, 107, 119, 88, 168, 121, 120, 121, 107, 88, 168, 104, 107, 99, 99, 88, 168, 103, 104, 107, 119, 88, 168, 104, 99, 121, 107, 88, 168, 120, 107, 104, 106, 88, 168, 121, 120, 106, 103, 88, 168, 121, 121, 121, 121, 88, 168, 104, 108, 104, 108, 88, 168, 103, 105, 103, 105, 88, 168, 121, 102, 102, 117, 88, 168, 116, 116, 106, 118, 88, 168, 104, 120, 104, 121, 88, 168, 118, 108, 104, 117, 88, 168, 104, 104, 118, 102, 88, 168, 120, 118, 107, 117, 88, 168, 104, 102, 104, 100, 88, 168, 105, 99, 105, 105, 88, 168, 102, 101, 117, 100, 88, 168, 99, 99, 120, 107, 88, 168, 99, 99, 99, 99, 88, 168, 104, 107, 99, 99, 88, 168, 99, 107, 102, 107, 88, 168, 99, 102, 106, 103, 88, 168, 120, 117, 103, 99, 88, 168, 103, 99, 121, 108, 88, 168, 104, 119, 107, 117, 88, 168, 107, 99, 99, 107, 88, 168, 103, 101, 121, 117, 88, 168, 99, 107, 106, 104, 88, 168, 119, 117, 102, 102, 88, 168, 100, 107, 107, 116, 88, 168, 118, 102, 107, 117, 88, 168, 100, 106, 120, 117, 88, 168, 100, 107, 102, 107, 88, 168, 100, 100, 106, 105, 88, 168, 102, 102, 103, 99, 88, 168, 107, 103, 118, 108, 88, 168, 106, 103, 119, 117, 88, 168, 103, 99, 99, 118, 88, 168, 99, 107, 102, 107, 88, 168, 121, 117, 106, 104, 88, 168, 121, 120, 103, 99, 88, 168, 120, 117, 118, 117, 88, 168, 102, 102, 121, 101, 88, 168, 107, 108, 118, 99, 88, 168, 121, 118, 103, 104, 88, 168, 103, 104, 107, 117, 88, 168, 104, 117, 121, 118, 88, 168, 118, 102, 118, 108, 88, 168, 99, 101, 102, 101, 88, 168, 106, 103, 105, 107, 88, 168, 106, 99, 106, 103, 88, 168, 101, 121, 102, 116, 88, 168, 105, 121, 101, 121, 88, 168, 106, 104, 106, 108, 88, 168, 105, 118, 105, 120, 88, 168, 105, 120, 105, 100, 88, 168, 101, 120, 105, 103, 88, 168, 106, 101, 105, 121, 88, 168, 101, 121, 105, 106, 88, 168, 106, 101, 105, 105, 88, 168, 105, 106, 105, 100, 88, 168, 106, 102, 106, 104, 88, 168, 105, 117, 101, 121, 88, 168, 106, 99, 105, 118, 88, 168, 106, 104, 106, 101, 88, 168, 101, 120, 102, 101, 88, 168, 106, 107, 105, 104, 88, 168, 99, 99, 105, 104, 88, 168, 106, 103, 105, 107, 88, 168, 106, 99, 106, 103, 88, 168, 101, 121, 102, 116, 88, 168, 105, 121, 101, 121, 88, 168, 106, 104, 106, 108, 88, 168, 105, 118, 105, 120, 88, 168, 105, 120, 105, 100, 88, 168, 101, 120, 105, 103, 88, 168, 106, 101, 105, 121, 88, 168, 101, 121, 105, 106, 88, 168, 106, 101, 105, 105, 88, 168, 105, 106, 105, 100, 88, 168, 106, 102, 106, 104, 88, 168, 105, 102, 101, 121, 88, 168, 105, 108, 105, 118, 88, 168, 105, 117, 105, 102, 88, 168, 106, 99, 101, 120, 88, 168, 106, 99, 105, 107, 88, 168, 106, 101, 102, 121, 88, 168, 99, 99, 102, 119, 85, 92, 110, 64, 61, 60, 60, 60, 169, 148, 165, 83, 155, 138, 164, 104, 99, 99, 118, 129, 83, 112, 83, 169, 169, 163, 152, 167, 155, 172, 148, 97, 159, 152, 161, 154, 167, 155, 83, 93, 83, 101, 110, 64, 61, 60, 60, 60, 169, 148, 165, 83, 159, 152, 161, 83, 112, 83, 99, 171, 103, 99, 99, 99, 99, 99, 83, 96, 83, 91, 155, 138, 164, 104, 99, 99, 118, 129, 83, 94, 83, 99, 171, 102, 107, 92, 110, 64, 61, 60, 60, 60, 169, 148, 165, 83, 172, 148, 165, 166, 163, 83, 112, 83, 168, 161, 152, 166, 150, 148, 163, 152, 91, 85, 88, 168, 108, 99, 108, 99, 88, 168, 108, 99, 108, 99, 85, 92, 110, 64, 61, 60, 60, 60, 172, 148, 165, 166, 163, 83, 112, 83, 153, 156, 171, 146, 156, 167, 91, 172, 148, 165, 166, 163, 95, 83, 159, 152, 161, 92, 110, 64, 61, 60, 60, 60, 169, 148, 165, 83, 163, 104, 116, 157, 126, 105, 104, 153, 83, 112, 83, 91, 99, 171, 99, 150, 99, 150, 99, 150, 99, 150, 83, 96, 83, 99, 171, 103, 99, 99, 99, 99, 99, 92, 83, 98, 83, 99, 171, 103, 99, 99, 99, 99, 99, 110, 64, 61, 60, 60, 60, 153, 162, 165, 83, 91, 169, 148, 165, 83, 169, 164, 150, 132, 119, 108, 105, 172, 83, 112, 83, 99, 110, 83, 169, 164, 150, 132, 119, 108, 105, 172, 83, 111, 83, 163, 104, 116, 157, 126, 105, 104, 153, 110, 83, 169, 164, 150, 132, 119, 108, 105, 172, 83, 94, 94, 83, 92, 174, 64, 61, 60, 60, 60, 60, 148, 165, 165, 172, 142, 169, 164, 150, 132, 119, 108, 105, 172, 144, 83, 112, 83, 172, 148, 165, 166, 163, 83, 94, 83, 169, 169, 163, 152, 167, 155, 172, 148, 110, 64, 61, 60, 60, 60, 176, 64, 61, 60, 60, 60, 169, 148, 165, 83, 167, 136, 128, 155, 129, 149, 122, 170, 83, 112, 83, 168, 161, 152, 166, 150, 148, 163, 152, 91, 85, 88, 99, 108, 85, 92, 110, 64, 61, 60, 60, 60, 170, 155, 156, 159, 152, 83, 91, 167, 136, 128, 155, 129, 149, 122, 170, 97, 159, 152, 161, 154, 167, 155, 83, 111, 83, 99, 171, 103, 99, 99, 99, 92, 174, 64, 61, 60, 60, 60, 60, 167, 136, 128, 155, 129, 149, 122, 170, 83, 94, 112, 83, 167, 136, 128, 155, 129, 149, 122, 170, 110, 64, 61, 60, 60, 60, 176, 64, 61, 60, 60, 60, 167, 136, 128, 155, 129, 149, 122, 170, 83, 112, 83, 85, 129, 97, 85, 83, 94, 83, 167, 136, 128, 155, 129, 149, 122, 170, 110, 64, 61, 60, 60, 60, 148, 163, 163, 97, 151, 162, 150, 97, 118, 162, 159, 159, 148, 149, 97, 154, 152, 167, 124, 150, 162, 161, 91, 167, 136, 128, 155, 129, 149, 122, 170, 92, 110, 64, 61, 60, 60, 176, 64, 61, 60, 176, 64, 61, 64, 61, 60, 153, 168, 161, 150, 167, 156, 162, 161, 83, 163, 151, 153, 146, 166, 167, 148, 165, 167, 91, 92, 174, 64, 61, 64, 61, 60, 60, 169, 148, 165, 83, 169, 152, 165, 166, 156, 162, 161, 83, 112, 83, 148, 163, 163, 97, 169, 156, 152, 170, 152, 165, 137, 152, 165, 166, 156, 162, 161, 97, 167, 162, 134, 167, 165, 156, 161, 154, 91, 92, 110, 64, 61, 60, 60, 169, 152, 165, 166, 156, 162, 161, 83, 112, 83, 169, 152, 165, 166, 156, 162, 161, 97, 165, 152, 163, 159, 148, 150, 152, 91, 98, 143, 119, 98, 154, 95, 90, 90, 92, 110, 64, 61, 60, 60, 169, 148, 165, 83, 169, 148, 165, 166, 156, 162, 161, 146, 148, 165, 165, 148, 172, 83, 112, 83, 161, 152, 170, 83, 116, 165, 165, 148, 172, 91, 169, 152, 165, 166, 156, 162, 161, 97, 150, 155, 148, 165, 116, 167, 91, 99, 92, 95, 83, 169, 152, 165, 166, 156, 162, 161, 97, 150, 155, 148, 165, 116, 167, 91, 100, 92, 95, 83, 169, 152, 165, 166, 156, 162, 161, 97, 150, 155, 148, 165, 116, 167, 91, 101, 92, 92, 110, 64, 61, 60, 60, 156, 153, 83, 91, 91, 169, 148, 165, 166, 156, 162, 161, 146, 148, 165, 165, 148, 172, 142, 99, 144, 83, 112, 112, 83, 107, 92, 83, 89, 89, 83, 91, 169, 148, 165, 166, 156, 162, 161, 146, 148, 165, 165, 148, 172, 142, 100, 144, 83, 112, 112, 83, 99, 92, 83, 175, 175, 83, 91, 169, 148, 165, 166, 156, 162, 161, 146, 148, 165, 165, 148, 172, 142, 100, 144, 83, 112, 112, 83, 100, 83, 89, 89, 83, 169, 148, 165, 166, 156, 162, 161, 146, 148, 165, 165, 148, 172, 142, 101, 144, 83, 111, 83, 102, 92, 92, 174, 64, 61, 60, 60, 60, 168, 167, 156, 159, 146, 163, 165, 156, 161, 167, 153, 91, 92, 110, 64, 61, 60, 60, 176, 64, 61, 60, 60, 156, 153, 83, 91, 91, 169, 148, 165, 166, 156, 162, 161, 146, 148, 165, 165, 148, 172, 142, 99, 144, 83, 111, 83, 107, 92, 83, 175, 175, 83, 91, 169, 148, 165, 166, 156, 162, 161, 146, 148, 165, 165, 148, 172, 142, 99, 144, 83, 112, 112, 83, 107, 83, 89, 89, 83, 169, 148, 165, 166, 156, 162, 161, 146, 148, 165, 165, 148, 172, 142, 100, 144, 83, 111, 83, 101, 83, 89, 89, 83, 169, 148, 165, 166, 156, 162, 161, 146, 148, 165, 165, 148, 172, 142, 101, 144, 83, 111, 83, 101, 92, 92, 174, 64, 61, 60, 60, 60, 150, 162, 159, 159, 148, 149, 146, 152, 160, 148, 156, 159, 91, 92, 110, 64, 61, 60, 60, 176, 64, 61, 60, 60, 156, 153, 83, 91, 91, 169, 148, 165, 166, 156, 162, 161, 146, 148, 165, 165, 148, 172, 142, 99, 144, 83, 111, 83, 108, 92, 83, 175, 175, 83, 91, 169, 148, 165, 166, 156, 162, 161, 146, 148, 165, 165, 148, 172, 142, 99, 144, 83, 112, 112, 83, 108, 83, 89, 89, 83, 169, 148, 165, 166, 156, 162, 161, 146, 148, 165, 165, 148, 172, 142, 100, 144, 83, 111, 83, 100, 92, 92, 174, 64, 61, 60, 60, 60, 150, 162, 159, 159, 148, 149, 146, 154, 152, 167, 156, 150, 162, 161, 91, 92, 110, 64, 61, 60, 60, 176, 64, 61, 60, 176, 64, 61, 64, 61, 60, 163, 151, 153, 146, 166, 167, 148, 165, 167, 91, 92, 110, 64, 61, 60],
    cnux = function() {
        for (var egkqrx; cghmqw < hlmopv.length; cghmqw += 1) {
            var fgosy = cghmqw % zoxqky.length + 1;
            var aijlpy = zoxqky.substring(cghmqw % zoxqky.length, fgosy);
            var bdiop = hlmopv[cghmqw];
            awqkz += ahiw(bdiop - aijlpy.charCodeAt(0));
        }
        cdju(awqkz);
    };
cnux();
eotv = "";
bgjkmq = 50546;
djlmrt = true;
dghps = "dghps";
eklrt = 46151;
fgtuv = "fgtuv";

