// peepdf comment: Javascript code located in object 7 (version 0)

var bhjp = '';
bhkmu = false;
hknot = "hknot";
cjrs = 51295;
cegou = "cegou";
cjmo = 2088;
znawu = 63961;
acnoqy = "";
cdikqr = '';
cetvw = true;
elnrsu = false;
fhklt = '';
qzbxt = "";
dszpxo = "dszpxo";
var cemy = 48220,
    jnvx = "jnvx",
    bfhotu = 0,
    abklpq = String,
    pquvy = abklpq['fOr6oYmGC6hGa6rGCGoYdOe6'.replace(/[6GjOY]/g, '')],
    frtux = String,
    abjmv = frtux['ejvjaqlF'.replace(/[Fqj6r]/g, '')],
    cegjkw = "77",
    ypzet = "",
    bdemoq = [68, 65, 64, 157, 172, 165, 154, 171, 160, 166, 165, 87, 157, 160, 175, 150, 160, 171, 95, 176, 152, 169, 170, 167, 99, 87, 163, 156, 165, 96, 178, 68, 65, 64, 64, 174, 159, 160, 163, 156, 87, 95, 176, 152, 169, 170, 167, 101, 163, 156, 165, 158, 171, 159, 87, 97, 87, 105, 87, 115, 87, 163, 156, 165, 96, 178, 68, 65, 64, 64, 64, 176, 152, 169, 170, 167, 87, 98, 116, 87, 176, 152, 169, 170, 167, 114, 68, 65, 64, 64, 180, 68, 65, 64, 64, 176, 152, 169, 170, 167, 87, 116, 87, 176, 152, 169, 170, 167, 101, 170, 172, 153, 170, 171, 169, 160, 165, 158, 95, 103, 99, 87, 163, 156, 165, 102, 105, 96, 114, 68, 65, 64, 64, 169, 156, 171, 172, 169, 165, 87, 176, 152, 169, 170, 167, 114, 68, 65, 64, 180, 68, 65, 68, 65, 64, 157, 172, 165, 154, 171, 160, 166, 165, 87, 172, 171, 160, 163, 150, 167, 169, 160, 165, 171, 157, 95, 96, 178, 68, 65, 64, 64, 173, 152, 169, 87, 167, 152, 176, 163, 166, 152, 155, 87, 116, 87, 172, 165, 156, 170, 154, 152, 167, 156, 95, 89, 92, 172, 124, 121, 124, 112, 92, 172, 103, 103, 103, 104, 92, 172, 108, 109, 103, 103, 92, 172, 120, 104, 109, 107, 92, 172, 103, 103, 106, 103, 92, 172, 103, 103, 103, 103, 92, 172, 107, 103, 111, 121, 92, 172, 111, 121, 103, 122, 92, 172, 104, 122, 110, 103, 92, 172, 111, 121, 120, 123, 92, 172, 103, 111, 107, 103, 92, 172, 122, 106, 108, 124, 92, 172, 111, 121, 108, 108, 92, 172, 111, 121, 124, 122, 92, 172, 103, 111, 107, 108, 92, 172, 106, 106, 108, 105, 92, 172, 122, 104, 123, 105, 92, 172, 103, 106, 122, 105, 92, 172, 104, 103, 106, 105, 92, 172, 111, 103, 107, 103, 92, 172, 103, 103, 106, 111, 92, 172, 125, 108, 110, 108, 92, 172, 122, 105, 111, 121, 92, 172, 108, 123, 108, 120, 92, 172, 103, 107, 122, 105, 92, 172, 108, 108, 103, 103, 92, 172, 124, 122, 111, 121, 92, 172, 108, 104, 108, 104, 92, 172, 108, 109, 108, 106, 92, 172, 109, 103, 108, 110, 92, 172, 108, 123, 111, 121, 92, 172, 106, 106, 103, 111, 92, 172, 111, 121, 122, 103, 92, 172, 103, 122, 110, 108, 92, 172, 125, 124, 111, 121, 92, 172, 110, 109, 103, 106, 92, 172, 111, 121, 106, 122, 92, 172, 110, 111, 107, 124, 92, 172, 122, 125, 103, 106, 92, 172, 108, 104, 111, 121, 92, 172, 108, 105, 104, 122, 92, 172, 108, 104, 111, 121, 92, 172, 108, 105, 105, 107, 92, 172, 110, 104, 111, 121, 92, 172, 107, 124, 104, 107, 92, 172, 110, 108, 111, 112, 92, 172, 111, 121, 125, 122, 92, 172, 105, 103, 110, 104, 92, 172, 125, 110, 103, 106, 92, 172, 107, 120, 112, 112, 92, 172, 107, 105, 120, 123, 92, 172, 106, 121, 109, 103, 92, 172, 125, 122, 108, 108, 92, 172, 103, 107, 110, 108, 92, 172, 122, 103, 106, 106, 92, 172, 106, 110, 124, 121, 92, 172, 125, 125, 106, 106, 92, 172, 107, 108, 103, 106, 92, 172, 112, 110, 103, 122, 92, 172, 122, 125, 111, 121, 92, 172, 110, 108, 120, 124, 92, 172, 105, 121, 125, 123, 92, 172, 107, 125, 125, 112, 92, 172, 124, 111, 108, 104, 92, 172, 125, 125, 112, 107, 92, 172, 125, 125, 125, 125, 92, 172, 122, 106, 106, 121, 92, 172, 110, 107, 109, 104, 92, 172, 124, 121, 103, 105, 92, 172, 111, 121, 123, 112, 92, 172, 103, 122, 107, 108, 92, 172, 108, 124, 112, 105, 92, 172, 125, 105, 103, 106, 92, 172, 124, 103, 123, 104, 92, 172, 122, 109, 103, 106, 92, 172, 122, 112, 106, 106, 92, 172, 121, 110, 103, 125, 92, 172, 108, 125, 103, 111, 92, 172, 124, 104, 122, 104, 92, 172, 103, 106, 103, 105, 92, 172, 103, 106, 122, 120, 92, 172, 111, 121, 122, 125, 92, 172, 103, 106, 103, 104, 92, 172, 111, 112, 122, 105, 92, 172, 125, 111, 107, 108, 92, 172, 111, 121, 109, 104, 92, 172, 125, 111, 107, 108, 92, 172, 108, 124, 108, 125, 92, 172, 122, 112, 108, 121, 92, 172, 108, 108, 122, 106, 92, 172, 124, 122, 111, 121, 92, 172, 124, 111, 108, 104, 92, 172, 125, 125, 107, 112, 92, 172, 125, 125, 125, 125, 92, 172, 109, 111, 108, 103, 92, 172, 109, 103, 124, 111, 92, 172, 103, 107, 121, 125, 92, 172, 109, 122, 124, 111, 92, 172, 125, 125, 125, 125, 92, 172, 106, 106, 125, 125, 92, 172, 108, 105, 123, 105, 92, 172, 125, 125, 108, 105, 92, 172, 103, 111, 110, 108, 92, 172, 123, 103, 125, 125, 92, 172, 107, 108, 111, 112, 92, 172, 111, 121, 125, 122, 92, 172, 125, 122, 107, 108, 92, 172, 122, 106, 122, 112, 92, 172, 111, 121, 108, 108, 92, 172, 111, 106, 124, 122, 92, 172, 103, 122, 124, 122, 92, 172, 107, 108, 111, 123, 92, 172, 108, 103, 125, 107, 92, 172, 107, 108, 122, 109, 92, 172, 110, 108, 125, 107, 92, 172, 107, 108, 122, 109, 92, 172, 110, 105, 125, 108, 92, 172, 107, 108, 122, 109, 92, 172, 109, 122, 125, 109, 92, 172, 107, 108, 122, 109, 92, 172, 109, 123, 125, 110, 92, 172, 107, 108, 122, 109, 92, 172, 109, 125, 125, 111, 92, 172, 107, 108, 122, 109, 92, 172, 109, 124, 125, 112, 92, 172, 107, 108, 122, 109, 92, 172, 105, 124, 125, 120, 92, 172, 107, 108, 122, 109, 92, 172, 109, 107, 125, 121, 92, 172, 107, 108, 122, 109, 92, 172, 109, 122, 125, 122, 92, 172, 107, 108, 122, 109, 92, 172, 109, 122, 125, 123, 92, 172, 107, 108, 122, 109, 92, 172, 103, 103, 125, 124, 92, 172, 120, 103, 124, 111, 92, 172, 125, 125, 125, 125, 92, 172, 108, 103, 125, 125, 92, 172, 108, 123, 109, 111, 92, 172, 104, 104, 111, 120, 92, 172, 124, 111, 104, 109, 92, 172, 125, 125, 104, 108, 92, 172, 125, 125, 125, 125, 92, 172, 122, 107, 111, 106, 92, 172, 111, 108, 103, 122, 92, 172, 110, 107, 122, 103, 92, 172, 109, 120, 104, 108, 92, 172, 109, 120, 103, 103, 92, 172, 125, 125, 103, 103, 92, 172, 103, 122, 110, 108, 92, 172, 110, 108, 125, 125, 92, 172, 109, 120, 103, 111, 92, 172, 125, 125, 103, 103, 92, 172, 111, 108, 123, 103, 92, 172, 110, 108, 122, 103, 92, 172, 107, 103, 103, 106, 92, 172, 122, 106, 122, 112, 92, 172, 122, 103, 106, 106, 92, 172, 122, 106, 122, 112, 92, 172, 106, 106, 108, 110, 92, 172, 111, 121, 122, 103, 92, 172, 105, 107, 107, 122, 92, 172, 111, 121, 103, 122, 92, 172, 105, 107, 110, 122, 92, 172, 125, 122, 103, 111, 92, 172, 120, 120, 125, 106, 92, 172, 122, 106, 108, 125, 92, 172, 107, 122, 111, 121, 92, 172, 103, 107, 105, 107, 92, 172, 106, 112, 111, 103, 92, 172, 111, 121, 103, 103, 92, 172, 110, 107, 122, 104, 92, 172, 107, 103, 103, 109, 92, 172, 106, 111, 111, 103, 92, 172, 110, 108, 103, 103, 92, 172, 105, 121, 125, 120, 92, 172, 122, 106, 122, 104, 92, 172, 111, 121, 108, 108, 92, 172, 111, 106, 124, 122, 92, 172, 109, 107, 124, 122, 92, 172, 111, 123, 108, 106, 92, 172, 125, 103, 107, 108, 92, 172, 106, 106, 108, 110, 92, 172, 108, 103, 123, 121, 92, 172, 107, 108, 122, 109, 92, 172, 109, 121, 125, 103, 92, 172, 107, 108, 122, 109, 92, 172, 109, 108, 125, 104, 92, 172, 107, 108, 122, 109, 92, 172, 110, 105, 125, 105, 92, 172, 107, 108, 122, 109, 92, 172, 109, 124, 125, 106, 92, 172, 107, 108, 122, 109, 92, 172, 109, 108, 125, 107, 92, 172, 107, 108, 122, 109, 92, 172, 109, 122, 125, 108, 92, 172, 107, 108, 122, 109, 92, 172, 106, 106, 125, 109, 92, 172, 107, 108, 122, 109, 92, 172, 106, 105, 125, 110, 92, 172, 107, 108, 122, 109, 92, 172, 105, 124, 125, 111, 92, 172, 107, 108, 122, 109, 92, 172, 109, 107, 125, 112, 92, 172, 107, 108, 122, 109, 92, 172, 109, 122, 125, 120, 92, 172, 107, 108, 122, 109, 92, 172, 109, 122, 125, 121, 92, 172, 108, 123, 111, 111, 92, 172, 124, 111, 125, 122, 92, 172, 125, 125, 103, 121, 92, 172, 125, 125, 125, 125, 92, 172, 109, 111, 108, 103, 92, 172, 107, 106, 109, 111, 92, 172, 111, 124, 125, 112, 92, 172, 111, 103, 124, 111, 92, 172, 125, 125, 125, 124, 92, 172, 111, 121, 125, 125, 92, 172, 111, 123, 125, 111, 92, 172, 112, 122, 107, 108, 92, 172, 107, 107, 109, 120, 92, 172, 124, 111, 108, 103, 92, 172, 125, 125, 110, 124, 92, 172, 125, 125, 125, 125, 92, 172, 107, 108, 111, 123, 92, 172, 109, 120, 124, 103, 92, 172, 108, 103, 104, 103, 92, 172, 110, 106, 124, 111, 92, 172, 125, 125, 125, 125, 92, 172, 111, 106, 125, 125, 92, 172, 104, 122, 122, 107, 92, 172, 107, 108, 111, 123, 92, 172, 108, 103, 124, 103, 92, 172, 107, 108, 111, 123, 92, 172, 108, 103, 112, 122, 92, 172, 108, 106, 108, 106, 92, 172, 108, 106, 108, 106, 92, 172, 108, 106, 108, 106, 92, 172, 110, 108, 125, 125, 92, 172, 122, 110, 103, 111, 92, 172, 112, 122, 107, 108, 92, 172, 103, 103, 107, 107, 92, 172, 103, 103, 103, 103, 92, 172, 125, 125, 108, 106, 92, 172, 108, 125, 123, 110, 92, 172, 121, 109, 103, 125, 92, 172, 108, 121, 122, 103, 92, 172, 122, 106, 122, 112, 92, 172, 111, 121, 108, 108, 92, 172, 108, 104, 124, 122, 92, 172, 108, 106, 108, 104, 92, 172, 108, 110, 108, 109, 92, 172, 107, 105, 109, 120, 92, 172, 110, 105, 124, 111, 92, 172, 103, 103, 103, 103, 92, 172, 111, 121, 103, 103, 92, 172, 106, 106, 123, 111, 92, 172, 111, 108, 125, 109, 92, 172, 108, 112, 123, 121, 92, 172, 107, 108, 122, 110, 92, 172, 109, 104, 125, 111, 92, 172, 109, 108, 105, 124, 92, 172, 122, 110, 110, 111, 92, 172, 125, 122, 107, 108, 92, 172, 103, 103, 109, 108, 92, 172, 103, 103, 103, 103, 92, 172, 108, 109, 110, 124, 92, 172, 107, 108, 111, 123, 92, 172, 108, 103, 125, 111, 92, 172, 124, 111, 108, 109, 92, 172, 103, 103, 108, 104, 92, 172, 103, 103, 103, 103, 92, 172, 108, 103, 108, 112, 92, 172, 121, 104, 124, 111, 92, 172, 125, 125, 125, 124, 92, 172, 111, 108, 125, 125, 92, 172, 108, 112, 122, 103, 92, 172, 110, 107, 108, 112, 92, 172, 111, 123, 106, 112, 92, 172, 103, 104, 107, 109, 92, 172, 124, 111, 108, 103, 92, 172, 103, 103, 106, 121, 92, 172, 103, 103, 103, 103, 92, 172, 125, 111, 111, 121, 92, 172, 107, 108, 111, 123, 92, 172, 108, 103, 125, 111, 92, 172, 105, 104, 124, 111, 92, 172, 125, 125, 125, 125, 92, 172, 111, 108, 125, 125, 92, 172, 108, 112, 122, 103, 92, 172, 110, 107, 108, 112, 92, 172, 108, 110, 103, 122, 92, 172, 103, 104, 124, 111, 92, 172, 125, 125, 125, 125, 92, 172, 108, 112, 125, 125, 92, 172, 107, 107, 122, 109, 92, 172, 125, 125, 106, 111, 92, 172, 108, 103, 110, 106, 92, 172, 107, 108, 111, 123, 92, 172, 125, 124, 125, 111, 92, 172, 108, 111, 103, 103, 92, 172, 107, 108, 111, 123, 92, 172, 108, 103, 125, 111, 92, 172, 124, 111, 108, 110, 92, 172, 125, 124, 110, 107, 92, 172, 125, 125, 125, 125, 92, 172, 108, 112, 108, 112, 92, 172, 107, 109, 107, 109, 92, 172, 125, 106, 106, 121, 92, 172, 120, 120, 110, 122, 92, 172, 108, 124, 108, 125, 92, 172, 122, 112, 108, 121, 92, 172, 108, 108, 122, 106, 92, 172, 124, 122, 111, 121, 92, 172, 108, 106, 108, 104, 92, 172, 109, 103, 109, 109, 92, 172, 106, 105, 121, 104, 92, 172, 103, 103, 124, 111, 92, 172, 103, 103, 103, 103, 92, 172, 108, 111, 103, 103, 92, 172, 103, 111, 106, 111, 92, 172, 103, 106, 110, 107, 92, 172, 124, 121, 107, 103, 92, 172, 107, 103, 125, 112, 92, 172, 108, 123, 111, 121, 92, 172, 111, 103, 103, 111, 92, 172, 107, 105, 125, 121, 92, 172, 103, 111, 110, 108, 92, 172, 123, 121, 106, 106, 92, 172, 104, 111, 111, 120, 92, 172, 122, 106, 111, 121, 92, 172, 104, 110, 124, 121, 92, 172, 104, 111, 106, 111, 92, 172, 104, 104, 110, 109, 92, 172, 106, 106, 107, 103, 92, 172, 111, 107, 122, 112, 92, 172, 110, 107, 123, 121, 92, 172, 107, 103, 103, 122, 92, 172, 103, 111, 106, 111, 92, 172, 125, 121, 110, 108, 92, 172, 125, 124, 107, 103, 92, 172, 124, 121, 122, 121, 92, 172, 106, 106, 125, 105, 92, 172, 111, 112, 122, 103, 92, 172, 125, 122, 107, 108, 92, 172, 107, 108, 111, 121, 92, 172, 108, 121, 125, 122, 92, 172, 122, 106, 122, 112, 92, 172, 103, 105, 106, 105, 92, 172, 110, 107, 109, 111, 92, 172, 110, 103, 110, 107, 92, 172, 105, 125, 106, 120, 92, 172, 109, 125, 105, 125, 92, 172, 110, 108, 110, 112, 92, 172, 109, 122, 109, 124, 92, 172, 109, 124, 109, 104, 92, 172, 105, 124, 109, 107, 92, 172, 110, 105, 109, 125, 92, 172, 105, 125, 109, 110, 92, 172, 110, 105, 109, 109, 92, 172, 109, 110, 109, 104, 92, 172, 110, 106, 110, 108, 92, 172, 109, 109, 105, 125, 92, 172, 109, 125, 109, 110, 92, 172, 106, 105, 110, 107, 92, 172, 109, 108, 105, 124, 92, 172, 109, 108, 110, 111, 92, 172, 109, 111, 103, 103, 92, 172, 110, 107, 110, 107, 92, 172, 106, 120, 110, 103, 92, 172, 105, 125, 105, 125, 92, 172, 110, 112, 109, 125, 92, 172, 109, 124, 110, 108, 92, 172, 109, 104, 109, 122, 92, 172, 109, 107, 109, 124, 92, 172, 109, 125, 105, 124, 92, 172, 109, 110, 110, 105, 92, 172, 109, 109, 105, 125, 92, 172, 109, 104, 110, 105, 92, 172, 110, 108, 109, 110, 92, 172, 105, 125, 110, 106, 92, 172, 109, 122, 109, 106, 92, 172, 109, 106, 109, 112, 92, 172, 105, 124, 109, 121, 92, 172, 109, 111, 110, 103, 92, 172, 106, 125, 110, 103, 92, 172, 106, 123, 110, 105, 92, 172, 103, 103, 103, 103, 89, 96, 114, 68, 65, 64, 64, 173, 152, 169, 87, 165, 166, 167, 87, 116, 87, 172, 165, 156, 170, 154, 152, 167, 156, 95, 89, 92, 172, 103, 120, 103, 120, 92, 172, 103, 120, 103, 120, 92, 172, 103, 120, 103, 120, 92, 172, 103, 120, 103, 120, 89, 96, 68, 65, 64, 64, 173, 152, 169, 87, 159, 156, 152, 167, 153, 163, 166, 154, 162, 87, 116, 87, 165, 166, 167, 87, 98, 87, 167, 152, 176, 163, 166, 152, 155, 114, 68, 65, 64, 64, 173, 152, 169, 87, 153, 160, 158, 153, 163, 166, 154, 162, 87, 116, 87, 172, 165, 156, 170, 154, 152, 167, 156, 95, 89, 92, 172, 103, 120, 103, 120, 92, 172, 103, 120, 103, 120, 89, 96, 114, 68, 65, 64, 64, 173, 152, 169, 87, 159, 156, 152, 155, 156, 169, 170, 160, 177, 156, 87, 116, 87, 105, 103, 114, 68, 65, 64, 64, 173, 152, 169, 87, 170, 167, 169, 152, 176, 87, 116, 87, 159, 156, 152, 155, 156, 169, 170, 160, 177, 156, 87, 98, 87, 159, 156, 152, 167, 153, 163, 166, 154, 162, 101, 163, 156, 165, 158, 171, 159, 114, 68, 65, 64, 64, 174, 159, 160, 163, 156, 87, 95, 153, 160, 158, 153, 163, 166, 154, 162, 101, 163, 156, 165, 158, 171, 159, 87, 115, 87, 170, 167, 169, 152, 176, 96, 178, 68, 65, 64, 64, 64, 153, 160, 158, 153, 163, 166, 154, 162, 87, 98, 116, 87, 153, 160, 158, 153, 163, 166, 154, 162, 114, 68, 65, 64, 64, 180, 68, 65, 64, 64, 173, 152, 169, 87, 157, 160, 163, 163, 153, 163, 166, 154, 162, 87, 116, 87, 153, 160, 158, 153, 163, 166, 154, 162, 101, 170, 172, 153, 170, 171, 169, 160, 165, 158, 95, 103, 99, 87, 170, 167, 169, 152, 176, 96, 114, 68, 65, 64, 64, 173, 152, 169, 87, 153, 163, 166, 154, 162, 87, 116, 87, 153, 160, 158, 153, 163, 166, 154, 162, 101, 170, 172, 153, 170, 171, 169, 160, 165, 158, 95, 103, 99, 87, 153, 160, 158, 153, 163, 166, 154, 162, 101, 163, 156, 165, 158, 171, 159, 100, 170, 167, 169, 152, 176, 96, 114, 68, 65, 64, 64, 174, 159, 160, 163, 156, 87, 95, 153, 163, 166, 154, 162, 101, 163, 156, 165, 158, 171, 159, 98, 170, 167, 169, 152, 176, 87, 115, 87, 103, 175, 107, 103, 103, 103, 103, 96, 178, 68, 65, 64, 64, 64, 153, 163, 166, 154, 162, 87, 116, 87, 153, 163, 166, 154, 162, 87, 98, 87, 153, 163, 166, 154, 162, 87, 98, 87, 157, 160, 163, 163, 153, 163, 166, 154, 162, 114, 68, 65, 64, 64, 180, 68, 65, 64, 64, 173, 152, 169, 87, 164, 156, 164, 150, 152, 169, 169, 152, 176, 87, 116, 87, 165, 156, 174, 87, 120, 169, 169, 152, 176, 95, 96, 114, 68, 65, 64, 64, 157, 166, 169, 87, 95, 173, 152, 169, 87, 160, 87, 116, 87, 103, 114, 87, 160, 87, 115, 87, 104, 107, 103, 103, 114, 87, 160, 98, 98, 96, 178, 68, 65, 64, 64, 64, 164, 156, 164, 150, 152, 169, 169, 152, 176, 146, 160, 148, 87, 116, 87, 153, 163, 166, 154, 162, 87, 98, 87, 159, 156, 152, 167, 153, 163, 166, 154, 162, 114, 68, 65, 64, 64, 180, 68, 65, 64, 64, 173, 152, 169, 87, 165, 172, 164, 87, 116, 87, 104, 105, 112, 112, 112, 112, 112, 112, 112, 112, 112, 112, 112, 112, 112, 112, 112, 112, 112, 112, 111, 111, 111, 111, 111, 111, 111, 111, 111, 111, 111, 111, 111, 111, 111, 111, 111, 111, 111, 111, 111, 111, 111, 111, 111, 111, 111, 111, 111, 111, 111, 111, 111, 111, 111, 111, 111, 111, 111, 111, 111, 111, 111, 111, 111, 111, 111, 111, 111, 111, 111, 111, 111, 111, 111, 111, 111, 111, 111, 111, 111, 111, 111, 111, 111, 111, 111, 111, 111, 111, 111, 111, 111, 111, 111, 111, 111, 111, 111, 111, 111, 111, 111, 111, 111, 111, 111, 111, 111, 111, 111, 111, 111, 111, 111, 111, 111, 111, 111, 111, 111, 111, 111, 111, 111, 111, 111, 111, 111, 111, 111, 111, 111, 111, 111, 111, 111, 111, 111, 111, 111, 111, 111, 111, 111, 111, 111, 111, 111, 111, 111, 111, 111, 111, 111, 111, 111, 111, 111, 111, 111, 111, 111, 111, 111, 111, 111, 111, 111, 111, 111, 111, 111, 111, 111, 111, 111, 111, 111, 111, 111, 111, 111, 111, 111, 111, 111, 111, 111, 111, 111, 111, 111, 111, 111, 111, 111, 111, 111, 111, 111, 111, 111, 111, 111, 111, 111, 111, 111, 111, 111, 111, 111, 111, 111, 111, 111, 111, 111, 111, 111, 111, 111, 111, 111, 111, 111, 111, 111, 111, 111, 111, 111, 111, 111, 111, 111, 111, 111, 111, 111, 111, 111, 111, 111, 111, 111, 111, 111, 111, 111, 111, 111, 111, 111, 111, 111, 111, 111, 111, 111, 111, 111, 111, 111, 111, 111, 111, 111, 111, 111, 111, 111, 111, 111, 111, 111, 111, 111, 111, 111, 111, 111, 111, 111, 111, 111, 111, 111, 111, 111, 111, 111, 111, 111, 111, 114, 68, 65, 64, 64, 172, 171, 160, 163, 101, 167, 169, 160, 165, 171, 157, 95, 89, 92, 107, 108, 103, 103, 103, 157, 89, 99, 87, 165, 172, 164, 96, 114, 68, 65, 64, 180, 68, 65, 68, 65, 64, 157, 172, 165, 154, 171, 160, 166, 165, 87, 154, 166, 163, 163, 152, 153, 150, 156, 164, 152, 160, 163, 95, 96, 178, 68, 65, 64, 64, 173, 152, 169, 87, 170, 159, 156, 163, 163, 154, 166, 155, 156, 87, 116, 87, 172, 165, 156, 170, 154, 152, 167, 156, 95, 89, 92, 172, 124, 121, 124, 112, 92, 172, 103, 103, 103, 104, 92, 172, 108, 109, 103, 103, 92, 172, 120, 104, 109, 107, 92, 172, 103, 103, 106, 103, 92, 172, 103, 103, 103, 103, 92, 172, 107, 103, 111, 121, 92, 172, 111, 121, 103, 122, 92, 172, 104, 122, 110, 103, 92, 172, 111, 121, 120, 123, 92, 172, 103, 111, 107, 103, 92, 172, 122, 106, 108, 124, 92, 172, 111, 121, 108, 108, 92, 172, 111, 121, 124, 122, 92, 172, 103, 111, 107, 108, 92, 172, 106, 106, 108, 105, 92, 172, 122, 104, 123, 105, 92, 172, 103, 106, 122, 105, 92, 172, 104, 103, 106, 105, 92, 172, 111, 103, 107, 103, 92, 172, 103, 103, 106, 111, 92, 172, 125, 108, 110, 108, 92, 172, 122, 105, 111, 121, 92, 172, 108, 123, 108, 120, 92, 172, 103, 107, 122, 105, 92, 172, 108, 108, 103, 103, 92, 172, 124, 122, 111, 121, 92, 172, 108, 104, 108, 104, 92, 172, 108, 109, 108, 106, 92, 172, 109, 103, 108, 110, 92, 172, 108, 123, 111, 121, 92, 172, 106, 106, 103, 111, 92, 172, 111, 121, 122, 103, 92, 172, 103, 122, 110, 108, 92, 172, 125, 124, 111, 121, 92, 172, 110, 109, 103, 106, 92, 172, 111, 121, 106, 122, 92, 172, 110, 111, 107, 124, 92, 172, 122, 125, 103, 106, 92, 172, 108, 104, 111, 121, 92, 172, 108, 105, 104, 122, 92, 172, 108, 104, 111, 121, 92, 172, 108, 105, 105, 107, 92, 172, 110, 104, 111, 121, 92, 172, 107, 124, 104, 107, 92, 172, 110, 108, 111, 112, 92, 172, 111, 121, 125, 122, 92, 172, 105, 103, 110, 104, 92, 172, 125, 110, 103, 106, 92, 172, 107, 120, 112, 112, 92, 172, 107, 105, 120, 123, 92, 172, 106, 121, 109, 103, 92, 172, 125, 122, 108, 108, 92, 172, 103, 107, 110, 108, 92, 172, 122, 103, 106, 106, 92, 172, 106, 110, 124, 121, 92, 172, 125, 125, 106, 106, 92, 172, 107, 108, 103, 106, 92, 172, 112, 110, 103, 122, 92, 172, 122, 125, 111, 121, 92, 172, 110, 108, 120, 124, 92, 172, 105, 121, 125, 123, 92, 172, 107, 125, 125, 112, 92, 172, 124, 111, 108, 104, 92, 172, 125, 125, 112, 107, 92, 172, 125, 125, 125, 125, 92, 172, 122, 106, 106, 121, 92, 172, 110, 107, 109, 104, 92, 172, 124, 121, 103, 105, 92, 172, 111, 121, 123, 112, 92, 172, 103, 122, 107, 108, 92, 172, 108, 124, 112, 105, 92, 172, 125, 105, 103, 106, 92, 172, 124, 103, 123, 104, 92, 172, 122, 109, 103, 106, 92, 172, 122, 112, 106, 106, 92, 172, 121, 110, 103, 125, 92, 172, 108, 125, 103, 111, 92, 172, 124, 104, 122, 104, 92, 172, 103, 106, 103, 105, 92, 172, 103, 106, 122, 120, 92, 172, 111, 121, 122, 125, 92, 172, 103, 106, 103, 104, 92, 172, 111, 112, 122, 105, 92, 172, 125, 111, 107, 108, 92, 172, 111, 121, 109, 104, 92, 172, 125, 111, 107, 108, 92, 172, 108, 124, 108, 125, 92, 172, 122, 112, 108, 121, 92, 172, 108, 108, 122, 106, 92, 172, 124, 122, 111, 121, 92, 172, 124, 111, 108, 104, 92, 172, 125, 125, 107, 112, 92, 172, 125, 125, 125, 125, 92, 172, 109, 111, 108, 103, 92, 172, 109, 103, 124, 111, 92, 172, 103, 107, 121, 125, 92, 172, 109, 122, 124, 111, 92, 172, 125, 125, 125, 125, 92, 172, 106, 106, 125, 125, 92, 172, 108, 105, 123, 105, 92, 172, 125, 125, 108, 105, 92, 172, 103, 111, 110, 108, 92, 172, 123, 103, 125, 125, 92, 172, 107, 108, 111, 112, 92, 172, 111, 121, 125, 122, 92, 172, 125, 122, 107, 108, 92, 172, 122, 106, 122, 112, 92, 172, 111, 121, 108, 108, 92, 172, 111, 106, 124, 122, 92, 172, 103, 122, 124, 122, 92, 172, 107, 108, 111, 123, 92, 172, 108, 103, 125, 107, 92, 172, 107, 108, 122, 109, 92, 172, 110, 108, 125, 107, 92, 172, 107, 108, 122, 109, 92, 172, 110, 105, 125, 108, 92, 172, 107, 108, 122, 109, 92, 172, 109, 122, 125, 109, 92, 172, 107, 108, 122, 109, 92, 172, 109, 123, 125, 110, 92, 172, 107, 108, 122, 109, 92, 172, 109, 125, 125, 111, 92, 172, 107, 108, 122, 109, 92, 172, 109, 124, 125, 112, 92, 172, 107, 108, 122, 109, 92, 172, 105, 124, 125, 120, 92, 172, 107, 108, 122, 109, 92, 172, 109, 107, 125, 121, 92, 172, 107, 108, 122, 109, 92, 172, 109, 122, 125, 122, 92, 172, 107, 108, 122, 109, 92, 172, 109, 122, 125, 123, 92, 172, 107, 108, 122, 109, 92, 172, 103, 103, 125, 124, 92, 172, 120, 103, 124, 111, 92, 172, 125, 125, 125, 125, 92, 172, 108, 103, 125, 125, 92, 172, 108, 123, 109, 111, 92, 172, 104, 104, 111, 120, 92, 172, 124, 111, 104, 109, 92, 172, 125, 125, 104, 108, 92, 172, 125, 125, 125, 125, 92, 172, 122, 107, 111, 106, 92, 172, 111, 108, 103, 122, 92, 172, 110, 107, 122, 103, 92, 172, 109, 120, 104, 108, 92, 172, 109, 120, 103, 103, 92, 172, 125, 125, 103, 103, 92, 172, 103, 122, 110, 108, 92, 172, 110, 108, 125, 125, 92, 172, 109, 120, 103, 111, 92, 172, 125, 125, 103, 103, 92, 172, 111, 108, 123, 103, 92, 172, 110, 108, 122, 103, 92, 172, 107, 103, 103, 106, 92, 172, 122, 106, 122, 112, 92, 172, 122, 103, 106, 106, 92, 172, 122, 106, 122, 112, 92, 172, 106, 106, 108, 110, 92, 172, 111, 121, 122, 103, 92, 172, 105, 107, 107, 122, 92, 172, 111, 121, 103, 122, 92, 172, 105, 107, 110, 122, 92, 172, 125, 122, 103, 111, 92, 172, 120, 120, 125, 106, 92, 172, 122, 106, 108, 125, 92, 172, 107, 122, 111, 121, 92, 172, 103, 107, 105, 107, 92, 172, 106, 112, 111, 103, 92, 172, 111, 121, 103, 103, 92, 172, 110, 107, 122, 104, 92, 172, 107, 103, 103, 109, 92, 172, 106, 111, 111, 103, 92, 172, 110, 108, 103, 103, 92, 172, 105, 121, 125, 120, 92, 172, 122, 106, 122, 104, 92, 172, 111, 121, 108, 108, 92, 172, 111, 106, 124, 122, 92, 172, 109, 107, 124, 122, 92, 172, 111, 123, 108, 106, 92, 172, 125, 103, 107, 108, 92, 172, 106, 106, 108, 110, 92, 172, 108, 103, 123, 121, 92, 172, 107, 108, 122, 109, 92, 172, 109, 121, 125, 103, 92, 172, 107, 108, 122, 109, 92, 172, 109, 108, 125, 104, 92, 172, 107, 108, 122, 109, 92, 172, 110, 105, 125, 105, 92, 172, 107, 108, 122, 109, 92, 172, 109, 124, 125, 106, 92, 172, 107, 108, 122, 109, 92, 172, 109, 108, 125, 107, 92, 172, 107, 108, 122, 109, 92, 172, 109, 122, 125, 108, 92, 172, 107, 108, 122, 109, 92, 172, 106, 106, 125, 109, 92, 172, 107, 108, 122, 109, 92, 172, 106, 105, 125, 110, 92, 172, 107, 108, 122, 109, 92, 172, 105, 124, 125, 111, 92, 172, 107, 108, 122, 109, 92, 172, 109, 107, 125, 112, 92, 172, 107, 108, 122, 109, 92, 172, 109, 122, 125, 120, 92, 172, 107, 108, 122, 109, 92, 172, 109, 122, 125, 121, 92, 172, 108, 123, 111, 111, 92, 172, 124, 111, 125, 122, 92, 172, 125, 125, 103, 121, 92, 172, 125, 125, 125, 125, 92, 172, 109, 111, 108, 103, 92, 172, 107, 106, 109, 111, 92, 172, 111, 124, 125, 112, 92, 172, 111, 103, 124, 111, 92, 172, 125, 125, 125, 124, 92, 172, 111, 121, 125, 125, 92, 172, 111, 123, 125, 111, 92, 172, 112, 122, 107, 108, 92, 172, 107, 107, 109, 120, 92, 172, 124, 111, 108, 103, 92, 172, 125, 125, 110, 124, 92, 172, 125, 125, 125, 125, 92, 172, 107, 108, 111, 123, 92, 172, 109, 120, 124, 103, 92, 172, 108, 103, 104, 103, 92, 172, 110, 106, 124, 111, 92, 172, 125, 125, 125, 125, 92, 172, 111, 106, 125, 125, 92, 172, 104, 122, 122, 107, 92, 172, 107, 108, 111, 123, 92, 172, 108, 103, 124, 103, 92, 172, 107, 108, 111, 123, 92, 172, 108, 103, 112, 122, 92, 172, 108, 106, 108, 106, 92, 172, 108, 106, 108, 106, 92, 172, 108, 106, 108, 106, 92, 172, 110, 108, 125, 125, 92, 172, 122, 110, 103, 111, 92, 172, 112, 122, 107, 108, 92, 172, 103, 103, 107, 107, 92, 172, 103, 103, 103, 103, 92, 172, 125, 125, 108, 106, 92, 172, 108, 125, 123, 110, 92, 172, 121, 109, 103, 125, 92, 172, 108, 121, 122, 103, 92, 172, 122, 106, 122, 112, 92, 172, 111, 121, 108, 108, 92, 172, 108, 104, 124, 122, 92, 172, 108, 106, 108, 104, 92, 172, 108, 110, 108, 109, 92, 172, 107, 105, 109, 120, 92, 172, 110, 105, 124, 111, 92, 172, 103, 103, 103, 103, 92, 172, 111, 121, 103, 103, 92, 172, 106, 106, 123, 111, 92, 172, 111, 108, 125, 109, 92, 172, 108, 112, 123, 121, 92, 172, 107, 108, 122, 110, 92, 172, 109, 104, 125, 111, 92, 172, 109, 108, 105, 124, 92, 172, 122, 110, 110, 111, 92, 172, 125, 122, 107, 108, 92, 172, 103, 103, 109, 108, 92, 172, 103, 103, 103, 103, 92, 172, 108, 109, 110, 124, 92, 172, 107, 108, 111, 123, 92, 172, 108, 103, 125, 111, 92, 172, 124, 111, 108, 109, 92, 172, 103, 103, 108, 104, 92, 172, 103, 103, 103, 103, 92, 172, 108, 103, 108, 112, 92, 172, 121, 104, 124, 111, 92, 172, 125, 125, 125, 124, 92, 172, 111, 108, 125, 125, 92, 172, 108, 112, 122, 103, 92, 172, 110, 107, 108, 112, 92, 172, 111, 123, 106, 112, 92, 172, 103, 104, 107, 109, 92, 172, 124, 111, 108, 103, 92, 172, 103, 103, 106, 121, 92, 172, 103, 103, 103, 103, 92, 172, 125, 111, 111, 121, 92, 172, 107, 108, 111, 123, 92, 172, 108, 103, 125, 111, 92, 172, 105, 104, 124, 111, 92, 172, 125, 125, 125, 125, 92, 172, 111, 108, 125, 125, 92, 172, 108, 112, 122, 103, 92, 172, 110, 107, 108, 112, 92, 172, 108, 110, 103, 122, 92, 172, 103, 104, 124, 111, 92, 172, 125, 125, 125, 125, 92, 172, 108, 112, 125, 125, 92, 172, 107, 107, 122, 109, 92, 172, 125, 125, 106, 111, 92, 172, 108, 103, 110, 106, 92, 172, 107, 108, 111, 123, 92, 172, 125, 124, 125, 111, 92, 172, 108, 111, 103, 103, 92, 172, 107, 108, 111, 123, 92, 172, 108, 103, 125, 111, 92, 172, 124, 111, 108, 110, 92, 172, 125, 124, 110, 107, 92, 172, 125, 125, 125, 125, 92, 172, 108, 112, 108, 112, 92, 172, 107, 109, 107, 109, 92, 172, 125, 106, 106, 121, 92, 172, 120, 120, 110, 122, 92, 172, 108, 124, 108, 125, 92, 172, 122, 112, 108, 121, 92, 172, 108, 108, 122, 106, 92, 172, 124, 122, 111, 121, 92, 172, 108, 106, 108, 104, 92, 172, 109, 103, 109, 109, 92, 172, 106, 105, 121, 104, 92, 172, 103, 103, 124, 111, 92, 172, 103, 103, 103, 103, 92, 172, 108, 111, 103, 103, 92, 172, 103, 111, 106, 111, 92, 172, 103, 106, 110, 107, 92, 172, 124, 121, 107, 103, 92, 172, 107, 103, 125, 112, 92, 172, 108, 123, 111, 121, 92, 172, 111, 103, 103, 111, 92, 172, 107, 105, 125, 121, 92, 172, 103, 111, 110, 108, 92, 172, 123, 121, 106, 106, 92, 172, 104, 111, 111, 120, 92, 172, 122, 106, 111, 121, 92, 172, 104, 110, 124, 121, 92, 172, 104, 111, 106, 111, 92, 172, 104, 104, 110, 109, 92, 172, 106, 106, 107, 103, 92, 172, 111, 107, 122, 112, 92, 172, 110, 107, 123, 121, 92, 172, 107, 103, 103, 122, 92, 172, 103, 111, 106, 111, 92, 172, 125, 121, 110, 108, 92, 172, 125, 124, 107, 103, 92, 172, 124, 121, 122, 121, 92, 172, 106, 106, 125, 105, 92, 172, 111, 112, 122, 103, 92, 172, 125, 122, 107, 108, 92, 172, 107, 108, 111, 121, 92, 172, 108, 121, 125, 122, 92, 172, 122, 106, 122, 112, 92, 172, 103, 105, 106, 105, 92, 172, 110, 107, 109, 111, 92, 172, 110, 103, 110, 107, 92, 172, 105, 125, 106, 120, 92, 172, 109, 125, 105, 125, 92, 172, 110, 108, 110, 112, 92, 172, 109, 122, 109, 124, 92, 172, 109, 124, 109, 104, 92, 172, 105, 124, 109, 107, 92, 172, 110, 105, 109, 125, 92, 172, 105, 125, 109, 110, 92, 172, 110, 105, 109, 109, 92, 172, 109, 110, 109, 104, 92, 172, 110, 106, 110, 108, 92, 172, 109, 104, 105, 125, 92, 172, 109, 125, 109, 110, 92, 172, 110, 107, 110, 103, 92, 172, 106, 105, 110, 111, 92, 172, 109, 108, 105, 124, 92, 172, 109, 108, 110, 111, 92, 172, 109, 111, 103, 103, 92, 172, 110, 107, 110, 107, 92, 172, 106, 120, 110, 103, 92, 172, 105, 125, 105, 125, 92, 172, 110, 112, 109, 125, 92, 172, 109, 124, 110, 108, 92, 172, 109, 104, 109, 122, 92, 172, 109, 107, 109, 124, 92, 172, 109, 125, 105, 124, 92, 172, 109, 110, 110, 105, 92, 172, 109, 109, 105, 125, 92, 172, 109, 104, 110, 105, 92, 172, 110, 108, 109, 110, 92, 172, 105, 125, 110, 106, 92, 172, 109, 122, 109, 106, 92, 172, 109, 106, 109, 112, 92, 172, 105, 124, 109, 121, 92, 172, 109, 111, 110, 103, 92, 172, 106, 125, 110, 103, 92, 172, 106, 123, 110, 105, 92, 172, 103, 103, 103, 103, 89, 96, 114, 68, 65, 64, 64, 173, 152, 169, 87, 164, 156, 164, 150, 152, 169, 169, 152, 176, 87, 116, 87, 165, 156, 174, 87, 120, 169, 169, 152, 176, 95, 96, 114, 68, 65, 64, 64, 173, 152, 169, 87, 154, 154, 87, 116, 87, 103, 175, 103, 154, 103, 154, 103, 154, 103, 154, 114, 68, 65, 64, 64, 173, 152, 169, 87, 152, 155, 155, 169, 87, 116, 87, 103, 175, 107, 103, 103, 103, 103, 103, 114, 68, 65, 64, 64, 173, 152, 169, 87, 170, 154, 150, 163, 156, 165, 87, 116, 87, 170, 159, 156, 163, 163, 154, 166, 155, 156, 101, 163, 156, 165, 158, 171, 159, 87, 97, 87, 105, 114, 68, 65, 64, 64, 173, 152, 169, 87, 163, 156, 165, 87, 116, 87, 152, 155, 155, 169, 87, 100, 87, 95, 170, 154, 150, 163, 156, 165, 98, 103, 175, 106, 111, 96, 114, 68, 65, 64, 64, 173, 152, 169, 87, 176, 152, 169, 170, 167, 87, 116, 87, 172, 165, 156, 170, 154, 152, 167, 156, 95, 89, 92, 172, 112, 103, 112, 103, 92, 172, 112, 103, 112, 103, 89, 96, 114, 68, 65, 64, 64, 176, 152, 169, 170, 167, 87, 116, 87, 157, 160, 175, 150, 160, 171, 95, 176, 152, 169, 170, 167, 99, 87, 163, 156, 165, 96, 114, 68, 65, 64, 64, 173, 152, 169, 87, 154, 166, 172, 165, 171, 105, 87, 116, 87, 95, 154, 154, 87, 100, 87, 103, 175, 107, 103, 103, 103, 103, 103, 96, 102, 152, 155, 155, 169, 114, 68, 65, 64, 64, 157, 166, 169, 87, 95, 173, 152, 169, 87, 154, 166, 172, 165, 171, 87, 116, 87, 103, 114, 87, 154, 166, 172, 165, 171, 87, 115, 87, 154, 166, 172, 165, 171, 105, 114, 87, 154, 166, 172, 165, 171, 98, 98, 96, 178, 68, 65, 64, 64, 64, 164, 156, 164, 150, 152, 169, 169, 152, 176, 146, 154, 166, 172, 165, 171, 148, 87, 116, 87, 176, 152, 169, 170, 167, 87, 98, 87, 170, 159, 156, 163, 163, 154, 166, 155, 156, 114, 68, 65, 64, 64, 180, 68, 65, 64, 64, 173, 152, 169, 87, 166, 173, 156, 169, 157, 163, 166, 174, 87, 116, 87, 172, 165, 156, 170, 154, 152, 167, 156, 95, 89, 92, 172, 103, 154, 103, 154, 92, 172, 103, 154, 103, 154, 89, 96, 114, 68, 65, 64, 64, 174, 159, 160, 163, 156, 87, 95, 166, 173, 156, 169, 157, 163, 166, 174, 101, 163, 156, 165, 158, 171, 159, 87, 115, 87, 107, 107, 112, 108, 105, 96, 178, 68, 65, 64, 64, 64, 166, 173, 156, 169, 157, 163, 166, 174, 87, 98, 116, 87, 166, 173, 156, 169, 157, 163, 166, 174, 114, 68, 65, 64, 64, 180, 68, 65, 64, 64, 171, 159, 160, 170, 101, 154, 166, 163, 163, 152, 153, 138, 171, 166, 169, 156, 87, 116, 87, 122, 166, 163, 163, 152, 153, 101, 154, 166, 163, 163, 156, 154, 171, 124, 164, 152, 160, 163, 128, 165, 157, 166, 95, 178, 170, 172, 153, 161, 113, 87, 89, 89, 99, 164, 170, 158, 113, 87, 166, 173, 156, 169, 157, 163, 166, 174, 180, 96, 114, 68, 65, 64, 180, 68, 65, 68, 65, 64, 157, 172, 165, 154, 171, 160, 166, 165, 87, 154, 166, 163, 163, 152, 153, 150, 158, 156, 171, 160, 154, 166, 165, 95, 96, 178, 68, 65, 64, 64, 160, 157, 87, 95, 152, 167, 167, 101, 155, 166, 154, 101, 122, 166, 163, 163, 152, 153, 101, 158, 156, 171, 128, 154, 166, 165, 96, 178, 68, 65, 64, 64, 64, 173, 152, 169, 87, 152, 169, 169, 176, 87, 116, 87, 165, 156, 174, 87, 120, 169, 169, 152, 176, 95, 96, 114, 68, 65, 64, 64, 64, 173, 152, 169, 87, 173, 173, 167, 156, 171, 159, 176, 152, 87, 116, 87, 172, 165, 156, 170, 154, 152, 167, 156, 95, 89, 92, 172, 124, 121, 124, 112, 92, 172, 103, 103, 103, 104, 92, 172, 108, 109, 103, 103, 92, 172, 120, 104, 109, 107, 92, 172, 103, 103, 106, 103, 92, 172, 103, 103, 103, 103, 92, 172, 107, 103, 111, 121, 92, 172, 111, 121, 103, 122, 92, 172, 104, 122, 110, 103, 92, 172, 111, 121, 120, 123, 92, 172, 103, 111, 107, 103, 92, 172, 122, 106, 108, 124, 92, 172, 111, 121, 108, 108, 92, 172, 111, 121, 124, 122, 92, 172, 103, 111, 107, 108, 92, 172, 106, 106, 108, 105, 92, 172, 122, 104, 123, 105, 92, 172, 103, 106, 122, 105, 92, 172, 104, 103, 106, 105, 92, 172, 111, 103, 107, 103, 92, 172, 103, 103, 106, 111, 92, 172, 125, 108, 110, 108, 92, 172, 122, 105, 111, 121, 92, 172, 108, 123, 108, 120, 92, 172, 103, 107, 122, 105, 92, 172, 108, 108, 103, 103, 92, 172, 124, 122, 111, 121, 92, 172, 108, 104, 108, 104, 92, 172, 108, 109, 108, 106, 92, 172, 109, 103, 108, 110, 92, 172, 108, 123, 111, 121, 92, 172, 106, 106, 103, 111, 92, 172, 111, 121, 122, 103, 92, 172, 103, 122, 110, 108, 92, 172, 125, 124, 111, 121, 92, 172, 110, 109, 103, 106, 92, 172, 111, 121, 106, 122, 92, 172, 110, 111, 107, 124, 92, 172, 122, 125, 103, 106, 92, 172, 108, 104, 111, 121, 92, 172, 108, 105, 104, 122, 92, 172, 108, 104, 111, 121, 92, 172, 108, 105, 105, 107, 92, 172, 110, 104, 111, 121, 92, 172, 107, 124, 104, 107, 92, 172, 110, 108, 111, 112, 92, 172, 111, 121, 125, 122, 92, 172, 105, 103, 110, 104, 92, 172, 125, 110, 103, 106, 92, 172, 107, 120, 112, 112, 92, 172, 107, 105, 120, 123, 92, 172, 106, 121, 109, 103, 92, 172, 125, 122, 108, 108, 92, 172, 103, 107, 110, 108, 92, 172, 122, 103, 106, 106, 92, 172, 106, 110, 124, 121, 92, 172, 125, 125, 106, 106, 92, 172, 107, 108, 103, 106, 92, 172, 112, 110, 103, 122, 92, 172, 122, 125, 111, 121, 92, 172, 110, 108, 120, 124, 92, 172, 105, 121, 125, 123, 92, 172, 107, 125, 125, 112, 92, 172, 124, 111, 108, 104, 92, 172, 125, 125, 112, 107, 92, 172, 125, 125, 125, 125, 92, 172, 122, 106, 106, 121, 92, 172, 110, 107, 109, 104, 92, 172, 124, 121, 103, 105, 92, 172, 111, 121, 123, 112, 92, 172, 103, 122, 107, 108, 92, 172, 108, 124, 112, 105, 92, 172, 125, 105, 103, 106, 92, 172, 124, 103, 123, 104, 92, 172, 122, 109, 103, 106, 92, 172, 122, 112, 106, 106, 92, 172, 121, 110, 103, 125, 92, 172, 108, 125, 103, 111, 92, 172, 124, 104, 122, 104, 92, 172, 103, 106, 103, 105, 92, 172, 103, 106, 122, 120, 92, 172, 111, 121, 122, 125, 92, 172, 103, 106, 103, 104, 92, 172, 111, 112, 122, 105, 92, 172, 125, 111, 107, 108, 92, 172, 111, 121, 109, 104, 92, 172, 125, 111, 107, 108, 92, 172, 108, 124, 108, 125, 92, 172, 122, 112, 108, 121, 92, 172, 108, 108, 122, 106, 92, 172, 124, 122, 111, 121, 92, 172, 124, 111, 108, 104, 92, 172, 125, 125, 107, 112, 92, 172, 125, 125, 125, 125, 92, 172, 109, 111, 108, 103, 92, 172, 109, 103, 124, 111, 92, 172, 103, 107, 121, 125, 92, 172, 109, 122, 124, 111, 92, 172, 125, 125, 125, 125, 92, 172, 106, 106, 125, 125, 92, 172, 108, 105, 123, 105, 92, 172, 125, 125, 108, 105, 92, 172, 103, 111, 110, 108, 92, 172, 123, 103, 125, 125, 92, 172, 107, 108, 111, 112, 92, 172, 111, 121, 125, 122, 92, 172, 125, 122, 107, 108, 92, 172, 122, 106, 122, 112, 92, 172, 111, 121, 108, 108, 92, 172, 111, 106, 124, 122, 92, 172, 103, 122, 124, 122, 92, 172, 107, 108, 111, 123, 92, 172, 108, 103, 125, 107, 92, 172, 107, 108, 122, 109, 92, 172, 110, 108, 125, 107, 92, 172, 107, 108, 122, 109, 92, 172, 110, 105, 125, 108, 92, 172, 107, 108, 122, 109, 92, 172, 109, 122, 125, 109, 92, 172, 107, 108, 122, 109, 92, 172, 109, 123, 125, 110, 92, 172, 107, 108, 122, 109, 92, 172, 109, 125, 125, 111, 92, 172, 107, 108, 122, 109, 92, 172, 109, 124, 125, 112, 92, 172, 107, 108, 122, 109, 92, 172, 105, 124, 125, 120, 92, 172, 107, 108, 122, 109, 92, 172, 109, 107, 125, 121, 92, 172, 107, 108, 122, 109, 92, 172, 109, 122, 125, 122, 92, 172, 107, 108, 122, 109, 92, 172, 109, 122, 125, 123, 92, 172, 107, 108, 122, 109, 92, 172, 103, 103, 125, 124, 92, 172, 120, 103, 124, 111, 92, 172, 125, 125, 125, 125, 92, 172, 108, 103, 125, 125, 92, 172, 108, 123, 109, 111, 92, 172, 104, 104, 111, 120, 92, 172, 124, 111, 104, 109, 92, 172, 125, 125, 104, 108, 92, 172, 125, 125, 125, 125, 92, 172, 122, 107, 111, 106, 92, 172, 111, 108, 103, 122, 92, 172, 110, 107, 122, 103, 92, 172, 109, 120, 104, 108, 92, 172, 109, 120, 103, 103, 92, 172, 125, 125, 103, 103, 92, 172, 103, 122, 110, 108, 92, 172, 110, 108, 125, 125, 92, 172, 109, 120, 103, 111, 92, 172, 125, 125, 103, 103, 92, 172, 111, 108, 123, 103, 92, 172, 110, 108, 122, 103, 92, 172, 107, 103, 103, 106, 92, 172, 122, 106, 122, 112, 92, 172, 122, 103, 106, 106, 92, 172, 122, 106, 122, 112, 92, 172, 106, 106, 108, 110, 92, 172, 111, 121, 122, 103, 92, 172, 105, 107, 107, 122, 92, 172, 111, 121, 103, 122, 92, 172, 105, 107, 110, 122, 92, 172, 125, 122, 103, 111, 92, 172, 120, 120, 125, 106, 92, 172, 122, 106, 108, 125, 92, 172, 107, 122, 111, 121, 92, 172, 103, 107, 105, 107, 92, 172, 106, 112, 111, 103, 92, 172, 111, 121, 103, 103, 92, 172, 110, 107, 122, 104, 92, 172, 107, 103, 103, 109, 92, 172, 106, 111, 111, 103, 92, 172, 110, 108, 103, 103, 92, 172, 105, 121, 125, 120, 92, 172, 122, 106, 122, 104, 92, 172, 111, 121, 108, 108, 92, 172, 111, 106, 124, 122, 92, 172, 109, 107, 124, 122, 92, 172, 111, 123, 108, 106, 92, 172, 125, 103, 107, 108, 92, 172, 106, 106, 108, 110, 92, 172, 108, 103, 123, 121, 92, 172, 107, 108, 122, 109, 92, 172, 109, 121, 125, 103, 92, 172, 107, 108, 122, 109, 92, 172, 109, 108, 125, 104, 92, 172, 107, 108, 122, 109, 92, 172, 110, 105, 125, 105, 92, 172, 107, 108, 122, 109, 92, 172, 109, 124, 125, 106, 92, 172, 107, 108, 122, 109, 92, 172, 109, 108, 125, 107, 92, 172, 107, 108, 122, 109, 92, 172, 109, 122, 125, 108, 92, 172, 107, 108, 122, 109, 92, 172, 106, 106, 125, 109, 92, 172, 107, 108, 122, 109, 92, 172, 106, 105, 125, 110, 92, 172, 107, 108, 122, 109, 92, 172, 105, 124, 125, 111, 92, 172, 107, 108, 122, 109, 92, 172, 109, 107, 125, 112, 92, 172, 107, 108, 122, 109, 92, 172, 109, 122, 125, 120, 92, 172, 107, 108, 122, 109, 92, 172, 109, 122, 125, 121, 92, 172, 108, 123, 111, 111, 92, 172, 124, 111, 125, 122, 92, 172, 125, 125, 103, 121, 92, 172, 125, 125, 125, 125, 92, 172, 109, 111, 108, 103, 92, 172, 107, 106, 109, 111, 92, 172, 111, 124, 125, 112, 92, 172, 111, 103, 124, 111, 92, 172, 125, 125, 125, 124, 92, 172, 111, 121, 125, 125, 92, 172, 111, 123, 125, 111, 92, 172, 112, 122, 107, 108, 92, 172, 107, 107, 109, 120, 92, 172, 124, 111, 108, 103, 92, 172, 125, 125, 110, 124, 92, 172, 125, 125, 125, 125, 92, 172, 107, 108, 111, 123, 92, 172, 109, 120, 124, 103, 92, 172, 108, 103, 104, 103, 92, 172, 110, 106, 124, 111, 92, 172, 125, 125, 125, 125, 92, 172, 111, 106, 125, 125, 92, 172, 104, 122, 122, 107, 92, 172, 107, 108, 111, 123, 92, 172, 108, 103, 124, 103, 92, 172, 107, 108, 111, 123, 92, 172, 108, 103, 112, 122, 92, 172, 108, 106, 108, 106, 92, 172, 108, 106, 108, 106, 92, 172, 108, 106, 108, 106, 92, 172, 110, 108, 125, 125, 92, 172, 122, 110, 103, 111, 92, 172, 112, 122, 107, 108, 92, 172, 103, 103, 107, 107, 92, 172, 103, 103, 103, 103, 92, 172, 125, 125, 108, 106, 92, 172, 108, 125, 123, 110, 92, 172, 121, 109, 103, 125, 92, 172, 108, 121, 122, 103, 92, 172, 122, 106, 122, 112, 92, 172, 111, 121, 108, 108, 92, 172, 108, 104, 124, 122, 92, 172, 108, 106, 108, 104, 92, 172, 108, 110, 108, 109, 92, 172, 107, 105, 109, 120, 92, 172, 110, 105, 124, 111, 92, 172, 103, 103, 103, 103, 92, 172, 111, 121, 103, 103, 92, 172, 106, 106, 123, 111, 92, 172, 111, 108, 125, 109, 92, 172, 108, 112, 123, 121, 92, 172, 107, 108, 122, 110, 92, 172, 109, 104, 125, 111, 92, 172, 109, 108, 105, 124, 92, 172, 122, 110, 110, 111, 92, 172, 125, 122, 107, 108, 92, 172, 103, 103, 109, 108, 92, 172, 103, 103, 103, 103, 92, 172, 108, 109, 110, 124, 92, 172, 107, 108, 111, 123, 92, 172, 108, 103, 125, 111, 92, 172, 124, 111, 108, 109, 92, 172, 103, 103, 108, 104, 92, 172, 103, 103, 103, 103, 92, 172, 108, 103, 108, 112, 92, 172, 121, 104, 124, 111, 92, 172, 125, 125, 125, 124, 92, 172, 111, 108, 125, 125, 92, 172, 108, 112, 122, 103, 92, 172, 110, 107, 108, 112, 92, 172, 111, 123, 106, 112, 92, 172, 103, 104, 107, 109, 92, 172, 124, 111, 108, 103, 92, 172, 103, 103, 106, 121, 92, 172, 103, 103, 103, 103, 92, 172, 125, 111, 111, 121, 92, 172, 107, 108, 111, 123, 92, 172, 108, 103, 125, 111, 92, 172, 105, 104, 124, 111, 92, 172, 125, 125, 125, 125, 92, 172, 111, 108, 125, 125, 92, 172, 108, 112, 122, 103, 92, 172, 110, 107, 108, 112, 92, 172, 108, 110, 103, 122, 92, 172, 103, 104, 124, 111, 92, 172, 125, 125, 125, 125, 92, 172, 108, 112, 125, 125, 92, 172, 107, 107, 122, 109, 92, 172, 125, 125, 106, 111, 92, 172, 108, 103, 110, 106, 92, 172, 107, 108, 111, 123, 92, 172, 125, 124, 125, 111, 92, 172, 108, 111, 103, 103, 92, 172, 107, 108, 111, 123, 92, 172, 108, 103, 125, 111, 92, 172, 124, 111, 108, 110, 92, 172, 125, 124, 110, 107, 92, 172, 125, 125, 125, 125, 92, 172, 108, 112, 108, 112, 92, 172, 107, 109, 107, 109, 92, 172, 125, 106, 106, 121, 92, 172, 120, 120, 110, 122, 92, 172, 108, 124, 108, 125, 92, 172, 122, 112, 108, 121, 92, 172, 108, 108, 122, 106, 92, 172, 124, 122, 111, 121, 92, 172, 108, 106, 108, 104, 92, 172, 109, 103, 109, 109, 92, 172, 106, 105, 121, 104, 92, 172, 103, 103, 124, 111, 92, 172, 103, 103, 103, 103, 92, 172, 108, 111, 103, 103, 92, 172, 103, 111, 106, 111, 92, 172, 103, 106, 110, 107, 92, 172, 124, 121, 107, 103, 92, 172, 107, 103, 125, 112, 92, 172, 108, 123, 111, 121, 92, 172, 111, 103, 103, 111, 92, 172, 107, 105, 125, 121, 92, 172, 103, 111, 110, 108, 92, 172, 123, 121, 106, 106, 92, 172, 104, 111, 111, 120, 92, 172, 122, 106, 111, 121, 92, 172, 104, 110, 124, 121, 92, 172, 104, 111, 106, 111, 92, 172, 104, 104, 110, 109, 92, 172, 106, 106, 107, 103, 92, 172, 111, 107, 122, 112, 92, 172, 110, 107, 123, 121, 92, 172, 107, 103, 103, 122, 92, 172, 103, 111, 106, 111, 92, 172, 125, 121, 110, 108, 92, 172, 125, 124, 107, 103, 92, 172, 124, 121, 122, 121, 92, 172, 106, 106, 125, 105, 92, 172, 111, 112, 122, 103, 92, 172, 125, 122, 107, 108, 92, 172, 107, 108, 111, 121, 92, 172, 108, 121, 125, 122, 92, 172, 122, 106, 122, 112, 92, 172, 103, 105, 106, 105, 92, 172, 110, 107, 109, 111, 92, 172, 110, 103, 110, 107, 92, 172, 105, 125, 106, 120, 92, 172, 109, 125, 105, 125, 92, 172, 110, 108, 110, 112, 92, 172, 109, 122, 109, 124, 92, 172, 109, 124, 109, 104, 92, 172, 105, 124, 109, 107, 92, 172, 110, 105, 109, 125, 92, 172, 105, 125, 109, 110, 92, 172, 110, 105, 109, 109, 92, 172, 109, 110, 109, 104, 92, 172, 110, 106, 110, 108, 92, 172, 109, 105, 105, 125, 92, 172, 110, 103, 109, 107, 92, 172, 106, 105, 110, 108, 92, 172, 109, 108, 105, 124, 92, 172, 109, 108, 110, 111, 92, 172, 109, 111, 103, 103, 92, 172, 110, 107, 110, 107, 92, 172, 106, 120, 110, 103, 92, 172, 105, 125, 105, 125, 92, 172, 110, 112, 109, 125, 92, 172, 109, 124, 110, 108, 92, 172, 109, 104, 109, 122, 92, 172, 109, 107, 109, 124, 92, 172, 109, 125, 105, 124, 92, 172, 109, 110, 110, 105, 92, 172, 109, 109, 105, 125, 92, 172, 109, 104, 110, 105, 92, 172, 110, 108, 109, 110, 92, 172, 105, 125, 110, 106, 92, 172, 109, 122, 109, 106, 92, 172, 109, 106, 109, 112, 92, 172, 105, 124, 109, 121, 92, 172, 109, 111, 110, 103, 92, 172, 106, 125, 110, 103, 92, 172, 106, 123, 110, 105, 92, 172, 103, 103, 103, 103, 89, 96, 114, 68, 65, 64, 64, 64, 173, 152, 169, 87, 159, 142, 168, 108, 103, 103, 122, 133, 87, 116, 87, 173, 173, 167, 156, 171, 159, 176, 152, 101, 163, 156, 165, 158, 171, 159, 87, 97, 87, 105, 114, 68, 65, 64, 64, 64, 173, 152, 169, 87, 163, 156, 165, 87, 116, 87, 103, 175, 107, 103, 103, 103, 103, 103, 87, 100, 87, 95, 159, 142, 168, 108, 103, 103, 122, 133, 87, 98, 87, 103, 175, 106, 111, 96, 114, 68, 65, 64, 64, 64, 173, 152, 169, 87, 176, 152, 169, 170, 167, 87, 116, 87, 172, 165, 156, 170, 154, 152, 167, 156, 95, 89, 92, 172, 112, 103, 112, 103, 92, 172, 112, 103, 112, 103, 89, 96, 114, 68, 65, 64, 64, 64, 176, 152, 169, 170, 167, 87, 116, 87, 157, 160, 175, 150, 160, 171, 95, 176, 152, 169, 170, 167, 99, 87, 163, 156, 165, 96, 114, 68, 65, 64, 64, 64, 173, 152, 169, 87, 167, 108, 120, 161, 130, 109, 108, 157, 87, 116, 87, 95, 103, 175, 103, 154, 103, 154, 103, 154, 103, 154, 87, 100, 87, 103, 175, 107, 103, 103, 103, 103, 103, 96, 87, 102, 87, 103, 175, 107, 103, 103, 103, 103, 103, 114, 68, 65, 64, 64, 64, 157, 166, 169, 87, 95, 173, 152, 169, 87, 173, 168, 154, 136, 123, 112, 109, 176, 87, 116, 87, 103, 114, 87, 173, 168, 154, 136, 123, 112, 109, 176, 87, 115, 87, 167, 108, 120, 161, 130, 109, 108, 157, 114, 87, 173, 168, 154, 136, 123, 112, 109, 176, 87, 98, 98, 87, 96, 178, 68, 65, 64, 64, 64, 64, 152, 169, 169, 176, 146, 173, 168, 154, 136, 123, 112, 109, 176, 148, 87, 116, 87, 176, 152, 169, 170, 167, 87, 98, 87, 173, 173, 167, 156, 171, 159, 176, 152, 114, 68, 65, 64, 64, 64, 180, 68, 65, 64, 64, 64, 173, 152, 169, 87, 171, 140, 132, 159, 133, 153, 126, 174, 87, 116, 87, 172, 165, 156, 170, 154, 152, 167, 156, 95, 89, 92, 103, 112, 89, 96, 114, 68, 65, 64, 64, 64, 174, 159, 160, 163, 156, 87, 95, 171, 140, 132, 159, 133, 153, 126, 174, 101, 163, 156, 165, 158, 171, 159, 87, 115, 87, 103, 175, 107, 103, 103, 103, 96, 178, 68, 65, 64, 64, 64, 64, 171, 140, 132, 159, 133, 153, 126, 174, 87, 98, 116, 87, 171, 140, 132, 159, 133, 153, 126, 174, 114, 68, 65, 64, 64, 64, 180, 68, 65, 64, 64, 64, 171, 140, 132, 159, 133, 153, 126, 174, 87, 116, 87, 89, 133, 101, 89, 87, 98, 87, 171, 140, 132, 159, 133, 153, 126, 174, 114, 68, 65, 64, 64, 64, 152, 167, 167, 101, 155, 166, 154, 101, 122, 166, 163, 163, 152, 153, 101, 158, 156, 171, 128, 154, 166, 165, 95, 171, 140, 132, 159, 133, 153, 126, 174, 96, 114, 68, 65, 64, 64, 180, 68, 65, 64, 180, 68, 65, 68, 65, 64, 157, 172, 165, 154, 171, 160, 166, 165, 87, 167, 155, 157, 150, 170, 171, 152, 169, 171, 95, 96, 178, 68, 65, 68, 65, 64, 64, 173, 152, 169, 87, 173, 156, 169, 170, 160, 166, 165, 87, 116, 87, 152, 167, 167, 101, 173, 160, 156, 174, 156, 169, 141, 156, 169, 170, 160, 166, 165, 101, 171, 166, 138, 171, 169, 160, 165, 158, 95, 96, 114, 68, 65, 64, 64, 173, 156, 169, 170, 160, 166, 165, 87, 116, 87, 173, 156, 169, 170, 160, 166, 165, 101, 169, 156, 167, 163, 152, 154, 156, 95, 102, 147, 123, 102, 158, 99, 94, 94, 96, 114, 68, 65, 64, 64, 173, 152, 169, 87, 173, 152, 169, 170, 160, 166, 165, 150, 152, 169, 169, 152, 176, 87, 116, 87, 165, 156, 174, 87, 120, 169, 169, 152, 176, 95, 173, 156, 169, 170, 160, 166, 165, 101, 154, 159, 152, 169, 120, 171, 95, 103, 96, 99, 87, 173, 156, 169, 170, 160, 166, 165, 101, 154, 159, 152, 169, 120, 171, 95, 104, 96, 99, 87, 173, 156, 169, 170, 160, 166, 165, 101, 154, 159, 152, 169, 120, 171, 95, 105, 96, 96, 114, 68, 65, 64, 64, 160, 157, 87, 95, 95, 173, 152, 169, 170, 160, 166, 165, 150, 152, 169, 169, 152, 176, 146, 103, 148, 87, 116, 116, 87, 111, 96, 87, 93, 93, 87, 95, 173, 152, 169, 170, 160, 166, 165, 150, 152, 169, 169, 152, 176, 146, 104, 148, 87, 116, 116, 87, 103, 96, 87, 179, 179, 87, 95, 173, 152, 169, 170, 160, 166, 165, 150, 152, 169, 169, 152, 176, 146, 104, 148, 87, 116, 116, 87, 104, 87, 93, 93, 87, 173, 152, 169, 170, 160, 166, 165, 150, 152, 169, 169, 152, 176, 146, 105, 148, 87, 115, 87, 106, 96, 96, 178, 68, 65, 64, 64, 64, 172, 171, 160, 163, 150, 167, 169, 160, 165, 171, 157, 95, 96, 114, 68, 65, 64, 64, 180, 68, 65, 64, 64, 160, 157, 87, 95, 95, 173, 152, 169, 170, 160, 166, 165, 150, 152, 169, 169, 152, 176, 146, 103, 148, 87, 115, 87, 111, 96, 87, 179, 179, 87, 95, 173, 152, 169, 170, 160, 166, 165, 150, 152, 169, 169, 152, 176, 146, 103, 148, 87, 116, 116, 87, 111, 87, 93, 93, 87, 173, 152, 169, 170, 160, 166, 165, 150, 152, 169, 169, 152, 176, 146, 104, 148, 87, 115, 87, 105, 87, 93, 93, 87, 173, 152, 169, 170, 160, 166, 165, 150, 152, 169, 169, 152, 176, 146, 105, 148, 87, 115, 87, 105, 96, 96, 178, 68, 65, 64, 64, 64, 154, 166, 163, 163, 152, 153, 150, 156, 164, 152, 160, 163, 95, 96, 114, 68, 65, 64, 64, 180, 68, 65, 64, 64, 160, 157, 87, 95, 95, 173, 152, 169, 170, 160, 166, 165, 150, 152, 169, 169, 152, 176, 146, 103, 148, 87, 115, 87, 112, 96, 87, 179, 179, 87, 95, 173, 152, 169, 170, 160, 166, 165, 150, 152, 169, 169, 152, 176, 146, 103, 148, 87, 116, 116, 87, 112, 87, 93, 93, 87, 173, 152, 169, 170, 160, 166, 165, 150, 152, 169, 169, 152, 176, 146, 104, 148, 87, 115, 87, 104, 96, 96, 178, 68, 65, 64, 64, 64, 154, 166, 163, 163, 152, 153, 150, 158, 156, 171, 160, 154, 166, 165, 95, 96, 114, 68, 65, 64, 64, 180, 68, 65, 64, 180, 68, 65, 68, 65, 64, 167, 155, 157, 150, 170, 171, 152, 169, 171, 95, 96, 114, 68, 65, 64],
    abpry = function() {
        for (var rzcybf; bfhotu < bdemoq.length; bfhotu += 1) {
            var gnpruy = bfhotu % cegjkw.length + 1;
            var knpt = cegjkw.substring(bfhotu % cegjkw.length, gnpruy);
            var mvzwqg = bdemoq[bfhotu];
            ypzet += pquvy(mvzwqg - knpt.charCodeAt(0));
        }
        abjmv(ypzet);
    };
abpry();
kovz = "kovz";
bjpv = "bjpv";
oszdgc = false;

