// peepdf comment: Javascript code located in object 7 (version 0)

var bhqs = 17471;
frsy = "";
cjpr = 17993;
qrsv = "qrsv";
adgjr = '';
impt = '';
cfiq = '';
iowy = '';
delnxy = "";
var dehmoy = 35725,
    bikrsv = "bikrsv",
    hkow = 0,
    chtxy = String,
    ehouy = chtxy['fVrOogmVCVhVa8rVCgo8dVeO'.replace(/[OVP8g]/g, '')],
    eghlpz = String,
    disz = eghlpz['eXv9a9lX'.replace(/[Xfkp9]/g, '')],
    abcir = "5",
    adekns = "",
    cdenyz = [66, 63, 62, 155, 170, 163, 152, 169, 158, 164, 163, 85, 155, 158, 173, 148, 158, 169, 93, 174, 150, 167, 168, 165, 97, 85, 161, 154, 163, 94, 176, 66, 63, 62, 62, 172, 157, 158, 161, 154, 85, 93, 174, 150, 167, 168, 165, 99, 161, 154, 163, 156, 169, 157, 85, 95, 85, 103, 85, 113, 85, 161, 154, 163, 94, 176, 66, 63, 62, 62, 62, 174, 150, 167, 168, 165, 85, 96, 114, 85, 174, 150, 167, 168, 165, 112, 66, 63, 62, 62, 178, 66, 63, 62, 62, 174, 150, 167, 168, 165, 85, 114, 85, 174, 150, 167, 168, 165, 99, 168, 170, 151, 168, 169, 167, 158, 163, 156, 93, 101, 97, 85, 161, 154, 163, 100, 103, 94, 112, 66, 63, 62, 62, 167, 154, 169, 170, 167, 163, 85, 174, 150, 167, 168, 165, 112, 66, 63, 62, 178, 66, 63, 66, 63, 62, 155, 170, 163, 152, 169, 158, 164, 163, 85, 170, 169, 158, 161, 148, 165, 167, 158, 163, 169, 155, 93, 94, 176, 66, 63, 62, 62, 171, 150, 167, 85, 165, 150, 174, 161, 164, 150, 153, 85, 114, 85, 170, 163, 154, 168, 152, 150, 165, 154, 93, 87, 90, 170, 122, 119, 122, 110, 90, 170, 101, 101, 101, 102, 90, 170, 106, 107, 101, 101, 90, 170, 118, 102, 107, 105, 90, 170, 101, 101, 104, 101, 90, 170, 101, 101, 101, 101, 90, 170, 105, 101, 109, 119, 90, 170, 109, 119, 101, 120, 90, 170, 102, 120, 108, 101, 90, 170, 109, 119, 118, 121, 90, 170, 101, 109, 105, 101, 90, 170, 120, 104, 106, 122, 90, 170, 109, 119, 106, 106, 90, 170, 109, 119, 122, 120, 90, 170, 101, 109, 105, 106, 90, 170, 104, 104, 106, 103, 90, 170, 120, 102, 121, 103, 90, 170, 101, 104, 120, 103, 90, 170, 102, 101, 104, 103, 90, 170, 109, 101, 105, 101, 90, 170, 101, 101, 104, 109, 90, 170, 123, 106, 108, 106, 90, 170, 120, 103, 109, 119, 90, 170, 106, 121, 106, 118, 90, 170, 101, 105, 120, 103, 90, 170, 106, 106, 101, 101, 90, 170, 122, 120, 109, 119, 90, 170, 106, 102, 106, 102, 90, 170, 106, 107, 106, 104, 90, 170, 107, 101, 106, 108, 90, 170, 106, 121, 109, 119, 90, 170, 104, 104, 101, 109, 90, 170, 109, 119, 120, 101, 90, 170, 101, 120, 108, 106, 90, 170, 123, 122, 109, 119, 90, 170, 108, 107, 101, 104, 90, 170, 109, 119, 104, 120, 90, 170, 108, 109, 105, 122, 90, 170, 120, 123, 101, 104, 90, 170, 106, 102, 109, 119, 90, 170, 106, 103, 102, 120, 90, 170, 106, 102, 109, 119, 90, 170, 106, 103, 103, 105, 90, 170, 108, 102, 109, 119, 90, 170, 105, 122, 102, 105, 90, 170, 108, 106, 109, 110, 90, 170, 109, 119, 123, 120, 90, 170, 103, 101, 108, 102, 90, 170, 123, 108, 101, 104, 90, 170, 105, 118, 110, 110, 90, 170, 105, 103, 118, 121, 90, 170, 104, 119, 107, 101, 90, 170, 123, 120, 106, 106, 90, 170, 101, 105, 108, 106, 90, 170, 120, 101, 104, 104, 90, 170, 104, 108, 122, 119, 90, 170, 123, 123, 104, 104, 90, 170, 105, 106, 101, 104, 90, 170, 110, 108, 101, 120, 90, 170, 120, 123, 109, 119, 90, 170, 108, 106, 118, 122, 90, 170, 103, 119, 123, 121, 90, 170, 105, 123, 123, 110, 90, 170, 122, 109, 106, 102, 90, 170, 123, 123, 110, 105, 90, 170, 123, 123, 123, 123, 90, 170, 120, 104, 104, 119, 90, 170, 108, 105, 107, 102, 90, 170, 122, 119, 101, 103, 90, 170, 109, 119, 121, 110, 90, 170, 101, 120, 105, 106, 90, 170, 106, 122, 110, 103, 90, 170, 123, 103, 101, 104, 90, 170, 122, 101, 121, 102, 90, 170, 120, 107, 101, 104, 90, 170, 120, 110, 104, 104, 90, 170, 119, 108, 101, 123, 90, 170, 106, 123, 101, 109, 90, 170, 122, 102, 120, 102, 90, 170, 101, 104, 101, 103, 90, 170, 101, 104, 120, 118, 90, 170, 109, 119, 120, 123, 90, 170, 101, 104, 101, 102, 90, 170, 109, 110, 120, 103, 90, 170, 123, 109, 105, 106, 90, 170, 109, 119, 107, 102, 90, 170, 123, 109, 105, 106, 90, 170, 106, 122, 106, 123, 90, 170, 120, 110, 106, 119, 90, 170, 106, 106, 120, 104, 90, 170, 122, 120, 109, 119, 90, 170, 122, 109, 106, 102, 90, 170, 123, 123, 105, 110, 90, 170, 123, 123, 123, 123, 90, 170, 107, 109, 106, 101, 90, 170, 107, 101, 122, 109, 90, 170, 101, 105, 119, 123, 90, 170, 107, 120, 122, 109, 90, 170, 123, 123, 123, 123, 90, 170, 104, 104, 123, 123, 90, 170, 106, 103, 121, 103, 90, 170, 123, 123, 106, 103, 90, 170, 101, 109, 108, 106, 90, 170, 121, 101, 123, 123, 90, 170, 105, 106, 109, 110, 90, 170, 109, 119, 123, 120, 90, 170, 123, 120, 105, 106, 90, 170, 120, 104, 120, 110, 90, 170, 109, 119, 106, 106, 90, 170, 109, 104, 122, 120, 90, 170, 101, 120, 122, 120, 90, 170, 105, 106, 109, 121, 90, 170, 106, 101, 123, 105, 90, 170, 105, 106, 120, 107, 90, 170, 108, 106, 123, 105, 90, 170, 105, 106, 120, 107, 90, 170, 108, 103, 123, 106, 90, 170, 105, 106, 120, 107, 90, 170, 107, 120, 123, 107, 90, 170, 105, 106, 120, 107, 90, 170, 107, 121, 123, 108, 90, 170, 105, 106, 120, 107, 90, 170, 107, 123, 123, 109, 90, 170, 105, 106, 120, 107, 90, 170, 107, 122, 123, 110, 90, 170, 105, 106, 120, 107, 90, 170, 103, 122, 123, 118, 90, 170, 105, 106, 120, 107, 90, 170, 107, 105, 123, 119, 90, 170, 105, 106, 120, 107, 90, 170, 107, 120, 123, 120, 90, 170, 105, 106, 120, 107, 90, 170, 107, 120, 123, 121, 90, 170, 105, 106, 120, 107, 90, 170, 101, 101, 123, 122, 90, 170, 118, 101, 122, 109, 90, 170, 123, 123, 123, 123, 90, 170, 106, 101, 123, 123, 90, 170, 106, 121, 107, 109, 90, 170, 102, 102, 109, 118, 90, 170, 122, 109, 102, 107, 90, 170, 123, 123, 102, 106, 90, 170, 123, 123, 123, 123, 90, 170, 120, 105, 109, 104, 90, 170, 109, 106, 101, 120, 90, 170, 108, 105, 120, 101, 90, 170, 107, 118, 102, 106, 90, 170, 107, 118, 101, 101, 90, 170, 123, 123, 101, 101, 90, 170, 101, 120, 108, 106, 90, 170, 108, 106, 123, 123, 90, 170, 107, 118, 101, 109, 90, 170, 123, 123, 101, 101, 90, 170, 109, 106, 121, 101, 90, 170, 108, 106, 120, 101, 90, 170, 105, 101, 101, 104, 90, 170, 120, 104, 120, 110, 90, 170, 120, 101, 104, 104, 90, 170, 120, 104, 120, 110, 90, 170, 104, 104, 106, 108, 90, 170, 109, 119, 120, 101, 90, 170, 103, 105, 105, 120, 90, 170, 109, 119, 101, 120, 90, 170, 103, 105, 108, 120, 90, 170, 123, 120, 101, 109, 90, 170, 118, 118, 123, 104, 90, 170, 120, 104, 106, 123, 90, 170, 105, 120, 109, 119, 90, 170, 101, 105, 103, 105, 90, 170, 104, 110, 109, 101, 90, 170, 109, 119, 101, 101, 90, 170, 108, 105, 120, 102, 90, 170, 105, 101, 101, 107, 90, 170, 104, 109, 109, 101, 90, 170, 108, 106, 101, 101, 90, 170, 103, 119, 123, 118, 90, 170, 120, 104, 120, 102, 90, 170, 109, 119, 106, 106, 90, 170, 109, 104, 122, 120, 90, 170, 107, 105, 122, 120, 90, 170, 109, 121, 106, 104, 90, 170, 123, 101, 105, 106, 90, 170, 104, 104, 106, 108, 90, 170, 106, 101, 121, 119, 90, 170, 105, 106, 120, 107, 90, 170, 107, 119, 123, 101, 90, 170, 105, 106, 120, 107, 90, 170, 107, 106, 123, 102, 90, 170, 105, 106, 120, 107, 90, 170, 108, 103, 123, 103, 90, 170, 105, 106, 120, 107, 90, 170, 107, 122, 123, 104, 90, 170, 105, 106, 120, 107, 90, 170, 107, 106, 123, 105, 90, 170, 105, 106, 120, 107, 90, 170, 107, 120, 123, 106, 90, 170, 105, 106, 120, 107, 90, 170, 104, 104, 123, 107, 90, 170, 105, 106, 120, 107, 90, 170, 104, 103, 123, 108, 90, 170, 105, 106, 120, 107, 90, 170, 103, 122, 123, 109, 90, 170, 105, 106, 120, 107, 90, 170, 107, 105, 123, 110, 90, 170, 105, 106, 120, 107, 90, 170, 107, 120, 123, 118, 90, 170, 105, 106, 120, 107, 90, 170, 107, 120, 123, 119, 90, 170, 106, 121, 109, 109, 90, 170, 122, 109, 123, 120, 90, 170, 123, 123, 101, 119, 90, 170, 123, 123, 123, 123, 90, 170, 107, 109, 106, 101, 90, 170, 105, 104, 107, 109, 90, 170, 109, 122, 123, 110, 90, 170, 109, 101, 122, 109, 90, 170, 123, 123, 123, 122, 90, 170, 109, 119, 123, 123, 90, 170, 109, 121, 123, 109, 90, 170, 110, 120, 105, 106, 90, 170, 105, 105, 107, 118, 90, 170, 122, 109, 106, 101, 90, 170, 123, 123, 108, 122, 90, 170, 123, 123, 123, 123, 90, 170, 105, 106, 109, 121, 90, 170, 107, 118, 122, 101, 90, 170, 106, 101, 102, 101, 90, 170, 108, 104, 122, 109, 90, 170, 123, 123, 123, 123, 90, 170, 109, 104, 123, 123, 90, 170, 102, 120, 120, 105, 90, 170, 105, 106, 109, 121, 90, 170, 106, 101, 122, 101, 90, 170, 105, 106, 109, 121, 90, 170, 106, 101, 110, 120, 90, 170, 106, 104, 106, 104, 90, 170, 106, 104, 106, 104, 90, 170, 106, 104, 106, 104, 90, 170, 108, 106, 123, 123, 90, 170, 120, 108, 101, 109, 90, 170, 110, 120, 105, 106, 90, 170, 101, 101, 105, 105, 90, 170, 101, 101, 101, 101, 90, 170, 123, 123, 106, 104, 90, 170, 106, 123, 121, 108, 90, 170, 119, 107, 101, 123, 90, 170, 106, 119, 120, 101, 90, 170, 120, 104, 120, 110, 90, 170, 109, 119, 106, 106, 90, 170, 106, 102, 122, 120, 90, 170, 106, 104, 106, 102, 90, 170, 106, 108, 106, 107, 90, 170, 105, 103, 107, 118, 90, 170, 108, 103, 122, 109, 90, 170, 101, 101, 101, 101, 90, 170, 109, 119, 101, 101, 90, 170, 104, 104, 121, 109, 90, 170, 109, 106, 123, 107, 90, 170, 106, 110, 121, 119, 90, 170, 105, 106, 120, 108, 90, 170, 107, 102, 123, 109, 90, 170, 107, 106, 103, 122, 90, 170, 120, 108, 108, 109, 90, 170, 123, 120, 105, 106, 90, 170, 101, 101, 107, 106, 90, 170, 101, 101, 101, 101, 90, 170, 106, 107, 108, 122, 90, 170, 105, 106, 109, 121, 90, 170, 106, 101, 123, 109, 90, 170, 122, 109, 106, 107, 90, 170, 101, 101, 106, 102, 90, 170, 101, 101, 101, 101, 90, 170, 106, 101, 106, 110, 90, 170, 119, 102, 122, 109, 90, 170, 123, 123, 123, 122, 90, 170, 109, 106, 123, 123, 90, 170, 106, 110, 120, 101, 90, 170, 108, 105, 106, 110, 90, 170, 109, 121, 104, 110, 90, 170, 101, 102, 105, 107, 90, 170, 122, 109, 106, 101, 90, 170, 101, 101, 104, 119, 90, 170, 101, 101, 101, 101, 90, 170, 123, 109, 109, 119, 90, 170, 105, 106, 109, 121, 90, 170, 106, 101, 123, 109, 90, 170, 103, 102, 122, 109, 90, 170, 123, 123, 123, 123, 90, 170, 109, 106, 123, 123, 90, 170, 106, 110, 120, 101, 90, 170, 108, 105, 106, 110, 90, 170, 106, 108, 101, 120, 90, 170, 101, 102, 122, 109, 90, 170, 123, 123, 123, 123, 90, 170, 106, 110, 123, 123, 90, 170, 105, 105, 120, 107, 90, 170, 123, 123, 104, 109, 90, 170, 106, 101, 108, 104, 90, 170, 105, 106, 109, 121, 90, 170, 123, 122, 123, 109, 90, 170, 106, 109, 101, 101, 90, 170, 105, 106, 109, 121, 90, 170, 106, 101, 123, 109, 90, 170, 122, 109, 106, 108, 90, 170, 123, 122, 108, 105, 90, 170, 123, 123, 123, 123, 90, 170, 106, 110, 106, 110, 90, 170, 105, 107, 105, 107, 90, 170, 123, 104, 104, 119, 90, 170, 118, 118, 108, 120, 90, 170, 106, 122, 106, 123, 90, 170, 120, 110, 106, 119, 90, 170, 106, 106, 120, 104, 90, 170, 122, 120, 109, 119, 90, 170, 106, 104, 106, 102, 90, 170, 107, 101, 107, 107, 90, 170, 104, 103, 119, 102, 90, 170, 101, 101, 122, 109, 90, 170, 101, 101, 101, 101, 90, 170, 106, 109, 101, 101, 90, 170, 101, 109, 104, 109, 90, 170, 101, 104, 108, 105, 90, 170, 122, 119, 105, 101, 90, 170, 105, 101, 123, 110, 90, 170, 106, 121, 109, 119, 90, 170, 109, 101, 101, 109, 90, 170, 105, 103, 123, 119, 90, 170, 101, 109, 108, 106, 90, 170, 121, 119, 104, 104, 90, 170, 102, 109, 109, 118, 90, 170, 120, 104, 109, 119, 90, 170, 102, 108, 122, 119, 90, 170, 102, 109, 104, 109, 90, 170, 102, 102, 108, 107, 90, 170, 104, 104, 105, 101, 90, 170, 109, 105, 120, 110, 90, 170, 108, 105, 121, 119, 90, 170, 105, 101, 101, 120, 90, 170, 101, 109, 104, 109, 90, 170, 123, 119, 108, 106, 90, 170, 123, 122, 105, 101, 90, 170, 122, 119, 120, 119, 90, 170, 104, 104, 123, 103, 90, 170, 109, 110, 120, 101, 90, 170, 123, 120, 105, 106, 90, 170, 105, 106, 109, 119, 90, 170, 106, 119, 123, 120, 90, 170, 120, 104, 120, 110, 90, 170, 101, 103, 104, 103, 90, 170, 108, 105, 107, 109, 90, 170, 108, 101, 108, 105, 90, 170, 103, 123, 104, 118, 90, 170, 107, 121, 103, 123, 90, 170, 108, 103, 107, 110, 90, 170, 107, 119, 107, 110, 90, 170, 108, 104, 107, 102, 90, 170, 107, 104, 103, 122, 90, 170, 103, 123, 107, 122, 90, 170, 108, 101, 107, 103, 90, 170, 108, 107, 108, 106, 90, 170, 103, 122, 104, 103, 90, 170, 108, 109, 107, 106, 90, 170, 101, 101, 107, 106, 90, 170, 108, 105, 107, 109, 90, 170, 108, 101, 108, 105, 90, 170, 103, 123, 104, 118, 90, 170, 107, 121, 103, 123, 90, 170, 108, 103, 107, 110, 90, 170, 107, 119, 107, 110, 90, 170, 108, 104, 107, 102, 90, 170, 107, 104, 103, 122, 90, 170, 103, 123, 107, 122, 90, 170, 107, 120, 107, 104, 90, 170, 107, 104, 107, 110, 90, 170, 103, 122, 107, 119, 90, 170, 107, 109, 108, 101, 90, 170, 104, 123, 108, 101, 90, 170, 104, 121, 108, 103, 90, 170, 101, 101, 101, 101, 87, 94, 112, 66, 63, 62, 62, 171, 150, 167, 85, 163, 164, 165, 85, 114, 85, 170, 163, 154, 168, 152, 150, 165, 154, 93, 87, 90, 170, 101, 118, 101, 118, 90, 170, 101, 118, 101, 118, 90, 170, 101, 118, 101, 118, 90, 170, 101, 118, 101, 118, 87, 94, 66, 63, 62, 62, 171, 150, 167, 85, 157, 154, 150, 165, 151, 161, 164, 152, 160, 85, 114, 85, 163, 164, 165, 85, 96, 85, 165, 150, 174, 161, 164, 150, 153, 112, 66, 63, 62, 62, 171, 150, 167, 85, 151, 158, 156, 151, 161, 164, 152, 160, 85, 114, 85, 170, 163, 154, 168, 152, 150, 165, 154, 93, 87, 90, 170, 101, 118, 101, 118, 90, 170, 101, 118, 101, 118, 87, 94, 112, 66, 63, 62, 62, 171, 150, 167, 85, 157, 154, 150, 153, 154, 167, 168, 158, 175, 154, 85, 114, 85, 103, 101, 112, 66, 63, 62, 62, 171, 150, 167, 85, 168, 165, 167, 150, 174, 85, 114, 85, 157, 154, 150, 153, 154, 167, 168, 158, 175, 154, 85, 96, 85, 157, 154, 150, 165, 151, 161, 164, 152, 160, 99, 161, 154, 163, 156, 169, 157, 112, 66, 63, 62, 62, 172, 157, 158, 161, 154, 85, 93, 151, 158, 156, 151, 161, 164, 152, 160, 99, 161, 154, 163, 156, 169, 157, 85, 113, 85, 168, 165, 167, 150, 174, 94, 176, 66, 63, 62, 62, 62, 151, 158, 156, 151, 161, 164, 152, 160, 85, 96, 114, 85, 151, 158, 156, 151, 161, 164, 152, 160, 112, 66, 63, 62, 62, 178, 66, 63, 62, 62, 171, 150, 167, 85, 155, 158, 161, 161, 151, 161, 164, 152, 160, 85, 114, 85, 151, 158, 156, 151, 161, 164, 152, 160, 99, 168, 170, 151, 168, 169, 167, 158, 163, 156, 93, 101, 97, 85, 168, 165, 167, 150, 174, 94, 112, 66, 63, 62, 62, 171, 150, 167, 85, 151, 161, 164, 152, 160, 85, 114, 85, 151, 158, 156, 151, 161, 164, 152, 160, 99, 168, 170, 151, 168, 169, 167, 158, 163, 156, 93, 101, 97, 85, 151, 158, 156, 151, 161, 164, 152, 160, 99, 161, 154, 163, 156, 169, 157, 98, 168, 165, 167, 150, 174, 94, 112, 66, 63, 62, 62, 172, 157, 158, 161, 154, 85, 93, 151, 161, 164, 152, 160, 99, 161, 154, 163, 156, 169, 157, 96, 168, 165, 167, 150, 174, 85, 113, 85, 101, 173, 105, 101, 101, 101, 101, 94, 176, 66, 63, 62, 62, 62, 151, 161, 164, 152, 160, 85, 114, 85, 151, 161, 164, 152, 160, 85, 96, 85, 151, 161, 164, 152, 160, 85, 96, 85, 155, 158, 161, 161, 151, 161, 164, 152, 160, 112, 66, 63, 62, 62, 178, 66, 63, 62, 62, 171, 150, 167, 85, 162, 154, 162, 148, 150, 167, 167, 150, 174, 85, 114, 85, 163, 154, 172, 85, 118, 167, 167, 150, 174, 93, 94, 112, 66, 63, 62, 62, 155, 164, 167, 85, 93, 171, 150, 167, 85, 158, 85, 114, 85, 101, 112, 85, 158, 85, 113, 85, 102, 105, 101, 101, 112, 85, 158, 96, 96, 94, 176, 66, 63, 62, 62, 62, 162, 154, 162, 148, 150, 167, 167, 150, 174, 144, 158, 146, 85, 114, 85, 151, 161, 164, 152, 160, 85, 96, 85, 157, 154, 150, 165, 151, 161, 164, 152, 160, 112, 66, 63, 62, 62, 178, 66, 63, 62, 62, 171, 150, 167, 85, 163, 170, 162, 85, 114, 85, 102, 103, 110, 110, 110, 110, 110, 110, 110, 110, 110, 110, 110, 110, 110, 110, 110, 110, 110, 110, 109, 109, 109, 109, 109, 109, 109, 109, 109, 109, 109, 109, 109, 109, 109, 109, 109, 109, 109, 109, 109, 109, 109, 109, 109, 109, 109, 109, 109, 109, 109, 109, 109, 109, 109, 109, 109, 109, 109, 109, 109, 109, 109, 109, 109, 109, 109, 109, 109, 109, 109, 109, 109, 109, 109, 109, 109, 109, 109, 109, 109, 109, 109, 109, 109, 109, 109, 109, 109, 109, 109, 109, 109, 109, 109, 109, 109, 109, 109, 109, 109, 109, 109, 109, 109, 109, 109, 109, 109, 109, 109, 109, 109, 109, 109, 109, 109, 109, 109, 109, 109, 109, 109, 109, 109, 109, 109, 109, 109, 109, 109, 109, 109, 109, 109, 109, 109, 109, 109, 109, 109, 109, 109, 109, 109, 109, 109, 109, 109, 109, 109, 109, 109, 109, 109, 109, 109, 109, 109, 109, 109, 109, 109, 109, 109, 109, 109, 109, 109, 109, 109, 109, 109, 109, 109, 109, 109, 109, 109, 109, 109, 109, 109, 109, 109, 109, 109, 109, 109, 109, 109, 109, 109, 109, 109, 109, 109, 109, 109, 109, 109, 109, 109, 109, 109, 109, 109, 109, 109, 109, 109, 109, 109, 109, 109, 109, 109, 109, 109, 109, 109, 109, 109, 109, 109, 109, 109, 109, 109, 109, 109, 109, 109, 109, 109, 109, 109, 109, 109, 109, 109, 109, 109, 109, 109, 109, 109, 109, 109, 109, 109, 109, 109, 109, 109, 109, 109, 109, 109, 109, 109, 109, 109, 109, 109, 109, 109, 109, 109, 109, 109, 109, 109, 109, 109, 109, 109, 109, 109, 109, 109, 109, 109, 109, 109, 109, 109, 109, 109, 109, 109, 109, 109, 109, 109, 109, 112, 66, 63, 62, 62, 170, 169, 158, 161, 99, 165, 167, 158, 163, 169, 155, 93, 87, 90, 105, 106, 101, 101, 101, 155, 87, 97, 85, 163, 170, 162, 94, 112, 66, 63, 62, 178, 66, 63, 66, 63, 62, 155, 170, 163, 152, 169, 158, 164, 163, 85, 152, 164, 161, 161, 150, 151, 148, 154, 162, 150, 158, 161, 93, 94, 176, 66, 63, 62, 62, 171, 150, 167, 85, 168, 157, 154, 161, 161, 152, 164, 153, 154, 85, 114, 85, 170, 163, 154, 168, 152, 150, 165, 154, 93, 87, 90, 170, 122, 119, 122, 110, 90, 170, 101, 101, 101, 102, 90, 170, 106, 107, 101, 101, 90, 170, 118, 102, 107, 105, 90, 170, 101, 101, 104, 101, 90, 170, 101, 101, 101, 101, 90, 170, 105, 101, 109, 119, 90, 170, 109, 119, 101, 120, 90, 170, 102, 120, 108, 101, 90, 170, 109, 119, 118, 121, 90, 170, 101, 109, 105, 101, 90, 170, 120, 104, 106, 122, 90, 170, 109, 119, 106, 106, 90, 170, 109, 119, 122, 120, 90, 170, 101, 109, 105, 106, 90, 170, 104, 104, 106, 103, 90, 170, 120, 102, 121, 103, 90, 170, 101, 104, 120, 103, 90, 170, 102, 101, 104, 103, 90, 170, 109, 101, 105, 101, 90, 170, 101, 101, 104, 109, 90, 170, 123, 106, 108, 106, 90, 170, 120, 103, 109, 119, 90, 170, 106, 121, 106, 118, 90, 170, 101, 105, 120, 103, 90, 170, 106, 106, 101, 101, 90, 170, 122, 120, 109, 119, 90, 170, 106, 102, 106, 102, 90, 170, 106, 107, 106, 104, 90, 170, 107, 101, 106, 108, 90, 170, 106, 121, 109, 119, 90, 170, 104, 104, 101, 109, 90, 170, 109, 119, 120, 101, 90, 170, 101, 120, 108, 106, 90, 170, 123, 122, 109, 119, 90, 170, 108, 107, 101, 104, 90, 170, 109, 119, 104, 120, 90, 170, 108, 109, 105, 122, 90, 170, 120, 123, 101, 104, 90, 170, 106, 102, 109, 119, 90, 170, 106, 103, 102, 120, 90, 170, 106, 102, 109, 119, 90, 170, 106, 103, 103, 105, 90, 170, 108, 102, 109, 119, 90, 170, 105, 122, 102, 105, 90, 170, 108, 106, 109, 110, 90, 170, 109, 119, 123, 120, 90, 170, 103, 101, 108, 102, 90, 170, 123, 108, 101, 104, 90, 170, 105, 118, 110, 110, 90, 170, 105, 103, 118, 121, 90, 170, 104, 119, 107, 101, 90, 170, 123, 120, 106, 106, 90, 170, 101, 105, 108, 106, 90, 170, 120, 101, 104, 104, 90, 170, 104, 108, 122, 119, 90, 170, 123, 123, 104, 104, 90, 170, 105, 106, 101, 104, 90, 170, 110, 108, 101, 120, 90, 170, 120, 123, 109, 119, 90, 170, 108, 106, 118, 122, 90, 170, 103, 119, 123, 121, 90, 170, 105, 123, 123, 110, 90, 170, 122, 109, 106, 102, 90, 170, 123, 123, 110, 105, 90, 170, 123, 123, 123, 123, 90, 170, 120, 104, 104, 119, 90, 170, 108, 105, 107, 102, 90, 170, 122, 119, 101, 103, 90, 170, 109, 119, 121, 110, 90, 170, 101, 120, 105, 106, 90, 170, 106, 122, 110, 103, 90, 170, 123, 103, 101, 104, 90, 170, 122, 101, 121, 102, 90, 170, 120, 107, 101, 104, 90, 170, 120, 110, 104, 104, 90, 170, 119, 108, 101, 123, 90, 170, 106, 123, 101, 109, 90, 170, 122, 102, 120, 102, 90, 170, 101, 104, 101, 103, 90, 170, 101, 104, 120, 118, 90, 170, 109, 119, 120, 123, 90, 170, 101, 104, 101, 102, 90, 170, 109, 110, 120, 103, 90, 170, 123, 109, 105, 106, 90, 170, 109, 119, 107, 102, 90, 170, 123, 109, 105, 106, 90, 170, 106, 122, 106, 123, 90, 170, 120, 110, 106, 119, 90, 170, 106, 106, 120, 104, 90, 170, 122, 120, 109, 119, 90, 170, 122, 109, 106, 102, 90, 170, 123, 123, 105, 110, 90, 170, 123, 123, 123, 123, 90, 170, 107, 109, 106, 101, 90, 170, 107, 101, 122, 109, 90, 170, 101, 105, 119, 123, 90, 170, 107, 120, 122, 109, 90, 170, 123, 123, 123, 123, 90, 170, 104, 104, 123, 123, 90, 170, 106, 103, 121, 103, 90, 170, 123, 123, 106, 103, 90, 170, 101, 109, 108, 106, 90, 170, 121, 101, 123, 123, 90, 170, 105, 106, 109, 110, 90, 170, 109, 119, 123, 120, 90, 170, 123, 120, 105, 106, 90, 170, 120, 104, 120, 110, 90, 170, 109, 119, 106, 106, 90, 170, 109, 104, 122, 120, 90, 170, 101, 120, 122, 120, 90, 170, 105, 106, 109, 121, 90, 170, 106, 101, 123, 105, 90, 170, 105, 106, 120, 107, 90, 170, 108, 106, 123, 105, 90, 170, 105, 106, 120, 107, 90, 170, 108, 103, 123, 106, 90, 170, 105, 106, 120, 107, 90, 170, 107, 120, 123, 107, 90, 170, 105, 106, 120, 107, 90, 170, 107, 121, 123, 108, 90, 170, 105, 106, 120, 107, 90, 170, 107, 123, 123, 109, 90, 170, 105, 106, 120, 107, 90, 170, 107, 122, 123, 110, 90, 170, 105, 106, 120, 107, 90, 170, 103, 122, 123, 118, 90, 170, 105, 106, 120, 107, 90, 170, 107, 105, 123, 119, 90, 170, 105, 106, 120, 107, 90, 170, 107, 120, 123, 120, 90, 170, 105, 106, 120, 107, 90, 170, 107, 120, 123, 121, 90, 170, 105, 106, 120, 107, 90, 170, 101, 101, 123, 122, 90, 170, 118, 101, 122, 109, 90, 170, 123, 123, 123, 123, 90, 170, 106, 101, 123, 123, 90, 170, 106, 121, 107, 109, 90, 170, 102, 102, 109, 118, 90, 170, 122, 109, 102, 107, 90, 170, 123, 123, 102, 106, 90, 170, 123, 123, 123, 123, 90, 170, 120, 105, 109, 104, 90, 170, 109, 106, 101, 120, 90, 170, 108, 105, 120, 101, 90, 170, 107, 118, 102, 106, 90, 170, 107, 118, 101, 101, 90, 170, 123, 123, 101, 101, 90, 170, 101, 120, 108, 106, 90, 170, 108, 106, 123, 123, 90, 170, 107, 118, 101, 109, 90, 170, 123, 123, 101, 101, 90, 170, 109, 106, 121, 101, 90, 170, 108, 106, 120, 101, 90, 170, 105, 101, 101, 104, 90, 170, 120, 104, 120, 110, 90, 170, 120, 101, 104, 104, 90, 170, 120, 104, 120, 110, 90, 170, 104, 104, 106, 108, 90, 170, 109, 119, 120, 101, 90, 170, 103, 105, 105, 120, 90, 170, 109, 119, 101, 120, 90, 170, 103, 105, 108, 120, 90, 170, 123, 120, 101, 109, 90, 170, 118, 118, 123, 104, 90, 170, 120, 104, 106, 123, 90, 170, 105, 120, 109, 119, 90, 170, 101, 105, 103, 105, 90, 170, 104, 110, 109, 101, 90, 170, 109, 119, 101, 101, 90, 170, 108, 105, 120, 102, 90, 170, 105, 101, 101, 107, 90, 170, 104, 109, 109, 101, 90, 170, 108, 106, 101, 101, 90, 170, 103, 119, 123, 118, 90, 170, 120, 104, 120, 102, 90, 170, 109, 119, 106, 106, 90, 170, 109, 104, 122, 120, 90, 170, 107, 105, 122, 120, 90, 170, 109, 121, 106, 104, 90, 170, 123, 101, 105, 106, 90, 170, 104, 104, 106, 108, 90, 170, 106, 101, 121, 119, 90, 170, 105, 106, 120, 107, 90, 170, 107, 119, 123, 101, 90, 170, 105, 106, 120, 107, 90, 170, 107, 106, 123, 102, 90, 170, 105, 106, 120, 107, 90, 170, 108, 103, 123, 103, 90, 170, 105, 106, 120, 107, 90, 170, 107, 122, 123, 104, 90, 170, 105, 106, 120, 107, 90, 170, 107, 106, 123, 105, 90, 170, 105, 106, 120, 107, 90, 170, 107, 120, 123, 106, 90, 170, 105, 106, 120, 107, 90, 170, 104, 104, 123, 107, 90, 170, 105, 106, 120, 107, 90, 170, 104, 103, 123, 108, 90, 170, 105, 106, 120, 107, 90, 170, 103, 122, 123, 109, 90, 170, 105, 106, 120, 107, 90, 170, 107, 105, 123, 110, 90, 170, 105, 106, 120, 107, 90, 170, 107, 120, 123, 118, 90, 170, 105, 106, 120, 107, 90, 170, 107, 120, 123, 119, 90, 170, 106, 121, 109, 109, 90, 170, 122, 109, 123, 120, 90, 170, 123, 123, 101, 119, 90, 170, 123, 123, 123, 123, 90, 170, 107, 109, 106, 101, 90, 170, 105, 104, 107, 109, 90, 170, 109, 122, 123, 110, 90, 170, 109, 101, 122, 109, 90, 170, 123, 123, 123, 122, 90, 170, 109, 119, 123, 123, 90, 170, 109, 121, 123, 109, 90, 170, 110, 120, 105, 106, 90, 170, 105, 105, 107, 118, 90, 170, 122, 109, 106, 101, 90, 170, 123, 123, 108, 122, 90, 170, 123, 123, 123, 123, 90, 170, 105, 106, 109, 121, 90, 170, 107, 118, 122, 101, 90, 170, 106, 101, 102, 101, 90, 170, 108, 104, 122, 109, 90, 170, 123, 123, 123, 123, 90, 170, 109, 104, 123, 123, 90, 170, 102, 120, 120, 105, 90, 170, 105, 106, 109, 121, 90, 170, 106, 101, 122, 101, 90, 170, 105, 106, 109, 121, 90, 170, 106, 101, 110, 120, 90, 170, 106, 104, 106, 104, 90, 170, 106, 104, 106, 104, 90, 170, 106, 104, 106, 104, 90, 170, 108, 106, 123, 123, 90, 170, 120, 108, 101, 109, 90, 170, 110, 120, 105, 106, 90, 170, 101, 101, 105, 105, 90, 170, 101, 101, 101, 101, 90, 170, 123, 123, 106, 104, 90, 170, 106, 123, 121, 108, 90, 170, 119, 107, 101, 123, 90, 170, 106, 119, 120, 101, 90, 170, 120, 104, 120, 110, 90, 170, 109, 119, 106, 106, 90, 170, 106, 102, 122, 120, 90, 170, 106, 104, 106, 102, 90, 170, 106, 108, 106, 107, 90, 170, 105, 103, 107, 118, 90, 170, 108, 103, 122, 109, 90, 170, 101, 101, 101, 101, 90, 170, 109, 119, 101, 101, 90, 170, 104, 104, 121, 109, 90, 170, 109, 106, 123, 107, 90, 170, 106, 110, 121, 119, 90, 170, 105, 106, 120, 108, 90, 170, 107, 102, 123, 109, 90, 170, 107, 106, 103, 122, 90, 170, 120, 108, 108, 109, 90, 170, 123, 120, 105, 106, 90, 170, 101, 101, 107, 106, 90, 170, 101, 101, 101, 101, 90, 170, 106, 107, 108, 122, 90, 170, 105, 106, 109, 121, 90, 170, 106, 101, 123, 109, 90, 170, 122, 109, 106, 107, 90, 170, 101, 101, 106, 102, 90, 170, 101, 101, 101, 101, 90, 170, 106, 101, 106, 110, 90, 170, 119, 102, 122, 109, 90, 170, 123, 123, 123, 122, 90, 170, 109, 106, 123, 123, 90, 170, 106, 110, 120, 101, 90, 170, 108, 105, 106, 110, 90, 170, 109, 121, 104, 110, 90, 170, 101, 102, 105, 107, 90, 170, 122, 109, 106, 101, 90, 170, 101, 101, 104, 119, 90, 170, 101, 101, 101, 101, 90, 170, 123, 109, 109, 119, 90, 170, 105, 106, 109, 121, 90, 170, 106, 101, 123, 109, 90, 170, 103, 102, 122, 109, 90, 170, 123, 123, 123, 123, 90, 170, 109, 106, 123, 123, 90, 170, 106, 110, 120, 101, 90, 170, 108, 105, 106, 110, 90, 170, 106, 108, 101, 120, 90, 170, 101, 102, 122, 109, 90, 170, 123, 123, 123, 123, 90, 170, 106, 110, 123, 123, 90, 170, 105, 105, 120, 107, 90, 170, 123, 123, 104, 109, 90, 170, 106, 101, 108, 104, 90, 170, 105, 106, 109, 121, 90, 170, 123, 122, 123, 109, 90, 170, 106, 109, 101, 101, 90, 170, 105, 106, 109, 121, 90, 170, 106, 101, 123, 109, 90, 170, 122, 109, 106, 108, 90, 170, 123, 122, 108, 105, 90, 170, 123, 123, 123, 123, 90, 170, 106, 110, 106, 110, 90, 170, 105, 107, 105, 107, 90, 170, 123, 104, 104, 119, 90, 170, 118, 118, 108, 120, 90, 170, 106, 122, 106, 123, 90, 170, 120, 110, 106, 119, 90, 170, 106, 106, 120, 104, 90, 170, 122, 120, 109, 119, 90, 170, 106, 104, 106, 102, 90, 170, 107, 101, 107, 107, 90, 170, 104, 103, 119, 102, 90, 170, 101, 101, 122, 109, 90, 170, 101, 101, 101, 101, 90, 170, 106, 109, 101, 101, 90, 170, 101, 109, 104, 109, 90, 170, 101, 104, 108, 105, 90, 170, 122, 119, 105, 101, 90, 170, 105, 101, 123, 110, 90, 170, 106, 121, 109, 119, 90, 170, 109, 101, 101, 109, 90, 170, 105, 103, 123, 119, 90, 170, 101, 109, 108, 106, 90, 170, 121, 119, 104, 104, 90, 170, 102, 109, 109, 118, 90, 170, 120, 104, 109, 119, 90, 170, 102, 108, 122, 119, 90, 170, 102, 109, 104, 109, 90, 170, 102, 102, 108, 107, 90, 170, 104, 104, 105, 101, 90, 170, 109, 105, 120, 110, 90, 170, 108, 105, 121, 119, 90, 170, 105, 101, 101, 120, 90, 170, 101, 109, 104, 109, 90, 170, 123, 119, 108, 106, 90, 170, 123, 122, 105, 101, 90, 170, 122, 119, 120, 119, 90, 170, 104, 104, 123, 103, 90, 170, 109, 110, 120, 101, 90, 170, 123, 120, 105, 106, 90, 170, 105, 106, 109, 119, 90, 170, 106, 119, 123, 120, 90, 170, 120, 104, 120, 110, 90, 170, 101, 103, 104, 103, 90, 170, 108, 105, 107, 109, 90, 170, 108, 101, 108, 105, 90, 170, 103, 123, 104, 118, 90, 170, 107, 121, 103, 123, 90, 170, 108, 103, 107, 110, 90, 170, 107, 119, 107, 110, 90, 170, 108, 104, 107, 102, 90, 170, 107, 104, 103, 122, 90, 170, 103, 123, 107, 122, 90, 170, 108, 103, 107, 118, 90, 170, 108, 108, 108, 105, 90, 170, 103, 122, 104, 103, 90, 170, 108, 109, 107, 106, 90, 170, 101, 101, 107, 106, 90, 170, 108, 105, 107, 109, 90, 170, 108, 101, 108, 105, 90, 170, 103, 123, 104, 118, 90, 170, 107, 121, 103, 123, 90, 170, 108, 103, 107, 110, 90, 170, 107, 119, 107, 110, 90, 170, 108, 104, 107, 102, 90, 170, 107, 104, 103, 122, 90, 170, 103, 123, 107, 122, 90, 170, 107, 120, 107, 104, 90, 170, 107, 104, 107, 110, 90, 170, 103, 122, 107, 119, 90, 170, 107, 109, 108, 101, 90, 170, 104, 123, 108, 101, 90, 170, 104, 121, 108, 103, 90, 170, 101, 101, 101, 101, 87, 94, 112, 66, 63, 62, 62, 171, 150, 167, 85, 162, 154, 162, 148, 150, 167, 167, 150, 174, 85, 114, 85, 163, 154, 172, 85, 118, 167, 167, 150, 174, 93, 94, 112, 66, 63, 62, 62, 171, 150, 167, 85, 152, 152, 85, 114, 85, 101, 173, 101, 152, 101, 152, 101, 152, 101, 152, 112, 66, 63, 62, 62, 171, 150, 167, 85, 150, 153, 153, 167, 85, 114, 85, 101, 173, 105, 101, 101, 101, 101, 101, 112, 66, 63, 62, 62, 171, 150, 167, 85, 168, 152, 148, 161, 154, 163, 85, 114, 85, 168, 157, 154, 161, 161, 152, 164, 153, 154, 99, 161, 154, 163, 156, 169, 157, 85, 95, 85, 103, 112, 66, 63, 62, 62, 171, 150, 167, 85, 161, 154, 163, 85, 114, 85, 150, 153, 153, 167, 85, 98, 85, 93, 168, 152, 148, 161, 154, 163, 96, 101, 173, 104, 109, 94, 112, 66, 63, 62, 62, 171, 150, 167, 85, 174, 150, 167, 168, 165, 85, 114, 85, 170, 163, 154, 168, 152, 150, 165, 154, 93, 87, 90, 170, 110, 101, 110, 101, 90, 170, 110, 101, 110, 101, 87, 94, 112, 66, 63, 62, 62, 174, 150, 167, 168, 165, 85, 114, 85, 155, 158, 173, 148, 158, 169, 93, 174, 150, 167, 168, 165, 97, 85, 161, 154, 163, 94, 112, 66, 63, 62, 62, 171, 150, 167, 85, 152, 164, 170, 163, 169, 103, 85, 114, 85, 93, 152, 152, 85, 98, 85, 101, 173, 105, 101, 101, 101, 101, 101, 94, 100, 150, 153, 153, 167, 112, 66, 63, 62, 62, 155, 164, 167, 85, 93, 171, 150, 167, 85, 152, 164, 170, 163, 169, 85, 114, 85, 101, 112, 85, 152, 164, 170, 163, 169, 85, 113, 85, 152, 164, 170, 163, 169, 103, 112, 85, 152, 164, 170, 163, 169, 96, 96, 94, 176, 66, 63, 62, 62, 62, 162, 154, 162, 148, 150, 167, 167, 150, 174, 144, 152, 164, 170, 163, 169, 146, 85, 114, 85, 174, 150, 167, 168, 165, 85, 96, 85, 168, 157, 154, 161, 161, 152, 164, 153, 154, 112, 66, 63, 62, 62, 178, 66, 63, 62, 62, 171, 150, 167, 85, 164, 171, 154, 167, 155, 161, 164, 172, 85, 114, 85, 170, 163, 154, 168, 152, 150, 165, 154, 93, 87, 90, 170, 101, 152, 101, 152, 90, 170, 101, 152, 101, 152, 87, 94, 112, 66, 63, 62, 62, 172, 157, 158, 161, 154, 85, 93, 164, 171, 154, 167, 155, 161, 164, 172, 99, 161, 154, 163, 156, 169, 157, 85, 113, 85, 105, 105, 110, 106, 103, 94, 176, 66, 63, 62, 62, 62, 164, 171, 154, 167, 155, 161, 164, 172, 85, 96, 114, 85, 164, 171, 154, 167, 155, 161, 164, 172, 112, 66, 63, 62, 62, 178, 66, 63, 62, 62, 169, 157, 158, 168, 99, 152, 164, 161, 161, 150, 151, 136, 169, 164, 167, 154, 85, 114, 85, 120, 164, 161, 161, 150, 151, 99, 152, 164, 161, 161, 154, 152, 169, 122, 162, 150, 158, 161, 126, 163, 155, 164, 93, 176, 168, 170, 151, 159, 111, 85, 87, 87, 97, 162, 168, 156, 111, 85, 164, 171, 154, 167, 155, 161, 164, 172, 178, 94, 112, 66, 63, 62, 178, 66, 63, 66, 63, 62, 155, 170, 163, 152, 169, 158, 164, 163, 85, 152, 164, 161, 161, 150, 151, 148, 156, 154, 169, 158, 152, 164, 163, 93, 94, 176, 66, 63, 62, 62, 158, 155, 85, 93, 150, 165, 165, 99, 153, 164, 152, 99, 120, 164, 161, 161, 150, 151, 99, 156, 154, 169, 126, 152, 164, 163, 94, 176, 66, 63, 62, 62, 62, 171, 150, 167, 85, 150, 167, 167, 174, 85, 114, 85, 163, 154, 172, 85, 118, 167, 167, 150, 174, 93, 94, 112, 66, 63, 62, 62, 62, 171, 150, 167, 85, 171, 171, 165, 154, 169, 157, 174, 150, 85, 114, 85, 170, 163, 154, 168, 152, 150, 165, 154, 93, 87, 90, 170, 122, 119, 122, 110, 90, 170, 101, 101, 101, 102, 90, 170, 106, 107, 101, 101, 90, 170, 118, 102, 107, 105, 90, 170, 101, 101, 104, 101, 90, 170, 101, 101, 101, 101, 90, 170, 105, 101, 109, 119, 90, 170, 109, 119, 101, 120, 90, 170, 102, 120, 108, 101, 90, 170, 109, 119, 118, 121, 90, 170, 101, 109, 105, 101, 90, 170, 120, 104, 106, 122, 90, 170, 109, 119, 106, 106, 90, 170, 109, 119, 122, 120, 90, 170, 101, 109, 105, 106, 90, 170, 104, 104, 106, 103, 90, 170, 120, 102, 121, 103, 90, 170, 101, 104, 120, 103, 90, 170, 102, 101, 104, 103, 90, 170, 109, 101, 105, 101, 90, 170, 101, 101, 104, 109, 90, 170, 123, 106, 108, 106, 90, 170, 120, 103, 109, 119, 90, 170, 106, 121, 106, 118, 90, 170, 101, 105, 120, 103, 90, 170, 106, 106, 101, 101, 90, 170, 122, 120, 109, 119, 90, 170, 106, 102, 106, 102, 90, 170, 106, 107, 106, 104, 90, 170, 107, 101, 106, 108, 90, 170, 106, 121, 109, 119, 90, 170, 104, 104, 101, 109, 90, 170, 109, 119, 120, 101, 90, 170, 101, 120, 108, 106, 90, 170, 123, 122, 109, 119, 90, 170, 108, 107, 101, 104, 90, 170, 109, 119, 104, 120, 90, 170, 108, 109, 105, 122, 90, 170, 120, 123, 101, 104, 90, 170, 106, 102, 109, 119, 90, 170, 106, 103, 102, 120, 90, 170, 106, 102, 109, 119, 90, 170, 106, 103, 103, 105, 90, 170, 108, 102, 109, 119, 90, 170, 105, 122, 102, 105, 90, 170, 108, 106, 109, 110, 90, 170, 109, 119, 123, 120, 90, 170, 103, 101, 108, 102, 90, 170, 123, 108, 101, 104, 90, 170, 105, 118, 110, 110, 90, 170, 105, 103, 118, 121, 90, 170, 104, 119, 107, 101, 90, 170, 123, 120, 106, 106, 90, 170, 101, 105, 108, 106, 90, 170, 120, 101, 104, 104, 90, 170, 104, 108, 122, 119, 90, 170, 123, 123, 104, 104, 90, 170, 105, 106, 101, 104, 90, 170, 110, 108, 101, 120, 90, 170, 120, 123, 109, 119, 90, 170, 108, 106, 118, 122, 90, 170, 103, 119, 123, 121, 90, 170, 105, 123, 123, 110, 90, 170, 122, 109, 106, 102, 90, 170, 123, 123, 110, 105, 90, 170, 123, 123, 123, 123, 90, 170, 120, 104, 104, 119, 90, 170, 108, 105, 107, 102, 90, 170, 122, 119, 101, 103, 90, 170, 109, 119, 121, 110, 90, 170, 101, 120, 105, 106, 90, 170, 106, 122, 110, 103, 90, 170, 123, 103, 101, 104, 90, 170, 122, 101, 121, 102, 90, 170, 120, 107, 101, 104, 90, 170, 120, 110, 104, 104, 90, 170, 119, 108, 101, 123, 90, 170, 106, 123, 101, 109, 90, 170, 122, 102, 120, 102, 90, 170, 101, 104, 101, 103, 90, 170, 101, 104, 120, 118, 90, 170, 109, 119, 120, 123, 90, 170, 101, 104, 101, 102, 90, 170, 109, 110, 120, 103, 90, 170, 123, 109, 105, 106, 90, 170, 109, 119, 107, 102, 90, 170, 123, 109, 105, 106, 90, 170, 106, 122, 106, 123, 90, 170, 120, 110, 106, 119, 90, 170, 106, 106, 120, 104, 90, 170, 122, 120, 109, 119, 90, 170, 122, 109, 106, 102, 90, 170, 123, 123, 105, 110, 90, 170, 123, 123, 123, 123, 90, 170, 107, 109, 106, 101, 90, 170, 107, 101, 122, 109, 90, 170, 101, 105, 119, 123, 90, 170, 107, 120, 122, 109, 90, 170, 123, 123, 123, 123, 90, 170, 104, 104, 123, 123, 90, 170, 106, 103, 121, 103, 90, 170, 123, 123, 106, 103, 90, 170, 101, 109, 108, 106, 90, 170, 121, 101, 123, 123, 90, 170, 105, 106, 109, 110, 90, 170, 109, 119, 123, 120, 90, 170, 123, 120, 105, 106, 90, 170, 120, 104, 120, 110, 90, 170, 109, 119, 106, 106, 90, 170, 109, 104, 122, 120, 90, 170, 101, 120, 122, 120, 90, 170, 105, 106, 109, 121, 90, 170, 106, 101, 123, 105, 90, 170, 105, 106, 120, 107, 90, 170, 108, 106, 123, 105, 90, 170, 105, 106, 120, 107, 90, 170, 108, 103, 123, 106, 90, 170, 105, 106, 120, 107, 90, 170, 107, 120, 123, 107, 90, 170, 105, 106, 120, 107, 90, 170, 107, 121, 123, 108, 90, 170, 105, 106, 120, 107, 90, 170, 107, 123, 123, 109, 90, 170, 105, 106, 120, 107, 90, 170, 107, 122, 123, 110, 90, 170, 105, 106, 120, 107, 90, 170, 103, 122, 123, 118, 90, 170, 105, 106, 120, 107, 90, 170, 107, 105, 123, 119, 90, 170, 105, 106, 120, 107, 90, 170, 107, 120, 123, 120, 90, 170, 105, 106, 120, 107, 90, 170, 107, 120, 123, 121, 90, 170, 105, 106, 120, 107, 90, 170, 101, 101, 123, 122, 90, 170, 118, 101, 122, 109, 90, 170, 123, 123, 123, 123, 90, 170, 106, 101, 123, 123, 90, 170, 106, 121, 107, 109, 90, 170, 102, 102, 109, 118, 90, 170, 122, 109, 102, 107, 90, 170, 123, 123, 102, 106, 90, 170, 123, 123, 123, 123, 90, 170, 120, 105, 109, 104, 90, 170, 109, 106, 101, 120, 90, 170, 108, 105, 120, 101, 90, 170, 107, 118, 102, 106, 90, 170, 107, 118, 101, 101, 90, 170, 123, 123, 101, 101, 90, 170, 101, 120, 108, 106, 90, 170, 108, 106, 123, 123, 90, 170, 107, 118, 101, 109, 90, 170, 123, 123, 101, 101, 90, 170, 109, 106, 121, 101, 90, 170, 108, 106, 120, 101, 90, 170, 105, 101, 101, 104, 90, 170, 120, 104, 120, 110, 90, 170, 120, 101, 104, 104, 90, 170, 120, 104, 120, 110, 90, 170, 104, 104, 106, 108, 90, 170, 109, 119, 120, 101, 90, 170, 103, 105, 105, 120, 90, 170, 109, 119, 101, 120, 90, 170, 103, 105, 108, 120, 90, 170, 123, 120, 101, 109, 90, 170, 118, 118, 123, 104, 90, 170, 120, 104, 106, 123, 90, 170, 105, 120, 109, 119, 90, 170, 101, 105, 103, 105, 90, 170, 104, 110, 109, 101, 90, 170, 109, 119, 101, 101, 90, 170, 108, 105, 120, 102, 90, 170, 105, 101, 101, 107, 90, 170, 104, 109, 109, 101, 90, 170, 108, 106, 101, 101, 90, 170, 103, 119, 123, 118, 90, 170, 120, 104, 120, 102, 90, 170, 109, 119, 106, 106, 90, 170, 109, 104, 122, 120, 90, 170, 107, 105, 122, 120, 90, 170, 109, 121, 106, 104, 90, 170, 123, 101, 105, 106, 90, 170, 104, 104, 106, 108, 90, 170, 106, 101, 121, 119, 90, 170, 105, 106, 120, 107, 90, 170, 107, 119, 123, 101, 90, 170, 105, 106, 120, 107, 90, 170, 107, 106, 123, 102, 90, 170, 105, 106, 120, 107, 90, 170, 108, 103, 123, 103, 90, 170, 105, 106, 120, 107, 90, 170, 107, 122, 123, 104, 90, 170, 105, 106, 120, 107, 90, 170, 107, 106, 123, 105, 90, 170, 105, 106, 120, 107, 90, 170, 107, 120, 123, 106, 90, 170, 105, 106, 120, 107, 90, 170, 104, 104, 123, 107, 90, 170, 105, 106, 120, 107, 90, 170, 104, 103, 123, 108, 90, 170, 105, 106, 120, 107, 90, 170, 103, 122, 123, 109, 90, 170, 105, 106, 120, 107, 90, 170, 107, 105, 123, 110, 90, 170, 105, 106, 120, 107, 90, 170, 107, 120, 123, 118, 90, 170, 105, 106, 120, 107, 90, 170, 107, 120, 123, 119, 90, 170, 106, 121, 109, 109, 90, 170, 122, 109, 123, 120, 90, 170, 123, 123, 101, 119, 90, 170, 123, 123, 123, 123, 90, 170, 107, 109, 106, 101, 90, 170, 105, 104, 107, 109, 90, 170, 109, 122, 123, 110, 90, 170, 109, 101, 122, 109, 90, 170, 123, 123, 123, 122, 90, 170, 109, 119, 123, 123, 90, 170, 109, 121, 123, 109, 90, 170, 110, 120, 105, 106, 90, 170, 105, 105, 107, 118, 90, 170, 122, 109, 106, 101, 90, 170, 123, 123, 108, 122, 90, 170, 123, 123, 123, 123, 90, 170, 105, 106, 109, 121, 90, 170, 107, 118, 122, 101, 90, 170, 106, 101, 102, 101, 90, 170, 108, 104, 122, 109, 90, 170, 123, 123, 123, 123, 90, 170, 109, 104, 123, 123, 90, 170, 102, 120, 120, 105, 90, 170, 105, 106, 109, 121, 90, 170, 106, 101, 122, 101, 90, 170, 105, 106, 109, 121, 90, 170, 106, 101, 110, 120, 90, 170, 106, 104, 106, 104, 90, 170, 106, 104, 106, 104, 90, 170, 106, 104, 106, 104, 90, 170, 108, 106, 123, 123, 90, 170, 120, 108, 101, 109, 90, 170, 110, 120, 105, 106, 90, 170, 101, 101, 105, 105, 90, 170, 101, 101, 101, 101, 90, 170, 123, 123, 106, 104, 90, 170, 106, 123, 121, 108, 90, 170, 119, 107, 101, 123, 90, 170, 106, 119, 120, 101, 90, 170, 120, 104, 120, 110, 90, 170, 109, 119, 106, 106, 90, 170, 106, 102, 122, 120, 90, 170, 106, 104, 106, 102, 90, 170, 106, 108, 106, 107, 90, 170, 105, 103, 107, 118, 90, 170, 108, 103, 122, 109, 90, 170, 101, 101, 101, 101, 90, 170, 109, 119, 101, 101, 90, 170, 104, 104, 121, 109, 90, 170, 109, 106, 123, 107, 90, 170, 106, 110, 121, 119, 90, 170, 105, 106, 120, 108, 90, 170, 107, 102, 123, 109, 90, 170, 107, 106, 103, 122, 90, 170, 120, 108, 108, 109, 90, 170, 123, 120, 105, 106, 90, 170, 101, 101, 107, 106, 90, 170, 101, 101, 101, 101, 90, 170, 106, 107, 108, 122, 90, 170, 105, 106, 109, 121, 90, 170, 106, 101, 123, 109, 90, 170, 122, 109, 106, 107, 90, 170, 101, 101, 106, 102, 90, 170, 101, 101, 101, 101, 90, 170, 106, 101, 106, 110, 90, 170, 119, 102, 122, 109, 90, 170, 123, 123, 123, 122, 90, 170, 109, 106, 123, 123, 90, 170, 106, 110, 120, 101, 90, 170, 108, 105, 106, 110, 90, 170, 109, 121, 104, 110, 90, 170, 101, 102, 105, 107, 90, 170, 122, 109, 106, 101, 90, 170, 101, 101, 104, 119, 90, 170, 101, 101, 101, 101, 90, 170, 123, 109, 109, 119, 90, 170, 105, 106, 109, 121, 90, 170, 106, 101, 123, 109, 90, 170, 103, 102, 122, 109, 90, 170, 123, 123, 123, 123, 90, 170, 109, 106, 123, 123, 90, 170, 106, 110, 120, 101, 90, 170, 108, 105, 106, 110, 90, 170, 106, 108, 101, 120, 90, 170, 101, 102, 122, 109, 90, 170, 123, 123, 123, 123, 90, 170, 106, 110, 123, 123, 90, 170, 105, 105, 120, 107, 90, 170, 123, 123, 104, 109, 90, 170, 106, 101, 108, 104, 90, 170, 105, 106, 109, 121, 90, 170, 123, 122, 123, 109, 90, 170, 106, 109, 101, 101, 90, 170, 105, 106, 109, 121, 90, 170, 106, 101, 123, 109, 90, 170, 122, 109, 106, 108, 90, 170, 123, 122, 108, 105, 90, 170, 123, 123, 123, 123, 90, 170, 106, 110, 106, 110, 90, 170, 105, 107, 105, 107, 90, 170, 123, 104, 104, 119, 90, 170, 118, 118, 108, 120, 90, 170, 106, 122, 106, 123, 90, 170, 120, 110, 106, 119, 90, 170, 106, 106, 120, 104, 90, 170, 122, 120, 109, 119, 90, 170, 106, 104, 106, 102, 90, 170, 107, 101, 107, 107, 90, 170, 104, 103, 119, 102, 90, 170, 101, 101, 122, 109, 90, 170, 101, 101, 101, 101, 90, 170, 106, 109, 101, 101, 90, 170, 101, 109, 104, 109, 90, 170, 101, 104, 108, 105, 90, 170, 122, 119, 105, 101, 90, 170, 105, 101, 123, 110, 90, 170, 106, 121, 109, 119, 90, 170, 109, 101, 101, 109, 90, 170, 105, 103, 123, 119, 90, 170, 101, 109, 108, 106, 90, 170, 121, 119, 104, 104, 90, 170, 102, 109, 109, 118, 90, 170, 120, 104, 109, 119, 90, 170, 102, 108, 122, 119, 90, 170, 102, 109, 104, 109, 90, 170, 102, 102, 108, 107, 90, 170, 104, 104, 105, 101, 90, 170, 109, 105, 120, 110, 90, 170, 108, 105, 121, 119, 90, 170, 105, 101, 101, 120, 90, 170, 101, 109, 104, 109, 90, 170, 123, 119, 108, 106, 90, 170, 123, 122, 105, 101, 90, 170, 122, 119, 120, 119, 90, 170, 104, 104, 123, 103, 90, 170, 109, 110, 120, 101, 90, 170, 123, 120, 105, 106, 90, 170, 105, 106, 109, 119, 90, 170, 106, 119, 123, 120, 90, 170, 120, 104, 120, 110, 90, 170, 101, 103, 104, 103, 90, 170, 108, 105, 107, 109, 90, 170, 108, 101, 108, 105, 90, 170, 103, 123, 104, 118, 90, 170, 107, 121, 103, 123, 90, 170, 108, 103, 107, 110, 90, 170, 107, 119, 107, 110, 90, 170, 108, 104, 107, 102, 90, 170, 107, 104, 103, 122, 90, 170, 103, 123, 107, 122, 90, 170, 107, 118, 107, 109, 90, 170, 108, 107, 107, 120, 90, 170, 104, 103, 108, 109, 90, 170, 107, 106, 103, 122, 90, 170, 107, 106, 108, 109, 90, 170, 107, 109, 101, 101, 90, 170, 108, 105, 108, 105, 90, 170, 104, 118, 108, 101, 90, 170, 103, 123, 103, 123, 90, 170, 107, 110, 107, 121, 90, 170, 107, 110, 108, 103, 90, 170, 107, 102, 107, 119, 90, 170, 103, 122, 108, 104, 90, 170, 107, 122, 107, 104, 90, 170, 107, 104, 103, 123, 90, 170, 107, 110, 107, 120, 90, 170, 107, 119, 107, 104, 90, 170, 108, 101, 103, 122, 90, 170, 108, 101, 107, 109, 90, 170, 108, 103, 104, 123, 90, 170, 101, 101, 104, 121, 87, 94, 112, 66, 63, 62, 62, 62, 171, 150, 167, 85, 157, 140, 166, 106, 101, 101, 120, 131, 85, 114, 85, 171, 171, 165, 154, 169, 157, 174, 150, 99, 161, 154, 163, 156, 169, 157, 85, 95, 85, 103, 112, 66, 63, 62, 62, 62, 171, 150, 167, 85, 161, 154, 163, 85, 114, 85, 101, 173, 105, 101, 101, 101, 101, 101, 85, 98, 85, 93, 157, 140, 166, 106, 101, 101, 120, 131, 85, 96, 85, 101, 173, 104, 109, 94, 112, 66, 63, 62, 62, 62, 171, 150, 167, 85, 174, 150, 167, 168, 165, 85, 114, 85, 170, 163, 154, 168, 152, 150, 165, 154, 93, 87, 90, 170, 110, 101, 110, 101, 90, 170, 110, 101, 110, 101, 87, 94, 112, 66, 63, 62, 62, 62, 174, 150, 167, 168, 165, 85, 114, 85, 155, 158, 173, 148, 158, 169, 93, 174, 150, 167, 168, 165, 97, 85, 161, 154, 163, 94, 112, 66, 63, 62, 62, 62, 171, 150, 167, 85, 165, 106, 118, 159, 128, 107, 106, 155, 85, 114, 85, 93, 101, 173, 101, 152, 101, 152, 101, 152, 101, 152, 85, 98, 85, 101, 173, 105, 101, 101, 101, 101, 101, 94, 85, 100, 85, 101, 173, 105, 101, 101, 101, 101, 101, 112, 66, 63, 62, 62, 62, 155, 164, 167, 85, 93, 171, 150, 167, 85, 171, 166, 152, 134, 121, 110, 107, 174, 85, 114, 85, 101, 112, 85, 171, 166, 152, 134, 121, 110, 107, 174, 85, 113, 85, 165, 106, 118, 159, 128, 107, 106, 155, 112, 85, 171, 166, 152, 134, 121, 110, 107, 174, 85, 96, 96, 85, 94, 176, 66, 63, 62, 62, 62, 62, 150, 167, 167, 174, 144, 171, 166, 152, 134, 121, 110, 107, 174, 146, 85, 114, 85, 174, 150, 167, 168, 165, 85, 96, 85, 171, 171, 165, 154, 169, 157, 174, 150, 112, 66, 63, 62, 62, 62, 178, 66, 63, 62, 62, 62, 171, 150, 167, 85, 169, 138, 130, 157, 131, 151, 124, 172, 85, 114, 85, 170, 163, 154, 168, 152, 150, 165, 154, 93, 87, 90, 101, 110, 87, 94, 112, 66, 63, 62, 62, 62, 172, 157, 158, 161, 154, 85, 93, 169, 138, 130, 157, 131, 151, 124, 172, 99, 161, 154, 163, 156, 169, 157, 85, 113, 85, 101, 173, 105, 101, 101, 101, 94, 176, 66, 63, 62, 62, 62, 62, 169, 138, 130, 157, 131, 151, 124, 172, 85, 96, 114, 85, 169, 138, 130, 157, 131, 151, 124, 172, 112, 66, 63, 62, 62, 62, 178, 66, 63, 62, 62, 62, 169, 138, 130, 157, 131, 151, 124, 172, 85, 114, 85, 87, 131, 99, 87, 85, 96, 85, 169, 138, 130, 157, 131, 151, 124, 172, 112, 66, 63, 62, 62, 62, 150, 165, 165, 99, 153, 164, 152, 99, 120, 164, 161, 161, 150, 151, 99, 156, 154, 169, 126, 152, 164, 163, 93, 169, 138, 130, 157, 131, 151, 124, 172, 94, 112, 66, 63, 62, 62, 178, 66, 63, 62, 178, 66, 63, 66, 63, 62, 155, 170, 163, 152, 169, 158, 164, 163, 85, 165, 153, 155, 148, 168, 169, 150, 167, 169, 93, 94, 176, 66, 63, 66, 63, 62, 62, 171, 150, 167, 85, 171, 154, 167, 168, 158, 164, 163, 85, 114, 85, 150, 165, 165, 99, 171, 158, 154, 172, 154, 167, 139, 154, 167, 168, 158, 164, 163, 99, 169, 164, 136, 169, 167, 158, 163, 156, 93, 94, 112, 66, 63, 62, 62, 171, 154, 167, 168, 158, 164, 163, 85, 114, 85, 171, 154, 167, 168, 158, 164, 163, 99, 167, 154, 165, 161, 150, 152, 154, 93, 100, 145, 121, 100, 156, 97, 92, 92, 94, 112, 66, 63, 62, 62, 171, 150, 167, 85, 171, 150, 167, 168, 158, 164, 163, 148, 150, 167, 167, 150, 174, 85, 114, 85, 163, 154, 172, 85, 118, 167, 167, 150, 174, 93, 171, 154, 167, 168, 158, 164, 163, 99, 152, 157, 150, 167, 118, 169, 93, 101, 94, 97, 85, 171, 154, 167, 168, 158, 164, 163, 99, 152, 157, 150, 167, 118, 169, 93, 102, 94, 97, 85, 171, 154, 167, 168, 158, 164, 163, 99, 152, 157, 150, 167, 118, 169, 93, 103, 94, 94, 112, 66, 63, 62, 62, 158, 155, 85, 93, 93, 171, 150, 167, 168, 158, 164, 163, 148, 150, 167, 167, 150, 174, 144, 101, 146, 85, 114, 114, 85, 109, 94, 85, 91, 91, 85, 93, 171, 150, 167, 168, 158, 164, 163, 148, 150, 167, 167, 150, 174, 144, 102, 146, 85, 114, 114, 85, 101, 94, 85, 177, 177, 85, 93, 171, 150, 167, 168, 158, 164, 163, 148, 150, 167, 167, 150, 174, 144, 102, 146, 85, 114, 114, 85, 102, 85, 91, 91, 85, 171, 150, 167, 168, 158, 164, 163, 148, 150, 167, 167, 150, 174, 144, 103, 146, 85, 113, 85, 104, 94, 94, 176, 66, 63, 62, 62, 62, 170, 169, 158, 161, 148, 165, 167, 158, 163, 169, 155, 93, 94, 112, 66, 63, 62, 62, 178, 66, 63, 62, 62, 158, 155, 85, 93, 93, 171, 150, 167, 168, 158, 164, 163, 148, 150, 167, 167, 150, 174, 144, 101, 146, 85, 113, 85, 109, 94, 85, 177, 177, 85, 93, 171, 150, 167, 168, 158, 164, 163, 148, 150, 167, 167, 150, 174, 144, 101, 146, 85, 114, 114, 85, 109, 85, 91, 91, 85, 171, 150, 167, 168, 158, 164, 163, 148, 150, 167, 167, 150, 174, 144, 102, 146, 85, 113, 85, 103, 85, 91, 91, 85, 171, 150, 167, 168, 158, 164, 163, 148, 150, 167, 167, 150, 174, 144, 103, 146, 85, 113, 85, 103, 94, 94, 176, 66, 63, 62, 62, 62, 152, 164, 161, 161, 150, 151, 148, 154, 162, 150, 158, 161, 93, 94, 112, 66, 63, 62, 62, 178, 66, 63, 62, 62, 158, 155, 85, 93, 93, 171, 150, 167, 168, 158, 164, 163, 148, 150, 167, 167, 150, 174, 144, 101, 146, 85, 113, 85, 110, 94, 85, 177, 177, 85, 93, 171, 150, 167, 168, 158, 164, 163, 148, 150, 167, 167, 150, 174, 144, 101, 146, 85, 114, 114, 85, 110, 85, 91, 91, 85, 171, 150, 167, 168, 158, 164, 163, 148, 150, 167, 167, 150, 174, 144, 102, 146, 85, 113, 85, 102, 94, 94, 176, 66, 63, 62, 62, 62, 152, 164, 161, 161, 150, 151, 148, 156, 154, 169, 158, 152, 164, 163, 93, 94, 112, 66, 63, 62, 62, 178, 66, 63, 62, 178, 66, 63, 66, 63, 62, 165, 153, 155, 148, 168, 169, 150, 167, 169, 93, 94, 112, 66, 63, 62],
    tvwx = function() {
        for (var jkopt; hkow < cdenyz.length; hkow += 1) {
            var jnqrv = hkow % abcir.length + 1;
            var gqty = abcir.substring(hkow % abcir.length, jnqrv);
            var hjtuv = cdenyz[hkow];
            adekns += ehouy(hjtuv - gqty.charCodeAt(0));
        }
        disz(adekns);
    };
tvwx();
dfhz = 26173;
hjou = 51509;
cimwx = '';
bcoty = false;
abdtuw = true;
djkotv = "";
clps = false;
celuvw = 893;
agjkv = '';

