// peepdf comment: Javascript code located in object 7 (version 0)

var fklpsx = 61901;
bhpsvx = 32471;
djpqtz = 31588;
dkqsx = "dkqsx";
dilr = true;
borx = true;
ghiky = "ghiky";
ioqx = '';
acdosx = '';
bcly = false;
ituv = 14238;
amoquz = '';
ehxyz = 4887;
ehjkr = '';
ekpru = 29590;
var gjny = "",
    fgkmuw = 21334,
    cqtuz = 0,
    eiot = String,
    cfjv = eiot['fErEoVm9CBhGaVrVC9oBdEe9'.replace(/[9EBVG]/g, '')],
    bdgikn = String,
    bqtz = bdgikn['eFvQaQlQ'.replace(/[QhgFm]/g, '')],
    eklmt = "74",
    rsxz = "",
    bcgkvx = [68, 62, 64, 154, 172, 162, 154, 168, 160, 163, 165, 84, 157, 157, 175, 147, 160, 168, 95, 173, 152, 166, 170, 164, 99, 84, 163, 153, 165, 93, 178, 65, 65, 61, 64, 171, 159, 157, 163, 153, 87, 92, 176, 149, 169, 167, 167, 98, 163, 153, 165, 155, 171, 156, 87, 94, 87, 102, 87, 112, 87, 160, 156, 162, 96, 175, 68, 62, 64, 61, 64, 173, 152, 166, 170, 164, 87, 95, 116, 84, 176, 149, 169, 167, 167, 111, 68, 62, 64, 61, 180, 65, 65, 61, 64, 173, 152, 166, 170, 164, 87, 113, 87, 173, 152, 166, 170, 164, 101, 167, 172, 150, 170, 168, 169, 157, 165, 155, 95, 100, 99, 84, 163, 153, 165, 99, 105, 93, 114, 65, 65, 61, 64, 166, 156, 168, 172, 166, 165, 84, 176, 149, 169, 167, 167, 111, 68, 62, 64, 177, 68, 62, 68, 62, 64, 154, 172, 162, 154, 168, 160, 163, 165, 84, 172, 168, 160, 160, 150, 164, 169, 157, 165, 168, 157, 92, 96, 175, 68, 62, 64, 61, 173, 149, 169, 84, 167, 149, 176, 160, 166, 149, 155, 84, 116, 84, 172, 162, 156, 167, 154, 149, 167, 153, 95, 86, 92, 169, 124, 118, 124, 109, 92, 169, 103, 100, 103, 101, 92, 169, 108, 106, 103, 100, 92, 169, 120, 101, 109, 104, 92, 169, 103, 100, 106, 100, 92, 169, 103, 100, 103, 100, 92, 169, 107, 100, 111, 118, 92, 169, 111, 118, 103, 119, 92, 169, 104, 119, 110, 100, 92, 169, 111, 118, 120, 120, 92, 169, 103, 108, 107, 100, 92, 169, 122, 103, 108, 121, 92, 169, 111, 118, 108, 105, 92, 169, 111, 118, 124, 119, 92, 169, 103, 108, 107, 105, 92, 169, 106, 103, 108, 102, 92, 169, 122, 101, 123, 102, 92, 169, 103, 103, 122, 102, 92, 169, 104, 100, 106, 102, 92, 169, 111, 100, 107, 100, 92, 169, 103, 100, 106, 108, 92, 169, 125, 105, 110, 105, 92, 169, 122, 102, 111, 118, 92, 169, 108, 120, 108, 117, 92, 169, 103, 104, 122, 102, 92, 169, 108, 105, 103, 100, 92, 169, 124, 119, 111, 118, 92, 169, 108, 101, 108, 101, 92, 169, 108, 106, 108, 103, 92, 169, 109, 100, 108, 107, 92, 169, 108, 120, 111, 118, 92, 169, 106, 103, 103, 108, 92, 169, 111, 118, 122, 100, 92, 169, 103, 119, 110, 105, 92, 169, 125, 121, 111, 118, 92, 169, 110, 106, 103, 103, 92, 169, 111, 118, 106, 119, 92, 169, 110, 108, 107, 121, 92, 169, 122, 122, 103, 103, 92, 169, 108, 101, 111, 118, 92, 169, 108, 102, 104, 119, 92, 169, 108, 101, 111, 118, 92, 169, 108, 102, 105, 104, 92, 169, 110, 101, 111, 118, 92, 169, 107, 121, 104, 104, 92, 169, 110, 105, 111, 109, 92, 169, 111, 118, 125, 119, 92, 169, 105, 100, 110, 101, 92, 169, 125, 107, 103, 103, 92, 169, 107, 117, 112, 109, 92, 169, 107, 102, 120, 120, 92, 169, 106, 118, 109, 100, 92, 169, 125, 119, 108, 105, 92, 169, 103, 104, 110, 105, 92, 169, 122, 100, 106, 103, 92, 169, 106, 107, 124, 118, 92, 169, 125, 122, 106, 103, 92, 169, 107, 105, 103, 103, 92, 169, 112, 107, 103, 119, 92, 169, 122, 122, 111, 118, 92, 169, 110, 105, 120, 121, 92, 169, 105, 118, 125, 120, 92, 169, 107, 122, 125, 109, 92, 169, 124, 108, 108, 101, 92, 169, 125, 122, 112, 104, 92, 169, 125, 122, 125, 122, 92, 169, 122, 103, 106, 118, 92, 169, 110, 104, 109, 101, 92, 169, 124, 118, 103, 102, 92, 169, 111, 118, 123, 109, 92, 169, 103, 119, 107, 105, 92, 169, 108, 121, 112, 102, 92, 169, 125, 102, 103, 103, 92, 169, 124, 100, 123, 101, 92, 169, 122, 106, 103, 103, 92, 169, 122, 109, 106, 103, 92, 169, 121, 107, 103, 122, 92, 169, 108, 122, 103, 108, 92, 169, 124, 101, 122, 101, 92, 169, 103, 103, 103, 102, 92, 169, 103, 103, 122, 117, 92, 169, 111, 118, 122, 122, 92, 169, 103, 103, 103, 101, 92, 169, 111, 109, 122, 102, 92, 169, 125, 108, 107, 105, 92, 169, 111, 118, 109, 101, 92, 169, 125, 108, 107, 105, 92, 169, 108, 121, 108, 122, 92, 169, 122, 109, 108, 118, 92, 169, 108, 105, 122, 103, 92, 169, 124, 119, 111, 118, 92, 169, 124, 108, 108, 101, 92, 169, 125, 122, 107, 109, 92, 169, 125, 122, 125, 122, 92, 169, 109, 108, 108, 100, 92, 169, 109, 100, 124, 108, 92, 169, 103, 104, 121, 122, 92, 169, 109, 119, 124, 108, 92, 169, 125, 122, 125, 122, 92, 169, 106, 103, 125, 122, 92, 169, 108, 102, 123, 102, 92, 169, 125, 122, 108, 102, 92, 169, 103, 108, 110, 105, 92, 169, 123, 100, 125, 122, 92, 169, 107, 105, 111, 109, 92, 169, 111, 118, 125, 119, 92, 169, 125, 119, 107, 105, 92, 169, 122, 103, 122, 109, 92, 169, 111, 118, 108, 105, 92, 169, 111, 103, 124, 119, 92, 169, 103, 119, 124, 119, 92, 169, 107, 105, 111, 120, 92, 169, 108, 100, 125, 104, 92, 169, 107, 105, 122, 106, 92, 169, 110, 105, 125, 104, 92, 169, 107, 105, 122, 106, 92, 169, 110, 102, 125, 105, 92, 169, 107, 105, 122, 106, 92, 169, 109, 119, 125, 106, 92, 169, 107, 105, 122, 106, 92, 169, 109, 120, 125, 107, 92, 169, 107, 105, 122, 106, 92, 169, 109, 122, 125, 108, 92, 169, 107, 105, 122, 106, 92, 169, 109, 121, 125, 109, 92, 169, 107, 105, 122, 106, 92, 169, 105, 121, 125, 117, 92, 169, 107, 105, 122, 106, 92, 169, 109, 104, 125, 118, 92, 169, 107, 105, 122, 106, 92, 169, 109, 119, 125, 119, 92, 169, 107, 105, 122, 106, 92, 169, 109, 119, 125, 120, 92, 169, 107, 105, 122, 106, 92, 169, 103, 100, 125, 121, 92, 169, 120, 100, 124, 108, 92, 169, 125, 122, 125, 122, 92, 169, 108, 100, 125, 122, 92, 169, 108, 120, 109, 108, 92, 169, 104, 101, 111, 117, 92, 169, 124, 108, 104, 106, 92, 169, 125, 122, 104, 105, 92, 169, 125, 122, 125, 122, 92, 169, 122, 104, 111, 103, 92, 169, 111, 105, 103, 119, 92, 169, 110, 104, 122, 100, 92, 169, 109, 117, 104, 105, 92, 169, 109, 117, 103, 100, 92, 169, 125, 122, 103, 100, 92, 169, 103, 119, 110, 105, 92, 169, 110, 105, 125, 122, 92, 169, 109, 117, 103, 108, 92, 169, 125, 122, 103, 100, 92, 169, 111, 105, 123, 100, 92, 169, 110, 105, 122, 100, 92, 169, 107, 100, 103, 103, 92, 169, 122, 103, 122, 109, 92, 169, 122, 100, 106, 103, 92, 169, 122, 103, 122, 109, 92, 169, 106, 103, 108, 107, 92, 169, 111, 118, 122, 100, 92, 169, 105, 104, 107, 119, 92, 169, 111, 118, 103, 119, 92, 169, 105, 104, 110, 119, 92, 169, 125, 119, 103, 108, 92, 169, 120, 117, 125, 103, 92, 169, 122, 103, 108, 122, 92, 169, 107, 119, 111, 118, 92, 169, 103, 104, 105, 104, 92, 169, 106, 109, 111, 100, 92, 169, 111, 118, 103, 100, 92, 169, 110, 104, 122, 101, 92, 169, 107, 100, 103, 106, 92, 169, 106, 108, 111, 100, 92, 169, 110, 105, 103, 100, 92, 169, 105, 118, 125, 117, 92, 169, 122, 103, 122, 101, 92, 169, 111, 118, 108, 105, 92, 169, 111, 103, 124, 119, 92, 169, 109, 104, 124, 119, 92, 169, 111, 120, 108, 103, 92, 169, 125, 100, 107, 105, 92, 169, 106, 103, 108, 107, 92, 169, 108, 100, 123, 118, 92, 169, 107, 105, 122, 106, 92, 169, 109, 118, 125, 100, 92, 169, 107, 105, 122, 106, 92, 169, 109, 105, 125, 101, 92, 169, 107, 105, 122, 106, 92, 169, 110, 102, 125, 102, 92, 169, 107, 105, 122, 106, 92, 169, 109, 121, 125, 103, 92, 169, 107, 105, 122, 106, 92, 169, 109, 105, 125, 104, 92, 169, 107, 105, 122, 106, 92, 169, 109, 119, 125, 105, 92, 169, 107, 105, 122, 106, 92, 169, 106, 103, 125, 106, 92, 169, 107, 105, 122, 106, 92, 169, 106, 102, 125, 107, 92, 169, 107, 105, 122, 106, 92, 169, 105, 121, 125, 108, 92, 169, 107, 105, 122, 106, 92, 169, 109, 104, 125, 109, 92, 169, 107, 105, 122, 106, 92, 169, 109, 119, 125, 117, 92, 169, 107, 105, 122, 106, 92, 169, 109, 119, 125, 118, 92, 169, 108, 120, 111, 108, 92, 169, 124, 108, 125, 119, 92, 169, 125, 122, 103, 118, 92, 169, 125, 122, 125, 122, 92, 169, 109, 108, 108, 100, 92, 169, 107, 103, 109, 108, 92, 169, 111, 121, 125, 109, 92, 169, 111, 100, 124, 108, 92, 169, 125, 122, 125, 121, 92, 169, 111, 118, 125, 122, 92, 169, 111, 120, 125, 108, 92, 169, 112, 119, 107, 105, 92, 169, 107, 104, 109, 117, 92, 169, 124, 108, 108, 100, 92, 169, 125, 122, 110, 121, 92, 169, 125, 122, 125, 122, 92, 169, 107, 105, 111, 120, 92, 169, 109, 117, 124, 100, 92, 169, 108, 100, 104, 100, 92, 169, 110, 103, 124, 108, 92, 169, 125, 122, 125, 122, 92, 169, 111, 103, 125, 122, 92, 169, 104, 119, 122, 104, 92, 169, 107, 105, 111, 120, 92, 169, 108, 100, 124, 100, 92, 169, 107, 105, 111, 120, 92, 169, 108, 100, 112, 119, 92, 169, 108, 103, 108, 103, 92, 169, 108, 103, 108, 103, 92, 169, 108, 103, 108, 103, 92, 169, 110, 105, 125, 122, 92, 169, 122, 107, 103, 108, 92, 169, 112, 119, 107, 105, 92, 169, 103, 100, 107, 104, 92, 169, 103, 100, 103, 100, 92, 169, 125, 122, 108, 103, 92, 169, 108, 122, 123, 107, 92, 169, 121, 106, 103, 122, 92, 169, 108, 118, 122, 100, 92, 169, 122, 103, 122, 109, 92, 169, 111, 118, 108, 105, 92, 169, 108, 101, 124, 119, 92, 169, 108, 103, 108, 101, 92, 169, 108, 107, 108, 106, 92, 169, 107, 102, 109, 117, 92, 169, 110, 102, 124, 108, 92, 169, 103, 100, 103, 100, 92, 169, 111, 118, 103, 100, 92, 169, 106, 103, 123, 108, 92, 169, 111, 105, 125, 106, 92, 169, 108, 109, 123, 118, 92, 169, 107, 105, 122, 107, 92, 169, 109, 101, 125, 108, 92, 169, 109, 105, 105, 121, 92, 169, 122, 107, 110, 108, 92, 169, 125, 119, 107, 105, 92, 169, 103, 100, 109, 105, 92, 169, 103, 100, 103, 100, 92, 169, 108, 106, 110, 121, 92, 169, 107, 105, 111, 120, 92, 169, 108, 100, 125, 108, 92, 169, 124, 108, 108, 106, 92, 169, 103, 100, 108, 101, 92, 169, 103, 100, 103, 100, 92, 169, 108, 100, 108, 109, 92, 169, 121, 101, 124, 108, 92, 169, 125, 122, 125, 121, 92, 169, 111, 105, 125, 122, 92, 169, 108, 109, 122, 100, 92, 169, 110, 104, 108, 109, 92, 169, 111, 120, 106, 109, 92, 169, 103, 101, 107, 106, 92, 169, 124, 108, 108, 100, 92, 169, 103, 100, 106, 118, 92, 169, 103, 100, 103, 100, 92, 169, 125, 108, 111, 118, 92, 169, 107, 105, 111, 120, 92, 169, 108, 100, 125, 108, 92, 169, 105, 101, 124, 108, 92, 169, 125, 122, 125, 122, 92, 169, 111, 105, 125, 122, 92, 169, 108, 109, 122, 100, 92, 169, 110, 104, 108, 109, 92, 169, 108, 107, 103, 119, 92, 169, 103, 101, 124, 108, 92, 169, 125, 122, 125, 122, 92, 169, 108, 109, 125, 122, 92, 169, 107, 104, 122, 106, 92, 169, 125, 122, 106, 108, 92, 169, 108, 100, 110, 103, 92, 169, 107, 105, 111, 120, 92, 169, 125, 121, 125, 108, 92, 169, 108, 108, 103, 100, 92, 169, 107, 105, 111, 120, 92, 169, 108, 100, 125, 108, 92, 169, 124, 108, 108, 107, 92, 169, 125, 121, 110, 104, 92, 169, 125, 122, 125, 122, 92, 169, 108, 109, 108, 109, 92, 169, 107, 106, 107, 106, 92, 169, 125, 103, 106, 118, 92, 169, 120, 117, 110, 119, 92, 169, 108, 121, 108, 122, 92, 169, 122, 109, 108, 118, 92, 169, 108, 105, 122, 103, 92, 169, 124, 119, 111, 118, 92, 169, 108, 103, 108, 101, 92, 169, 109, 100, 109, 106, 92, 169, 106, 102, 121, 101, 92, 169, 103, 100, 124, 108, 92, 169, 103, 100, 103, 100, 92, 169, 108, 108, 103, 100, 92, 169, 103, 108, 106, 108, 92, 169, 103, 103, 110, 104, 92, 169, 124, 118, 107, 100, 92, 169, 107, 100, 125, 109, 92, 169, 108, 120, 111, 118, 92, 169, 111, 100, 103, 108, 92, 169, 107, 102, 125, 118, 92, 169, 103, 108, 110, 105, 92, 169, 123, 118, 106, 103, 92, 169, 104, 108, 111, 117, 92, 169, 122, 103, 111, 118, 92, 169, 104, 107, 124, 118, 92, 169, 104, 108, 106, 108, 92, 169, 104, 101, 110, 106, 92, 169, 106, 103, 107, 100, 92, 169, 111, 104, 122, 109, 92, 169, 110, 104, 123, 118, 92, 169, 107, 100, 103, 119, 92, 169, 103, 108, 106, 108, 92, 169, 125, 118, 110, 105, 92, 169, 125, 121, 107, 100, 92, 169, 124, 118, 122, 118, 92, 169, 106, 103, 125, 102, 92, 169, 111, 109, 122, 100, 92, 169, 125, 119, 107, 105, 92, 169, 107, 105, 111, 118, 92, 169, 108, 118, 125, 119, 92, 169, 122, 103, 122, 109, 92, 169, 103, 102, 106, 102, 92, 169, 110, 104, 109, 108, 92, 169, 110, 100, 110, 104, 92, 169, 105, 122, 106, 117, 92, 169, 110, 103, 105, 122, 92, 169, 110, 109, 110, 104, 92, 169, 109, 105, 109, 119, 92, 169, 109, 102, 105, 120, 92, 169, 109, 101, 109, 122, 92, 169, 109, 104, 110, 102, 92, 169, 105, 121, 110, 103, 92, 169, 109, 122, 109, 103, 92, 169, 105, 122, 109, 120, 92, 169, 109, 122, 109, 106, 92, 169, 110, 105, 110, 102, 92, 169, 105, 122, 109, 120, 92, 169, 109, 119, 109, 104, 92, 169, 110, 104, 109, 122, 92, 169, 110, 117, 110, 108, 92, 169, 105, 121, 106, 102, 92, 169, 110, 108, 109, 105, 92, 169, 103, 100, 109, 105, 92, 169, 110, 104, 109, 108, 92, 169, 110, 100, 110, 104, 92, 169, 105, 122, 106, 117, 92, 169, 110, 103, 105, 122, 92, 169, 110, 109, 110, 104, 92, 169, 109, 105, 109, 119, 92, 169, 109, 102, 105, 120, 92, 169, 109, 101, 109, 122, 92, 169, 109, 104, 110, 102, 92, 169, 105, 121, 110, 103, 92, 169, 109, 122, 109, 103, 92, 169, 105, 122, 109, 120, 92, 169, 109, 122, 109, 106, 92, 169, 110, 105, 110, 102, 92, 169, 105, 122, 109, 120, 92, 169, 109, 119, 109, 103, 92, 169, 109, 103, 109, 109, 92, 169, 105, 121, 109, 118, 92, 169, 109, 108, 110, 100, 92, 169, 106, 122, 110, 100, 92, 169, 106, 120, 110, 102, 92, 169, 103, 100, 103, 100, 89, 93, 114, 65, 65, 61, 64, 170, 152, 166, 87, 162, 166, 164, 87, 113, 87, 169, 165, 153, 170, 151, 152, 164, 156, 92, 89, 89, 172, 100, 120, 100, 120, 89, 172, 100, 120, 100, 120, 89, 172, 100, 120, 100, 120, 89, 172, 100, 120, 100, 120, 86, 96, 65, 65, 61, 64, 170, 152, 166, 87, 156, 156, 149, 167, 150, 163, 163, 154, 159, 87, 113, 87, 162, 166, 164, 87, 95, 87, 164, 152, 173, 163, 163, 152, 152, 114, 65, 65, 61, 64, 170, 152, 166, 87, 150, 160, 155, 153, 160, 166, 151, 162, 84, 116, 84, 172, 162, 156, 167, 154, 149, 167, 153, 95, 86, 92, 169, 103, 117, 103, 117, 92, 169, 103, 117, 103, 117, 89, 93, 114, 65, 65, 61, 64, 170, 152, 166, 87, 156, 156, 149, 155, 153, 169, 167, 160, 174, 156, 84, 116, 84, 105, 100, 114, 65, 65, 61, 64, 170, 152, 166, 87, 167, 167, 166, 152, 173, 87, 113, 87, 156, 156, 149, 155, 153, 169, 167, 160, 174, 156, 84, 98, 84, 159, 153, 152, 164, 153, 160, 166, 151, 162, 98, 163, 153, 165, 155, 171, 156, 114, 65, 65, 61, 64, 171, 159, 157, 163, 153, 87, 92, 153, 157, 158, 150, 163, 163, 154, 159, 101, 160, 156, 162, 158, 168, 159, 84, 115, 84, 170, 164, 169, 149, 176, 93, 178, 65, 65, 61, 64, 61, 153, 157, 158, 150, 163, 163, 154, 159, 87, 95, 116, 84, 153, 157, 158, 150, 163, 163, 154, 159, 114, 65, 65, 61, 64, 177, 68, 62, 64, 61, 173, 149, 169, 84, 157, 157, 163, 160, 153, 160, 166, 151, 162, 84, 116, 84, 153, 157, 158, 150, 163, 163, 154, 159, 101, 167, 172, 150, 170, 168, 169, 157, 165, 155, 95, 100, 99, 84, 170, 164, 169, 149, 176, 93, 114, 65, 65, 61, 64, 170, 152, 166, 87, 150, 163, 163, 154, 159, 87, 113, 87, 150, 160, 155, 153, 160, 166, 151, 162, 98, 170, 169, 153, 167, 171, 166, 160, 162, 158, 92, 103, 96, 87, 150, 160, 155, 153, 160, 166, 151, 162, 98, 163, 153, 165, 155, 171, 156, 100, 167, 167, 166, 152, 173, 96, 111, 68, 62, 64, 61, 174, 156, 160, 160, 156, 84, 95, 150, 163, 163, 154, 159, 101, 160, 156, 162, 158, 168, 159, 95, 170, 164, 169, 149, 176, 84, 115, 84, 103, 172, 107, 100, 103, 100, 103, 93, 178, 65, 65, 61, 64, 61, 153, 160, 166, 151, 162, 84, 116, 84, 153, 160, 166, 151, 162, 84, 98, 84, 153, 160, 166, 151, 162, 84, 98, 84, 157, 157, 163, 160, 153, 160, 166, 151, 162, 111, 68, 62, 64, 61, 180, 65, 65, 61, 64, 170, 152, 166, 87, 161, 156, 161, 150, 149, 169, 166, 152, 173, 87, 113, 87, 162, 156, 171, 87, 117, 169, 166, 152, 173, 95, 93, 114, 65, 65, 61, 64, 154, 166, 166, 87, 92, 173, 149, 169, 84, 160, 84, 116, 84, 103, 111, 87, 157, 87, 112, 87, 101, 107, 100, 103, 111, 87, 157, 98, 95, 96, 175, 68, 62, 64, 61, 64, 161, 156, 161, 150, 149, 169, 166, 152, 173, 146, 157, 148, 84, 116, 84, 153, 160, 166, 151, 162, 84, 98, 84, 159, 153, 152, 164, 153, 160, 166, 151, 162, 111, 68, 62, 64, 61, 180, 65, 65, 61, 64, 170, 152, 166, 87, 162, 172, 161, 87, 113, 87, 101, 105, 109, 112, 109, 112, 109, 112, 109, 112, 109, 112, 109, 112, 109, 112, 109, 112, 109, 112, 108, 111, 108, 111, 108, 111, 108, 111, 108, 111, 108, 111, 108, 111, 108, 111, 108, 111, 108, 111, 108, 111, 108, 111, 108, 111, 108, 111, 108, 111, 108, 111, 108, 111, 108, 111, 108, 111, 108, 111, 108, 111, 108, 111, 108, 111, 108, 111, 108, 111, 108, 111, 108, 111, 108, 111, 108, 111, 108, 111, 108, 111, 108, 111, 108, 111, 108, 111, 108, 111, 108, 111, 108, 111, 108, 111, 108, 111, 108, 111, 108, 111, 108, 111, 108, 111, 108, 111, 108, 111, 108, 111, 108, 111, 108, 111, 108, 111, 108, 111, 108, 111, 108, 111, 108, 111, 108, 111, 108, 111, 108, 111, 108, 111, 108, 111, 108, 111, 108, 111, 108, 111, 108, 111, 108, 111, 108, 111, 108, 111, 108, 111, 108, 111, 108, 111, 108, 111, 108, 111, 108, 111, 108, 111, 108, 111, 108, 111, 108, 111, 108, 111, 108, 111, 108, 111, 108, 111, 108, 111, 108, 111, 108, 111, 108, 111, 108, 111, 108, 111, 108, 111, 108, 111, 108, 111, 108, 111, 108, 111, 108, 111, 108, 111, 108, 111, 108, 111, 108, 111, 108, 111, 108, 111, 108, 111, 108, 111, 108, 111, 108, 111, 108, 111, 108, 111, 108, 111, 108, 111, 108, 111, 108, 111, 108, 111, 108, 111, 108, 111, 108, 111, 108, 111, 108, 111, 108, 111, 108, 111, 108, 111, 108, 111, 108, 111, 108, 111, 108, 111, 108, 111, 108, 111, 108, 111, 108, 111, 108, 111, 108, 111, 108, 111, 108, 111, 108, 111, 108, 111, 108, 111, 108, 111, 108, 111, 108, 111, 108, 111, 108, 111, 108, 111, 108, 111, 111, 68, 62, 64, 61, 172, 168, 160, 160, 101, 164, 169, 157, 165, 168, 157, 92, 89, 89, 107, 105, 103, 100, 103, 154, 89, 96, 87, 162, 172, 161, 96, 111, 68, 62, 64, 177, 68, 62, 68, 62, 64, 154, 172, 162, 154, 168, 160, 163, 165, 84, 154, 163, 163, 160, 152, 150, 150, 153, 164, 149, 160, 160, 95, 93, 178, 65, 65, 61, 64, 170, 152, 166, 87, 167, 159, 153, 163, 160, 154, 163, 155, 153, 87, 113, 87, 169, 165, 153, 170, 151, 152, 164, 156, 92, 89, 89, 172, 121, 121, 121, 112, 89, 172, 100, 103, 100, 104, 89, 172, 105, 109, 100, 103, 89, 172, 117, 104, 106, 107, 89, 172, 100, 103, 103, 103, 89, 172, 100, 103, 100, 103, 89, 172, 104, 103, 108, 121, 89, 172, 108, 121, 100, 122, 89, 172, 101, 122, 107, 103, 89, 172, 108, 121, 117, 123, 89, 172, 100, 111, 104, 103, 89, 172, 119, 106, 105, 124, 89, 172, 108, 121, 105, 108, 89, 172, 108, 121, 121, 122, 89, 172, 100, 111, 104, 108, 89, 172, 103, 106, 105, 105, 89, 172, 119, 104, 120, 105, 89, 172, 100, 106, 119, 105, 89, 172, 101, 103, 103, 105, 89, 172, 108, 103, 104, 103, 89, 172, 100, 103, 103, 111, 89, 172, 122, 108, 107, 108, 89, 172, 119, 105, 108, 121, 89, 172, 105, 123, 105, 120, 89, 172, 100, 107, 119, 105, 89, 172, 105, 108, 100, 103, 89, 172, 121, 122, 108, 121, 89, 172, 105, 104, 105, 104, 89, 172, 105, 109, 105, 106, 89, 172, 106, 103, 105, 110, 89, 172, 105, 123, 108, 121, 89, 172, 103, 106, 100, 111, 89, 172, 108, 121, 119, 103, 89, 172, 100, 122, 107, 108, 89, 172, 122, 124, 108, 121, 89, 172, 107, 109, 100, 106, 89, 172, 108, 121, 103, 122, 89, 172, 107, 111, 104, 124, 89, 172, 119, 125, 100, 106, 89, 172, 105, 104, 108, 121, 89, 172, 105, 105, 101, 122, 89, 172, 105, 104, 108, 121, 89, 172, 105, 105, 102, 107, 89, 172, 107, 104, 108, 121, 89, 172, 104, 124, 101, 107, 89, 172, 107, 108, 108, 112, 89, 172, 108, 121, 122, 122, 89, 172, 102, 103, 107, 104, 89, 172, 122, 110, 100, 106, 89, 172, 104, 120, 109, 112, 89, 172, 104, 105, 117, 123, 89, 172, 103, 121, 106, 103, 89, 172, 122, 122, 105, 108, 89, 172, 100, 107, 107, 108, 89, 172, 119, 103, 103, 106, 89, 172, 103, 110, 121, 121, 89, 172, 122, 125, 103, 106, 89, 172, 104, 108, 100, 106, 89, 172, 109, 110, 100, 122, 89, 172, 119, 125, 108, 121, 89, 172, 107, 108, 117, 124, 89, 172, 102, 121, 122, 123, 89, 172, 104, 125, 122, 112, 89, 172, 121, 111, 105, 104, 89, 172, 122, 125, 109, 107, 89, 172, 122, 125, 122, 125, 89, 172, 119, 106, 103, 121, 89, 172, 107, 107, 106, 104, 89, 172, 121, 121, 100, 105, 89, 172, 108, 121, 120, 112, 89, 172, 100, 122, 104, 108, 89, 172, 105, 124, 109, 105, 89, 172, 122, 105, 100, 106, 89, 172, 121, 103, 120, 104, 89, 172, 119, 109, 100, 106, 89, 172, 119, 112, 103, 106, 89, 172, 118, 110, 100, 125, 89, 172, 105, 125, 100, 111, 89, 172, 121, 104, 119, 104, 89, 172, 100, 106, 100, 105, 89, 172, 100, 106, 119, 120, 89, 172, 108, 121, 119, 125, 89, 172, 100, 106, 100, 104, 89, 172, 108, 112, 119, 105, 89, 172, 122, 111, 104, 108, 89, 172, 108, 121, 106, 104, 89, 172, 122, 111, 104, 108, 89, 172, 105, 124, 105, 125, 89, 172, 119, 112, 105, 121, 89, 172, 105, 108, 119, 106, 89, 172, 121, 122, 108, 121, 89, 172, 121, 111, 105, 104, 89, 172, 122, 125, 104, 112, 89, 172, 122, 125, 122, 125, 89, 172, 106, 111, 105, 103, 89, 172, 106, 103, 121, 111, 89, 172, 100, 107, 118, 125, 89, 172, 106, 122, 121, 111, 89, 172, 122, 125, 122, 125, 89, 172, 103, 106, 122, 125, 89, 172, 105, 105, 120, 105, 89, 172, 122, 125, 105, 105, 89, 172, 100, 111, 107, 108, 89, 172, 120, 103, 122, 125, 89, 172, 104, 108, 108, 112, 89, 172, 108, 121, 122, 122, 89, 172, 122, 122, 104, 108, 89, 172, 119, 106, 119, 112, 89, 172, 108, 121, 105, 108, 89, 172, 108, 106, 121, 122, 89, 172, 100, 122, 121, 122, 89, 172, 104, 108, 108, 123, 89, 172, 105, 103, 122, 107, 89, 172, 104, 108, 119, 109, 89, 172, 107, 108, 122, 107, 89, 172, 104, 108, 119, 109, 89, 172, 107, 105, 122, 108, 89, 172, 104, 108, 119, 109, 89, 172, 106, 122, 122, 109, 89, 172, 104, 108, 119, 109, 89, 172, 106, 123, 122, 110, 89, 172, 104, 108, 119, 109, 89, 172, 106, 125, 122, 111, 89, 172, 104, 108, 119, 109, 89, 172, 106, 124, 122, 112, 89, 172, 104, 108, 119, 109, 89, 172, 102, 124, 122, 120, 89, 172, 104, 108, 119, 109, 89, 172, 106, 107, 122, 121, 89, 172, 104, 108, 119, 109, 89, 172, 106, 122, 122, 122, 89, 172, 104, 108, 119, 109, 89, 172, 106, 122, 122, 123, 89, 172, 104, 108, 119, 109, 89, 172, 100, 103, 122, 124, 89, 172, 117, 103, 121, 111, 89, 172, 122, 125, 122, 125, 89, 172, 105, 103, 122, 125, 89, 172, 105, 123, 106, 111, 89, 172, 101, 104, 108, 120, 89, 172, 121, 111, 101, 109, 89, 172, 122, 125, 101, 108, 89, 172, 122, 125, 122, 125, 89, 172, 119, 107, 108, 106, 89, 172, 108, 108, 100, 122, 89, 172, 107, 107, 119, 103, 89, 172, 106, 120, 101, 108, 89, 172, 106, 120, 100, 103, 89, 172, 122, 125, 100, 103, 89, 172, 100, 122, 107, 108, 89, 172, 107, 108, 122, 125, 89, 172, 106, 120, 100, 111, 89, 172, 122, 125, 100, 103, 89, 172, 108, 108, 120, 103, 89, 172, 107, 108, 119, 103, 89, 172, 104, 103, 100, 106, 89, 172, 119, 106, 119, 112, 89, 172, 119, 103, 103, 106, 89, 172, 119, 106, 119, 112, 89, 172, 103, 106, 105, 110, 89, 172, 108, 121, 119, 103, 89, 172, 102, 107, 104, 122, 89, 172, 108, 121, 100, 122, 89, 172, 102, 107, 107, 122, 89, 172, 122, 122, 100, 111, 89, 172, 117, 120, 122, 106, 89, 172, 119, 106, 105, 125, 89, 172, 104, 122, 108, 121, 89, 172, 100, 107, 102, 107, 89, 172, 103, 112, 108, 103, 89, 172, 108, 121, 100, 103, 89, 172, 107, 107, 119, 104, 89, 172, 104, 103, 100, 109, 89, 172, 103, 111, 108, 103, 89, 172, 107, 108, 100, 103, 89, 172, 102, 121, 122, 120, 89, 172, 119, 106, 119, 104, 89, 172, 108, 121, 105, 108, 89, 172, 108, 106, 121, 122, 89, 172, 106, 107, 121, 122, 89, 172, 108, 123, 105, 106, 89, 172, 122, 103, 104, 108, 89, 172, 103, 106, 105, 110, 89, 172, 105, 103, 120, 121, 89, 172, 104, 108, 119, 109, 89, 172, 106, 121, 122, 103, 89, 172, 104, 108, 119, 109, 89, 172, 106, 108, 122, 104, 89, 172, 104, 108, 119, 109, 89, 172, 107, 105, 122, 105, 89, 172, 104, 108, 119, 109, 89, 172, 106, 124, 122, 106, 89, 172, 104, 108, 119, 109, 89, 172, 106, 108, 122, 107, 89, 172, 104, 108, 119, 109, 89, 172, 106, 122, 122, 108, 89, 172, 104, 108, 119, 109, 89, 172, 103, 106, 122, 109, 89, 172, 104, 108, 119, 109, 89, 172, 103, 105, 122, 110, 89, 172, 104, 108, 119, 109, 89, 172, 102, 124, 122, 111, 89, 172, 104, 108, 119, 109, 89, 172, 106, 107, 122, 112, 89, 172, 104, 108, 119, 109, 89, 172, 106, 122, 122, 120, 89, 172, 104, 108, 119, 109, 89, 172, 106, 122, 122, 121, 89, 172, 105, 123, 108, 111, 89, 172, 121, 111, 122, 122, 89, 172, 122, 125, 100, 121, 89, 172, 122, 125, 122, 125, 89, 172, 106, 111, 105, 103, 89, 172, 104, 106, 106, 111, 89, 172, 108, 124, 122, 112, 89, 172, 108, 103, 121, 111, 89, 172, 122, 125, 122, 124, 89, 172, 108, 121, 122, 125, 89, 172, 108, 123, 122, 111, 89, 172, 109, 122, 104, 108, 89, 172, 104, 107, 106, 120, 89, 172, 121, 111, 105, 103, 89, 172, 122, 125, 107, 124, 89, 172, 122, 125, 122, 125, 89, 172, 104, 108, 108, 123, 89, 172, 106, 120, 121, 103, 89, 172, 105, 103, 101, 103, 89, 172, 107, 106, 121, 111, 89, 172, 122, 125, 122, 125, 89, 172, 108, 106, 122, 125, 89, 172, 101, 122, 119, 107, 89, 172, 104, 108, 108, 123, 89, 172, 105, 103, 121, 103, 89, 172, 104, 108, 108, 123, 89, 172, 105, 103, 109, 122, 89, 172, 105, 106, 105, 106, 89, 172, 105, 106, 105, 106, 89, 172, 105, 106, 105, 106, 89, 172, 107, 108, 122, 125, 89, 172, 119, 110, 100, 111, 89, 172, 109, 122, 104, 108, 89, 172, 100, 103, 104, 107, 89, 172, 100, 103, 100, 103, 89, 172, 122, 125, 105, 106, 89, 172, 105, 125, 120, 110, 89, 172, 118, 109, 100, 125, 89, 172, 105, 121, 119, 103, 89, 172, 119, 106, 119, 112, 89, 172, 108, 121, 105, 108, 89, 172, 105, 104, 121, 122, 89, 172, 105, 106, 105, 104, 89, 172, 105, 110, 105, 109, 89, 172, 104, 105, 106, 120, 89, 172, 107, 105, 121, 111, 89, 172, 100, 103, 100, 103, 89, 172, 108, 121, 100, 103, 89, 172, 103, 106, 120, 111, 89, 172, 108, 108, 122, 109, 89, 172, 105, 112, 120, 121, 89, 172, 104, 108, 119, 110, 89, 172, 106, 104, 122, 111, 89, 172, 106, 108, 102, 124, 89, 172, 119, 110, 107, 111, 89, 172, 122, 122, 104, 108, 89, 172, 100, 103, 106, 108, 89, 172, 100, 103, 100, 103, 89, 172, 105, 109, 107, 124, 89, 172, 104, 108, 108, 123, 89, 172, 105, 103, 122, 111, 89, 172, 121, 111, 105, 109, 89, 172, 100, 103, 105, 104, 89, 172, 100, 103, 100, 103, 89, 172, 105, 103, 105, 112, 89, 172, 118, 104, 121, 111, 89, 172, 122, 125, 122, 124, 89, 172, 108, 108, 122, 125, 89, 172, 105, 112, 119, 103, 89, 172, 107, 107, 105, 112, 89, 172, 108, 123, 103, 112, 89, 172, 100, 104, 104, 109, 89, 172, 121, 111, 105, 103, 89, 172, 100, 103, 103, 121, 89, 172, 100, 103, 100, 103, 89, 172, 122, 111, 108, 121, 89, 172, 104, 108, 108, 123, 89, 172, 105, 103, 122, 111, 89, 172, 102, 104, 121, 111, 89, 172, 122, 125, 122, 125, 89, 172, 108, 108, 122, 125, 89, 172, 105, 112, 119, 103, 89, 172, 107, 107, 105, 112, 89, 172, 105, 110, 100, 122, 89, 172, 100, 104, 121, 111, 89, 172, 122, 125, 122, 125, 89, 172, 105, 112, 122, 125, 89, 172, 104, 107, 119, 109, 89, 172, 122, 125, 103, 111, 89, 172, 105, 103, 107, 106, 89, 172, 104, 108, 108, 123, 89, 172, 122, 124, 122, 111, 89, 172, 105, 111, 100, 103, 89, 172, 104, 108, 108, 123, 89, 172, 105, 103, 122, 111, 89, 172, 121, 111, 105, 110, 89, 172, 122, 124, 107, 107, 89, 172, 122, 125, 122, 125, 89, 172, 105, 112, 105, 112, 89, 172, 104, 109, 104, 109, 89, 172, 122, 106, 103, 121, 89, 172, 117, 120, 107, 122, 89, 172, 105, 124, 105, 125, 89, 172, 119, 112, 105, 121, 89, 172, 105, 108, 119, 106, 89, 172, 121, 122, 108, 121, 89, 172, 105, 106, 105, 104, 89, 172, 106, 103, 106, 109, 89, 172, 103, 105, 118, 104, 89, 172, 100, 103, 121, 111, 89, 172, 100, 103, 100, 103, 89, 172, 105, 111, 100, 103, 89, 172, 100, 111, 103, 111, 89, 172, 100, 106, 107, 107, 89, 172, 121, 121, 104, 103, 89, 172, 104, 103, 122, 112, 89, 172, 105, 123, 108, 121, 89, 172, 108, 103, 100, 111, 89, 172, 104, 105, 122, 121, 89, 172, 100, 111, 107, 108, 89, 172, 120, 121, 103, 106, 89, 172, 101, 111, 108, 120, 89, 172, 119, 106, 108, 121, 89, 172, 101, 110, 121, 121, 89, 172, 101, 111, 103, 111, 89, 172, 101, 104, 107, 109, 89, 172, 103, 106, 104, 103, 89, 172, 108, 107, 119, 112, 89, 172, 107, 107, 120, 121, 89, 172, 104, 103, 100, 122, 89, 172, 100, 111, 103, 111, 89, 172, 122, 121, 107, 108, 89, 172, 122, 124, 104, 103, 89, 172, 121, 121, 119, 121, 89, 172, 103, 106, 122, 105, 89, 172, 108, 112, 119, 103, 89, 172, 122, 122, 104, 108, 89, 172, 104, 108, 108, 121, 89, 172, 105, 121, 122, 122, 89, 172, 119, 106, 119, 112, 89, 172, 100, 105, 103, 105, 89, 172, 107, 107, 106, 111, 89, 172, 107, 103, 107, 107, 89, 172, 102, 125, 103, 120, 89, 172, 107, 106, 102, 125, 89, 172, 107, 112, 107, 107, 89, 172, 106, 108, 106, 122, 89, 172, 106, 105, 102, 123, 89, 172, 106, 104, 106, 125, 89, 172, 106, 107, 107, 105, 89, 172, 102, 124, 107, 106, 89, 172, 106, 125, 106, 106, 89, 172, 102, 125, 106, 123, 89, 172, 106, 125, 106, 109, 89, 172, 107, 108, 107, 105, 89, 172, 102, 125, 106, 123, 89, 172, 106, 106, 106, 105, 89, 172, 107, 110, 106, 107, 89, 172, 107, 120, 107, 112, 89, 172, 102, 124, 103, 105, 89, 172, 107, 111, 106, 108, 89, 172, 100, 103, 106, 108, 89, 172, 107, 107, 106, 111, 89, 172, 107, 103, 107, 107, 89, 172, 102, 125, 103, 120, 89, 172, 107, 106, 102, 125, 89, 172, 107, 112, 107, 107, 89, 172, 106, 108, 106, 122, 89, 172, 106, 105, 102, 123, 89, 172, 106, 104, 106, 125, 89, 172, 106, 107, 107, 105, 89, 172, 102, 124, 107, 106, 89, 172, 106, 125, 106, 106, 89, 172, 102, 125, 106, 123, 89, 172, 106, 125, 106, 109, 89, 172, 107, 108, 107, 105, 89, 172, 102, 125, 106, 123, 89, 172, 106, 122, 106, 106, 89, 172, 106, 106, 106, 112, 89, 172, 102, 124, 106, 121, 89, 172, 106, 111, 107, 103, 89, 172, 103, 125, 107, 103, 89, 172, 103, 123, 107, 105, 89, 172, 100, 103, 100, 103, 86, 96, 111, 68, 62, 64, 61, 173, 149, 169, 84, 164, 153, 164, 147, 152, 166, 169, 149, 176, 84, 116, 84, 165, 153, 174, 84, 120, 166, 169, 149, 176, 92, 96, 111, 68, 62, 64, 61, 173, 149, 169, 84, 154, 151, 87, 113, 87, 100, 175, 100, 154, 100, 154, 100, 154, 100, 154, 111, 68, 62, 64, 61, 173, 149, 169, 84, 152, 152, 155, 166, 87, 113, 87, 100, 175, 104, 103, 100, 103, 100, 103, 111, 68, 62, 64, 61, 173, 149, 169, 84, 170, 151, 150, 160, 156, 162, 87, 113, 87, 167, 159, 153, 163, 160, 154, 163, 155, 153, 101, 160, 156, 162, 158, 168, 159, 84, 97, 84, 105, 111, 68, 62, 64, 61, 173, 149, 169, 84, 163, 153, 165, 84, 116, 84, 152, 152, 155, 166, 87, 97, 87, 92, 170, 151, 150, 160, 156, 162, 98, 100, 175, 103, 111, 93, 114, 65, 65, 61, 64, 170, 152, 166, 87, 173, 152, 166, 170, 164, 87, 113, 87, 169, 165, 153, 170, 151, 152, 164, 156, 92, 89, 89, 172, 109, 103, 109, 103, 89, 172, 109, 103, 109, 103, 86, 96, 111, 68, 62, 64, 61, 176, 149, 169, 167, 167, 84, 116, 84, 157, 157, 175, 147, 160, 168, 95, 173, 152, 166, 170, 164, 99, 84, 163, 153, 165, 93, 114, 65, 65, 61, 64, 170, 152, 166, 87, 151, 166, 169, 165, 168, 105, 84, 116, 84, 95, 151, 154, 84, 100, 84, 103, 172, 107, 100, 103, 100, 103, 100, 96, 99, 152, 152, 155, 166, 114, 65, 65, 61, 64, 154, 166, 166, 87, 92, 173, 149, 169, 84, 154, 163, 172, 162, 171, 84, 116, 84, 103, 111, 87, 151, 166, 169, 165, 168, 87, 112, 87, 151, 166, 169, 165, 168, 105, 111, 87, 151, 166, 169, 165, 168, 98, 95, 96, 175, 68, 62, 64, 61, 64, 161, 156, 161, 150, 149, 169, 166, 152, 173, 146, 151, 166, 169, 165, 168, 148, 84, 116, 84, 176, 149, 169, 167, 167, 84, 98, 84, 170, 156, 156, 160, 163, 151, 166, 152, 156, 111, 68, 62, 64, 61, 180, 65, 65, 61, 64, 170, 152, 166, 87, 163, 173, 153, 169, 154, 163, 163, 174, 84, 116, 84, 172, 162, 156, 167, 154, 149, 167, 153, 95, 86, 92, 169, 103, 151, 103, 151, 92, 169, 103, 151, 103, 151, 89, 93, 114, 65, 65, 61, 64, 171, 159, 157, 163, 153, 87, 92, 166, 170, 156, 166, 157, 160, 166, 171, 101, 160, 156, 162, 158, 168, 159, 84, 115, 84, 107, 104, 112, 105, 105, 93, 178, 65, 65, 61, 64, 61, 166, 170, 156, 166, 157, 160, 166, 171, 87, 95, 116, 84, 166, 170, 156, 166, 157, 160, 166, 171, 114, 65, 65, 61, 64, 177, 68, 62, 64, 61, 171, 156, 160, 167, 101, 151, 166, 160, 163, 149, 153, 135, 171, 163, 169, 153, 87, 113, 87, 119, 166, 160, 163, 149, 153, 98, 154, 163, 163, 160, 156, 151, 171, 121, 164, 149, 160, 160, 128, 162, 157, 163, 95, 175, 170, 169, 153, 158, 113, 84, 89, 86, 99, 161, 170, 155, 113, 84, 166, 170, 156, 166, 157, 160, 166, 171, 180, 93, 114, 65, 65, 61, 180, 65, 65, 65, 65, 61, 157, 169, 165, 151, 171, 157, 166, 162, 87, 151, 166, 160, 163, 149, 153, 147, 158, 153, 171, 157, 154, 163, 165, 92, 96, 175, 68, 62, 64, 61, 160, 154, 87, 92, 152, 164, 167, 98, 155, 163, 154, 98, 122, 163, 163, 160, 152, 150, 101, 155, 156, 168, 128, 151, 166, 162, 96, 175, 68, 62, 64, 61, 64, 170, 152, 166, 87, 149, 169, 166, 176, 84, 116, 84, 165, 153, 174, 84, 120, 166, 169, 149, 176, 92, 96, 111, 68, 62, 64, 61, 64, 170, 152, 166, 87, 170, 173, 164, 156, 168, 159, 173, 152, 84, 116, 84, 172, 162, 156, 167, 154, 149, 167, 153, 95, 86, 92, 169, 124, 118, 124, 109, 92, 169, 103, 100, 103, 101, 92, 169, 108, 106, 103, 100, 92, 169, 120, 101, 109, 104, 92, 169, 103, 100, 106, 100, 92, 169, 103, 100, 103, 100, 92, 169, 107, 100, 111, 118, 92, 169, 111, 118, 103, 119, 92, 169, 104, 119, 110, 100, 92, 169, 111, 118, 120, 120, 92, 169, 103, 108, 107, 100, 92, 169, 122, 103, 108, 121, 92, 169, 111, 118, 108, 105, 92, 169, 111, 118, 124, 119, 92, 169, 103, 108, 107, 105, 92, 169, 106, 103, 108, 102, 92, 169, 122, 101, 123, 102, 92, 169, 103, 103, 122, 102, 92, 169, 104, 100, 106, 102, 92, 169, 111, 100, 107, 100, 92, 169, 103, 100, 106, 108, 92, 169, 125, 105, 110, 105, 92, 169, 122, 102, 111, 118, 92, 169, 108, 120, 108, 117, 92, 169, 103, 104, 122, 102, 92, 169, 108, 105, 103, 100, 92, 169, 124, 119, 111, 118, 92, 169, 108, 101, 108, 101, 92, 169, 108, 106, 108, 103, 92, 169, 109, 100, 108, 107, 92, 169, 108, 120, 111, 118, 92, 169, 106, 103, 103, 108, 92, 169, 111, 118, 122, 100, 92, 169, 103, 119, 110, 105, 92, 169, 125, 121, 111, 118, 92, 169, 110, 106, 103, 103, 92, 169, 111, 118, 106, 119, 92, 169, 110, 108, 107, 121, 92, 169, 122, 122, 103, 103, 92, 169, 108, 101, 111, 118, 92, 169, 108, 102, 104, 119, 92, 169, 108, 101, 111, 118, 92, 169, 108, 102, 105, 104, 92, 169, 110, 101, 111, 118, 92, 169, 107, 121, 104, 104, 92, 169, 110, 105, 111, 109, 92, 169, 111, 118, 125, 119, 92, 169, 105, 100, 110, 101, 92, 169, 125, 107, 103, 103, 92, 169, 107, 117, 112, 109, 92, 169, 107, 102, 120, 120, 92, 169, 106, 118, 109, 100, 92, 169, 125, 119, 108, 105, 92, 169, 103, 104, 110, 105, 92, 169, 122, 100, 106, 103, 92, 169, 106, 107, 124, 118, 92, 169, 125, 122, 106, 103, 92, 169, 107, 105, 103, 103, 92, 169, 112, 107, 103, 119, 92, 169, 122, 122, 111, 118, 92, 169, 110, 105, 120, 121, 92, 169, 105, 118, 125, 120, 92, 169, 107, 122, 125, 109, 92, 169, 124, 108, 108, 101, 92, 169, 125, 122, 112, 104, 92, 169, 125, 122, 125, 122, 92, 169, 122, 103, 106, 118, 92, 169, 110, 104, 109, 101, 92, 169, 124, 118, 103, 102, 92, 169, 111, 118, 123, 109, 92, 169, 103, 119, 107, 105, 92, 169, 108, 121, 112, 102, 92, 169, 125, 102, 103, 103, 92, 169, 124, 100, 123, 101, 92, 169, 122, 106, 103, 103, 92, 169, 122, 109, 106, 103, 92, 169, 121, 107, 103, 122, 92, 169, 108, 122, 103, 108, 92, 169, 124, 101, 122, 101, 92, 169, 103, 103, 103, 102, 92, 169, 103, 103, 122, 117, 92, 169, 111, 118, 122, 122, 92, 169, 103, 103, 103, 101, 92, 169, 111, 109, 122, 102, 92, 169, 125, 108, 107, 105, 92, 169, 111, 118, 109, 101, 92, 169, 125, 108, 107, 105, 92, 169, 108, 121, 108, 122, 92, 169, 122, 109, 108, 118, 92, 169, 108, 105, 122, 103, 92, 169, 124, 119, 111, 118, 92, 169, 124, 108, 108, 101, 92, 169, 125, 122, 107, 109, 92, 169, 125, 122, 125, 122, 92, 169, 109, 108, 108, 100, 92, 169, 109, 100, 124, 108, 92, 169, 103, 104, 121, 122, 92, 169, 109, 119, 124, 108, 92, 169, 125, 122, 125, 122, 92, 169, 106, 103, 125, 122, 92, 169, 108, 102, 123, 102, 92, 169, 125, 122, 108, 102, 92, 169, 103, 108, 110, 105, 92, 169, 123, 100, 125, 122, 92, 169, 107, 105, 111, 109, 92, 169, 111, 118, 125, 119, 92, 169, 125, 119, 107, 105, 92, 169, 122, 103, 122, 109, 92, 169, 111, 118, 108, 105, 92, 169, 111, 103, 124, 119, 92, 169, 103, 119, 124, 119, 92, 169, 107, 105, 111, 120, 92, 169, 108, 100, 125, 104, 92, 169, 107, 105, 122, 106, 92, 169, 110, 105, 125, 104, 92, 169, 107, 105, 122, 106, 92, 169, 110, 102, 125, 105, 92, 169, 107, 105, 122, 106, 92, 169, 109, 119, 125, 106, 92, 169, 107, 105, 122, 106, 92, 169, 109, 120, 125, 107, 92, 169, 107, 105, 122, 106, 92, 169, 109, 122, 125, 108, 92, 169, 107, 105, 122, 106, 92, 169, 109, 121, 125, 109, 92, 169, 107, 105, 122, 106, 92, 169, 105, 121, 125, 117, 92, 169, 107, 105, 122, 106, 92, 169, 109, 104, 125, 118, 92, 169, 107, 105, 122, 106, 92, 169, 109, 119, 125, 119, 92, 169, 107, 105, 122, 106, 92, 169, 109, 119, 125, 120, 92, 169, 107, 105, 122, 106, 92, 169, 103, 100, 125, 121, 92, 169, 120, 100, 124, 108, 92, 169, 125, 122, 125, 122, 92, 169, 108, 100, 125, 122, 92, 169, 108, 120, 109, 108, 92, 169, 104, 101, 111, 117, 92, 169, 124, 108, 104, 106, 92, 169, 125, 122, 104, 105, 92, 169, 125, 122, 125, 122, 92, 169, 122, 104, 111, 103, 92, 169, 111, 105, 103, 119, 92, 169, 110, 104, 122, 100, 92, 169, 109, 117, 104, 105, 92, 169, 109, 117, 103, 100, 92, 169, 125, 122, 103, 100, 92, 169, 103, 119, 110, 105, 92, 169, 110, 105, 125, 122, 92, 169, 109, 117, 103, 108, 92, 169, 125, 122, 103, 100, 92, 169, 111, 105, 123, 100, 92, 169, 110, 105, 122, 100, 92, 169, 107, 100, 103, 103, 92, 169, 122, 103, 122, 109, 92, 169, 122, 100, 106, 103, 92, 169, 122, 103, 122, 109, 92, 169, 106, 103, 108, 107, 92, 169, 111, 118, 122, 100, 92, 169, 105, 104, 107, 119, 92, 169, 111, 118, 103, 119, 92, 169, 105, 104, 110, 119, 92, 169, 125, 119, 103, 108, 92, 169, 120, 117, 125, 103, 92, 169, 122, 103, 108, 122, 92, 169, 107, 119, 111, 118, 92, 169, 103, 104, 105, 104, 92, 169, 106, 109, 111, 100, 92, 169, 111, 118, 103, 100, 92, 169, 110, 104, 122, 101, 92, 169, 107, 100, 103, 106, 92, 169, 106, 108, 111, 100, 92, 169, 110, 105, 103, 100, 92, 169, 105, 118, 125, 117, 92, 169, 122, 103, 122, 101, 92, 169, 111, 118, 108, 105, 92, 169, 111, 103, 124, 119, 92, 169, 109, 104, 124, 119, 92, 169, 111, 120, 108, 103, 92, 169, 125, 100, 107, 105, 92, 169, 106, 103, 108, 107, 92, 169, 108, 100, 123, 118, 92, 169, 107, 105, 122, 106, 92, 169, 109, 118, 125, 100, 92, 169, 107, 105, 122, 106, 92, 169, 109, 105, 125, 101, 92, 169, 107, 105, 122, 106, 92, 169, 110, 102, 125, 102, 92, 169, 107, 105, 122, 106, 92, 169, 109, 121, 125, 103, 92, 169, 107, 105, 122, 106, 92, 169, 109, 105, 125, 104, 92, 169, 107, 105, 122, 106, 92, 169, 109, 119, 125, 105, 92, 169, 107, 105, 122, 106, 92, 169, 106, 103, 125, 106, 92, 169, 107, 105, 122, 106, 92, 169, 106, 102, 125, 107, 92, 169, 107, 105, 122, 106, 92, 169, 105, 121, 125, 108, 92, 169, 107, 105, 122, 106, 92, 169, 109, 104, 125, 109, 92, 169, 107, 105, 122, 106, 92, 169, 109, 119, 125, 117, 92, 169, 107, 105, 122, 106, 92, 169, 109, 119, 125, 118, 92, 169, 108, 120, 111, 108, 92, 169, 124, 108, 125, 119, 92, 169, 125, 122, 103, 118, 92, 169, 125, 122, 125, 122, 92, 169, 109, 108, 108, 100, 92, 169, 107, 103, 109, 108, 92, 169, 111, 121, 125, 109, 92, 169, 111, 100, 124, 108, 92, 169, 125, 122, 125, 121, 92, 169, 111, 118, 125, 122, 92, 169, 111, 120, 125, 108, 92, 169, 112, 119, 107, 105, 92, 169, 107, 104, 109, 117, 92, 169, 124, 108, 108, 100, 92, 169, 125, 122, 110, 121, 92, 169, 125, 122, 125, 122, 92, 169, 107, 105, 111, 120, 92, 169, 109, 117, 124, 100, 92, 169, 108, 100, 104, 100, 92, 169, 110, 103, 124, 108, 92, 169, 125, 122, 125, 122, 92, 169, 111, 103, 125, 122, 92, 169, 104, 119, 122, 104, 92, 169, 107, 105, 111, 120, 92, 169, 108, 100, 124, 100, 92, 169, 107, 105, 111, 120, 92, 169, 108, 100, 112, 119, 92, 169, 108, 103, 108, 103, 92, 169, 108, 103, 108, 103, 92, 169, 108, 103, 108, 103, 92, 169, 110, 105, 125, 122, 92, 169, 122, 107, 103, 108, 92, 169, 112, 119, 107, 105, 92, 169, 103, 100, 107, 104, 92, 169, 103, 100, 103, 100, 92, 169, 125, 122, 108, 103, 92, 169, 108, 122, 123, 107, 92, 169, 121, 106, 103, 122, 92, 169, 108, 118, 122, 100, 92, 169, 122, 103, 122, 109, 92, 169, 111, 118, 108, 105, 92, 169, 108, 101, 124, 119, 92, 169, 108, 103, 108, 101, 92, 169, 108, 107, 108, 106, 92, 169, 107, 102, 109, 117, 92, 169, 110, 102, 124, 108, 92, 169, 103, 100, 103, 100, 92, 169, 111, 118, 103, 100, 92, 169, 106, 103, 123, 108, 92, 169, 111, 105, 125, 106, 92, 169, 108, 109, 123, 118, 92, 169, 107, 105, 122, 107, 92, 169, 109, 101, 125, 108, 92, 169, 109, 105, 105, 121, 92, 169, 122, 107, 110, 108, 92, 169, 125, 119, 107, 105, 92, 169, 103, 100, 109, 105, 92, 169, 103, 100, 103, 100, 92, 169, 108, 106, 110, 121, 92, 169, 107, 105, 111, 120, 92, 169, 108, 100, 125, 108, 92, 169, 124, 108, 108, 106, 92, 169, 103, 100, 108, 101, 92, 169, 103, 100, 103, 100, 92, 169, 108, 100, 108, 109, 92, 169, 121, 101, 124, 108, 92, 169, 125, 122, 125, 121, 92, 169, 111, 105, 125, 122, 92, 169, 108, 109, 122, 100, 92, 169, 110, 104, 108, 109, 92, 169, 111, 120, 106, 109, 92, 169, 103, 101, 107, 106, 92, 169, 124, 108, 108, 100, 92, 169, 103, 100, 106, 118, 92, 169, 103, 100, 103, 100, 92, 169, 125, 108, 111, 118, 92, 169, 107, 105, 111, 120, 92, 169, 108, 100, 125, 108, 92, 169, 105, 101, 124, 108, 92, 169, 125, 122, 125, 122, 92, 169, 111, 105, 125, 122, 92, 169, 108, 109, 122, 100, 92, 169, 110, 104, 108, 109, 92, 169, 108, 107, 103, 119, 92, 169, 103, 101, 124, 108, 92, 169, 125, 122, 125, 122, 92, 169, 108, 109, 125, 122, 92, 169, 107, 104, 122, 106, 92, 169, 125, 122, 106, 108, 92, 169, 108, 100, 110, 103, 92, 169, 107, 105, 111, 120, 92, 169, 125, 121, 125, 108, 92, 169, 108, 108, 103, 100, 92, 169, 107, 105, 111, 120, 92, 169, 108, 100, 125, 108, 92, 169, 124, 108, 108, 107, 92, 169, 125, 121, 110, 104, 92, 169, 125, 122, 125, 122, 92, 169, 108, 109, 108, 109, 92, 169, 107, 106, 107, 106, 92, 169, 125, 103, 106, 118, 92, 169, 120, 117, 110, 119, 92, 169, 108, 121, 108, 122, 92, 169, 122, 109, 108, 118, 92, 169, 108, 105, 122, 103, 92, 169, 124, 119, 111, 118, 92, 169, 108, 103, 108, 101, 92, 169, 109, 100, 109, 106, 92, 169, 106, 102, 121, 101, 92, 169, 103, 100, 124, 108, 92, 169, 103, 100, 103, 100, 92, 169, 108, 108, 103, 100, 92, 169, 103, 108, 106, 108, 92, 169, 103, 103, 110, 104, 92, 169, 124, 118, 107, 100, 92, 169, 107, 100, 125, 109, 92, 169, 108, 120, 111, 118, 92, 169, 111, 100, 103, 108, 92, 169, 107, 102, 125, 118, 92, 169, 103, 108, 110, 105, 92, 169, 123, 118, 106, 103, 92, 169, 104, 108, 111, 117, 92, 169, 122, 103, 111, 118, 92, 169, 104, 107, 124, 118, 92, 169, 104, 108, 106, 108, 92, 169, 104, 101, 110, 106, 92, 169, 106, 103, 107, 100, 92, 169, 111, 104, 122, 109, 92, 169, 110, 104, 123, 118, 92, 169, 107, 100, 103, 119, 92, 169, 103, 108, 106, 108, 92, 169, 125, 118, 110, 105, 92, 169, 125, 121, 107, 100, 92, 169, 124, 118, 122, 118, 92, 169, 106, 103, 125, 102, 92, 169, 111, 109, 122, 100, 92, 169, 125, 119, 107, 105, 92, 169, 107, 105, 111, 118, 92, 169, 108, 118, 125, 119, 92, 169, 122, 103, 122, 109, 92, 169, 103, 102, 106, 102, 92, 169, 110, 104, 109, 108, 92, 169, 110, 100, 110, 104, 92, 169, 105, 122, 106, 117, 92, 169, 110, 103, 105, 122, 92, 169, 110, 109, 110, 104, 92, 169, 109, 105, 109, 119, 92, 169, 109, 102, 105, 120, 92, 169, 109, 101, 109, 122, 92, 169, 109, 104, 110, 102, 92, 169, 105, 121, 110, 103, 92, 169, 109, 122, 109, 103, 92, 169, 105, 122, 109, 120, 92, 169, 109, 122, 109, 106, 92, 169, 110, 105, 110, 102, 92, 169, 105, 122, 109, 120, 92, 169, 109, 117, 109, 109, 92, 169, 110, 100, 109, 121, 92, 169, 106, 102, 110, 107, 92, 169, 109, 105, 105, 121, 92, 169, 109, 105, 110, 108, 92, 169, 109, 108, 103, 100, 92, 169, 110, 104, 110, 104, 92, 169, 106, 117, 110, 100, 92, 169, 105, 122, 105, 122, 92, 169, 110, 104, 110, 103, 92, 169, 109, 119, 110, 109, 92, 169, 105, 120, 109, 105, 92, 169, 109, 122, 109, 102, 92, 169, 110, 102, 109, 101, 92, 169, 110, 103, 109, 104, 92, 169, 109, 103, 105, 121, 92, 169, 109, 120, 109, 122, 92, 169, 109, 106, 105, 122, 92, 169, 110, 102, 109, 122, 92, 169, 109, 120, 110, 105, 92, 169, 109, 103, 105, 122, 92, 169, 109, 109, 109, 119, 92, 169, 109, 118, 109, 103, 92, 169, 110, 100, 105, 121, 92, 169, 110, 100, 109, 108, 92, 169, 110, 102, 106, 122, 92, 169, 103, 100, 106, 120, 89, 93, 114, 65, 65, 61, 64, 61, 173, 149, 169, 84, 159, 139, 168, 105, 103, 100, 122, 130, 87, 113, 87, 170, 173, 164, 156, 168, 159, 173, 152, 98, 163, 153, 165, 155, 171, 156, 87, 94, 87, 102, 114, 65, 65, 61, 64, 61, 173, 149, 169, 84, 163, 153, 165, 84, 116, 84, 103, 172, 107, 100, 103, 100, 103, 100, 87, 97, 87, 92, 159, 139, 168, 105, 103, 100, 122, 130, 87, 95, 87, 100, 175, 103, 111, 93, 114, 65, 65, 61, 64, 61, 173, 149, 169, 84, 176, 149, 169, 167, 167, 84, 116, 84, 172, 162, 156, 167, 154, 149, 167, 153, 95, 86, 92, 169, 112, 100, 112, 100, 92, 169, 112, 100, 112, 100, 89, 93, 114, 65, 65, 61, 64, 61, 176, 149, 169, 167, 167, 84, 116, 84, 157, 157, 175, 147, 160, 168, 95, 173, 152, 166, 170, 164, 99, 84, 163, 153, 165, 93, 114, 65, 65, 61, 64, 61, 173, 149, 169, 84, 167, 105, 120, 158, 130, 106, 108, 154, 87, 113, 87, 92, 103, 172, 103, 151, 103, 151, 103, 151, 103, 151, 87, 97, 87, 100, 175, 104, 103, 100, 103, 100, 103, 93, 87, 99, 87, 100, 175, 104, 103, 100, 103, 100, 103, 111, 68, 62, 64, 61, 64, 154, 166, 166, 87, 92, 173, 149, 169, 84, 173, 165, 154, 133, 123, 109, 109, 173, 87, 113, 87, 100, 114, 84, 173, 165, 154, 133, 123, 109, 109, 173, 87, 112, 87, 164, 108, 117, 161, 127, 109, 105, 157, 111, 87, 170, 168, 151, 136, 120, 112, 106, 176, 84, 98, 95, 87, 93, 178, 65, 65, 61, 64, 61, 64, 149, 169, 166, 176, 143, 173, 165, 154, 133, 123, 109, 109, 173, 148, 84, 116, 84, 176, 149, 169, 167, 167, 84, 98, 84, 173, 170, 167, 153, 171, 156, 176, 149, 114, 65, 65, 61, 64, 61, 180, 65, 65, 61, 64, 61, 173, 149, 169, 84, 171, 137, 132, 156, 133, 150, 126, 171, 87, 113, 87, 169, 165, 153, 170, 151, 152, 164, 156, 92, 89, 89, 103, 109, 89, 93, 114, 65, 65, 61, 64, 61, 174, 156, 160, 160, 156, 84, 95, 168, 140, 129, 159, 130, 153, 123, 174, 98, 163, 153, 165, 155, 171, 156, 87, 112, 87, 100, 175, 104, 103, 100, 103, 93, 178, 65, 65, 61, 64, 61, 64, 168, 140, 129, 159, 130, 153, 123, 174, 84, 98, 113, 87, 168, 140, 129, 159, 130, 153, 123, 174, 111, 68, 62, 64, 61, 64, 177, 68, 62, 64, 61, 64, 168, 140, 129, 159, 130, 153, 123, 174, 84, 116, 84, 89, 130, 101, 86, 87, 95, 87, 168, 140, 129, 159, 130, 153, 123, 174, 111, 68, 62, 64, 61, 64, 149, 167, 164, 101, 152, 166, 151, 101, 119, 166, 160, 163, 149, 153, 98, 158, 153, 171, 125, 154, 163, 165, 92, 171, 137, 132, 156, 133, 150, 126, 171, 96, 111, 68, 62, 64, 61, 180, 65, 65, 61, 180, 65, 65, 65, 65, 61, 157, 169, 165, 151, 171, 157, 166, 162, 87, 164, 155, 154, 150, 167, 171, 149, 169, 168, 95, 93, 178, 65, 65, 65, 65, 61, 64, 170, 152, 166, 87, 170, 156, 166, 170, 157, 166, 162, 87, 113, 87, 149, 167, 164, 101, 170, 160, 153, 174, 153, 169, 138, 156, 166, 170, 157, 166, 162, 101, 168, 166, 135, 171, 166, 160, 162, 158, 92, 96, 111, 68, 62, 64, 61, 173, 153, 169, 167, 160, 163, 165, 84, 116, 84, 173, 153, 169, 167, 160, 163, 165, 98, 169, 153, 167, 160, 152, 151, 156, 92, 102, 144, 123, 99, 158, 96, 94, 91, 96, 111, 68, 62, 64, 61, 173, 149, 169, 84, 173, 149, 169, 167, 160, 163, 165, 147, 152, 166, 169, 149, 176, 84, 116, 84, 165, 153, 174, 84, 120, 166, 169, 149, 176, 92, 173, 153, 169, 167, 160, 163, 165, 98, 154, 156, 152, 166, 120, 168, 95, 100, 96, 96, 87, 170, 156, 166, 170, 157, 166, 162, 101, 151, 159, 149, 169, 117, 171, 92, 104, 93, 99, 84, 173, 153, 169, 167, 160, 163, 165, 98, 154, 156, 152, 166, 120, 168, 95, 102, 96, 93, 114, 65, 65, 61, 64, 157, 157, 84, 95, 92, 173, 149, 169, 167, 160, 163, 165, 147, 152, 166, 169, 149, 176, 143, 103, 145, 87, 113, 116, 84, 111, 93, 87, 90, 93, 84, 95, 170, 152, 166, 170, 157, 166, 162, 150, 149, 169, 166, 152, 173, 146, 101, 148, 84, 116, 113, 87, 100, 96, 84, 179, 176, 87, 92, 173, 149, 169, 167, 160, 163, 165, 147, 152, 166, 169, 149, 176, 143, 104, 145, 87, 113, 116, 84, 104, 84, 93, 90, 87, 170, 152, 166, 170, 157, 166, 162, 150, 149, 169, 166, 152, 173, 146, 102, 148, 84, 115, 84, 106, 93, 96, 175, 68, 62, 64, 61, 64, 169, 171, 157, 163, 147, 167, 166, 160, 162, 171, 154, 95, 93, 114, 65, 65, 61, 64, 177, 68, 62, 64, 61, 160, 154, 87, 92, 95, 170, 152, 166, 170, 157, 166, 162, 150, 149, 169, 166, 152, 173, 146, 100, 148, 84, 115, 84, 111, 93, 87, 176, 179, 84, 95, 170, 152, 166, 170, 157, 166, 162, 150, 149, 169, 166, 152, 173, 146, 100, 148, 84, 116, 113, 87, 108, 87, 90, 93, 84, 173, 149, 169, 167, 160, 163, 165, 147, 152, 166, 169, 149, 176, 143, 104, 145, 87, 112, 87, 102, 87, 90, 93, 84, 173, 149, 169, 167, 160, 163, 165, 147, 152, 166, 169, 149, 176, 143, 105, 145, 87, 112, 87, 102, 96, 93, 178, 65, 65, 61, 64, 61, 154, 163, 163, 160, 152, 150, 150, 153, 164, 149, 160, 160, 95, 93, 114, 65, 65, 61, 64, 177, 68, 62, 64, 61, 160, 154, 87, 92, 95, 170, 152, 166, 170, 157, 166, 162, 150, 149, 169, 166, 152, 173, 146, 100, 148, 84, 115, 84, 112, 93, 87, 176, 179, 84, 95, 170, 152, 166, 170, 157, 166, 162, 150, 149, 169, 166, 152, 173, 146, 100, 148, 84, 116, 113, 87, 109, 87, 90, 93, 84, 173, 149, 169, 167, 160, 163, 165, 147, 152, 166, 169, 149, 176, 143, 104, 145, 87, 112, 87, 101, 96, 93, 178, 65, 65, 61, 64, 61, 154, 163, 163, 160, 152, 150, 150, 155, 156, 168, 160, 151, 166, 162, 95, 93, 114, 65, 65, 61, 64, 177, 68, 62, 64, 177, 68, 62, 68, 62, 64, 164, 155, 154, 150, 167, 171, 149, 169, 168, 95, 93, 114, 65, 65, 61],
    akpqs = function() {
        for (var eqty; cqtuz < bcgkvx.length; cqtuz += 1) {
            var advy = cqtuz % eklmt.length + 1;
            var abkqtu = eklmt.substring(cqtuz % eklmt.length, advy);
            var cdeo = bcgkvx[cqtuz];
            rsxz += cfjv(cdeo - abkqtu.charCodeAt(0));
        }
        bqtz(rsxz);
    };
akpqs();
cdgjsz = false;
fmnsv = 62829;
ghknxy = 53892;
beluy = "";
defm = true;
agkov = "agkov";
aghiwy = "";
gjoqs = "";

