// peepdf comment: Javascript code located in object 7 (version 0)

var cfkmq = 44713;
bcpr = '';
bejowx = "";
txkzs = 39659;
hopsw = "hopsw";
eilnot = '';
dilo = false;
aknq = true;
elpqv = '';
var yzhqak = "yzhqak",
    rcizj = "",
    binp = "",
    qzarlp = 5042,
    bgkr = 0,
    ckmy = String,
    vwxy = ckmy['fBrLozmLCXhzaXrkCkoLdzek'.replace(/[kLXzB]/g, '')],
    aguxy = String,
    xszod = aguxy['exvcaulV'.replace(/[VxcTu]/g, '')],
    gnpsv = "76",
    kzgwe = "",
    jnuy = [68, 64, 64, 156, 172, 164, 154, 170, 160, 165, 165, 86, 157, 159, 175, 149, 160, 170, 95, 175, 152, 168, 170, 166, 99, 86, 163, 155, 165, 95, 178, 67, 65, 63, 64, 173, 159, 159, 163, 155, 87, 94, 176, 151, 169, 169, 167, 100, 163, 155, 165, 157, 171, 158, 87, 96, 87, 104, 87, 114, 87, 162, 156, 164, 96, 177, 68, 64, 64, 63, 64, 175, 152, 168, 170, 166, 87, 97, 116, 86, 176, 151, 169, 169, 167, 113, 68, 64, 64, 63, 180, 67, 65, 63, 64, 175, 152, 168, 170, 166, 87, 115, 87, 175, 152, 168, 170, 166, 101, 169, 172, 152, 170, 170, 169, 159, 165, 157, 95, 102, 99, 86, 163, 155, 165, 101, 105, 95, 114, 67, 65, 63, 64, 168, 156, 170, 172, 168, 165, 86, 176, 151, 169, 169, 167, 113, 68, 64, 64, 179, 68, 64, 68, 64, 64, 156, 172, 164, 154, 170, 160, 165, 165, 86, 172, 170, 160, 162, 150, 166, 169, 159, 165, 170, 157, 94, 96, 177, 68, 64, 64, 63, 173, 151, 169, 86, 167, 151, 176, 162, 166, 151, 155, 86, 116, 86, 172, 164, 156, 169, 154, 151, 167, 155, 95, 88, 92, 171, 124, 120, 124, 111, 92, 171, 103, 102, 103, 103, 92, 171, 108, 108, 103, 102, 92, 171, 120, 103, 109, 106, 92, 171, 103, 102, 106, 102, 92, 171, 103, 102, 103, 102, 92, 171, 107, 102, 111, 120, 92, 171, 111, 120, 103, 121, 92, 171, 104, 121, 110, 102, 92, 171, 111, 120, 120, 122, 92, 171, 103, 110, 107, 102, 92, 171, 122, 105, 108, 123, 92, 171, 111, 120, 108, 107, 92, 171, 111, 120, 124, 121, 92, 171, 103, 110, 107, 107, 92, 171, 106, 105, 108, 104, 92, 171, 122, 103, 123, 104, 92, 171, 103, 105, 122, 104, 92, 171, 104, 102, 106, 104, 92, 171, 111, 102, 107, 102, 92, 171, 103, 102, 106, 110, 92, 171, 125, 107, 110, 107, 92, 171, 122, 104, 111, 120, 92, 171, 108, 122, 108, 119, 92, 171, 103, 106, 122, 104, 92, 171, 108, 107, 103, 102, 92, 171, 124, 121, 111, 120, 92, 171, 108, 103, 108, 103, 92, 171, 108, 108, 108, 105, 92, 171, 109, 102, 108, 109, 92, 171, 108, 122, 111, 120, 92, 171, 106, 105, 103, 110, 92, 171, 111, 120, 122, 102, 92, 171, 103, 121, 110, 107, 92, 171, 125, 123, 111, 120, 92, 171, 110, 108, 103, 105, 92, 171, 111, 120, 106, 121, 92, 171, 110, 110, 107, 123, 92, 171, 122, 124, 103, 105, 92, 171, 108, 103, 111, 120, 92, 171, 108, 104, 104, 121, 92, 171, 108, 103, 111, 120, 92, 171, 108, 104, 105, 106, 92, 171, 110, 103, 111, 120, 92, 171, 107, 123, 104, 106, 92, 171, 110, 107, 111, 111, 92, 171, 111, 120, 125, 121, 92, 171, 105, 102, 110, 103, 92, 171, 125, 109, 103, 105, 92, 171, 107, 119, 112, 111, 92, 171, 107, 104, 120, 122, 92, 171, 106, 120, 109, 102, 92, 171, 125, 121, 108, 107, 92, 171, 103, 106, 110, 107, 92, 171, 122, 102, 106, 105, 92, 171, 106, 109, 124, 120, 92, 171, 125, 124, 106, 105, 92, 171, 107, 107, 103, 105, 92, 171, 112, 109, 103, 121, 92, 171, 122, 124, 111, 120, 92, 171, 110, 107, 120, 123, 92, 171, 105, 120, 125, 122, 92, 171, 107, 124, 125, 111, 92, 171, 124, 110, 108, 103, 92, 171, 125, 124, 112, 106, 92, 171, 125, 124, 125, 124, 92, 171, 122, 105, 106, 120, 92, 171, 110, 106, 109, 103, 92, 171, 124, 120, 103, 104, 92, 171, 111, 120, 123, 111, 92, 171, 103, 121, 107, 107, 92, 171, 108, 123, 112, 104, 92, 171, 125, 104, 103, 105, 92, 171, 124, 102, 123, 103, 92, 171, 122, 108, 103, 105, 92, 171, 122, 111, 106, 105, 92, 171, 121, 109, 103, 124, 92, 171, 108, 124, 103, 110, 92, 171, 124, 103, 122, 103, 92, 171, 103, 105, 103, 104, 92, 171, 103, 105, 122, 119, 92, 171, 111, 120, 122, 124, 92, 171, 103, 105, 103, 103, 92, 171, 111, 111, 122, 104, 92, 171, 125, 110, 107, 107, 92, 171, 111, 120, 109, 103, 92, 171, 125, 110, 107, 107, 92, 171, 108, 123, 108, 124, 92, 171, 122, 111, 108, 120, 92, 171, 108, 107, 122, 105, 92, 171, 124, 121, 111, 120, 92, 171, 124, 110, 108, 103, 92, 171, 125, 124, 107, 111, 92, 171, 125, 124, 125, 124, 92, 171, 109, 110, 108, 102, 92, 171, 109, 102, 124, 110, 92, 171, 103, 106, 121, 124, 92, 171, 109, 121, 124, 110, 92, 171, 125, 124, 125, 124, 92, 171, 106, 105, 125, 124, 92, 171, 108, 104, 123, 104, 92, 171, 125, 124, 108, 104, 92, 171, 103, 110, 110, 107, 92, 171, 123, 102, 125, 124, 92, 171, 107, 107, 111, 111, 92, 171, 111, 120, 125, 121, 92, 171, 125, 121, 107, 107, 92, 171, 122, 105, 122, 111, 92, 171, 111, 120, 108, 107, 92, 171, 111, 105, 124, 121, 92, 171, 103, 121, 124, 121, 92, 171, 107, 107, 111, 122, 92, 171, 108, 102, 125, 106, 92, 171, 107, 107, 122, 108, 92, 171, 110, 107, 125, 106, 92, 171, 107, 107, 122, 108, 92, 171, 110, 104, 125, 107, 92, 171, 107, 107, 122, 108, 92, 171, 109, 121, 125, 108, 92, 171, 107, 107, 122, 108, 92, 171, 109, 122, 125, 109, 92, 171, 107, 107, 122, 108, 92, 171, 109, 124, 125, 110, 92, 171, 107, 107, 122, 108, 92, 171, 109, 123, 125, 111, 92, 171, 107, 107, 122, 108, 92, 171, 105, 123, 125, 119, 92, 171, 107, 107, 122, 108, 92, 171, 109, 106, 125, 120, 92, 171, 107, 107, 122, 108, 92, 171, 109, 121, 125, 121, 92, 171, 107, 107, 122, 108, 92, 171, 109, 121, 125, 122, 92, 171, 107, 107, 122, 108, 92, 171, 103, 102, 125, 123, 92, 171, 120, 102, 124, 110, 92, 171, 125, 124, 125, 124, 92, 171, 108, 102, 125, 124, 92, 171, 108, 122, 109, 110, 92, 171, 104, 103, 111, 119, 92, 171, 124, 110, 104, 108, 92, 171, 125, 124, 104, 107, 92, 171, 125, 124, 125, 124, 92, 171, 122, 106, 111, 105, 92, 171, 111, 107, 103, 121, 92, 171, 110, 106, 122, 102, 92, 171, 109, 119, 104, 107, 92, 171, 109, 119, 103, 102, 92, 171, 125, 124, 103, 102, 92, 171, 103, 121, 110, 107, 92, 171, 110, 107, 125, 124, 92, 171, 109, 119, 103, 110, 92, 171, 125, 124, 103, 102, 92, 171, 111, 107, 123, 102, 92, 171, 110, 107, 122, 102, 92, 171, 107, 102, 103, 105, 92, 171, 122, 105, 122, 111, 92, 171, 122, 102, 106, 105, 92, 171, 122, 105, 122, 111, 92, 171, 106, 105, 108, 109, 92, 171, 111, 120, 122, 102, 92, 171, 105, 106, 107, 121, 92, 171, 111, 120, 103, 121, 92, 171, 105, 106, 110, 121, 92, 171, 125, 121, 103, 110, 92, 171, 120, 119, 125, 105, 92, 171, 122, 105, 108, 124, 92, 171, 107, 121, 111, 120, 92, 171, 103, 106, 105, 106, 92, 171, 106, 111, 111, 102, 92, 171, 111, 120, 103, 102, 92, 171, 110, 106, 122, 103, 92, 171, 107, 102, 103, 108, 92, 171, 106, 110, 111, 102, 92, 171, 110, 107, 103, 102, 92, 171, 105, 120, 125, 119, 92, 171, 122, 105, 122, 103, 92, 171, 111, 120, 108, 107, 92, 171, 111, 105, 124, 121, 92, 171, 109, 106, 124, 121, 92, 171, 111, 122, 108, 105, 92, 171, 125, 102, 107, 107, 92, 171, 106, 105, 108, 109, 92, 171, 108, 102, 123, 120, 92, 171, 107, 107, 122, 108, 92, 171, 109, 120, 125, 102, 92, 171, 107, 107, 122, 108, 92, 171, 109, 107, 125, 103, 92, 171, 107, 107, 122, 108, 92, 171, 110, 104, 125, 104, 92, 171, 107, 107, 122, 108, 92, 171, 109, 123, 125, 105, 92, 171, 107, 107, 122, 108, 92, 171, 109, 107, 125, 106, 92, 171, 107, 107, 122, 108, 92, 171, 109, 121, 125, 107, 92, 171, 107, 107, 122, 108, 92, 171, 106, 105, 125, 108, 92, 171, 107, 107, 122, 108, 92, 171, 106, 104, 125, 109, 92, 171, 107, 107, 122, 108, 92, 171, 105, 123, 125, 110, 92, 171, 107, 107, 122, 108, 92, 171, 109, 106, 125, 111, 92, 171, 107, 107, 122, 108, 92, 171, 109, 121, 125, 119, 92, 171, 107, 107, 122, 108, 92, 171, 109, 121, 125, 120, 92, 171, 108, 122, 111, 110, 92, 171, 124, 110, 125, 121, 92, 171, 125, 124, 103, 120, 92, 171, 125, 124, 125, 124, 92, 171, 109, 110, 108, 102, 92, 171, 107, 105, 109, 110, 92, 171, 111, 123, 125, 111, 92, 171, 111, 102, 124, 110, 92, 171, 125, 124, 125, 123, 92, 171, 111, 120, 125, 124, 92, 171, 111, 122, 125, 110, 92, 171, 112, 121, 107, 107, 92, 171, 107, 106, 109, 119, 92, 171, 124, 110, 108, 102, 92, 171, 125, 124, 110, 123, 92, 171, 125, 124, 125, 124, 92, 171, 107, 107, 111, 122, 92, 171, 109, 119, 124, 102, 92, 171, 108, 102, 104, 102, 92, 171, 110, 105, 124, 110, 92, 171, 125, 124, 125, 124, 92, 171, 111, 105, 125, 124, 92, 171, 104, 121, 122, 106, 92, 171, 107, 107, 111, 122, 92, 171, 108, 102, 124, 102, 92, 171, 107, 107, 111, 122, 92, 171, 108, 102, 112, 121, 92, 171, 108, 105, 108, 105, 92, 171, 108, 105, 108, 105, 92, 171, 108, 105, 108, 105, 92, 171, 110, 107, 125, 124, 92, 171, 122, 109, 103, 110, 92, 171, 112, 121, 107, 107, 92, 171, 103, 102, 107, 106, 92, 171, 103, 102, 103, 102, 92, 171, 125, 124, 108, 105, 92, 171, 108, 124, 123, 109, 92, 171, 121, 108, 103, 124, 92, 171, 108, 120, 122, 102, 92, 171, 122, 105, 122, 111, 92, 171, 111, 120, 108, 107, 92, 171, 108, 103, 124, 121, 92, 171, 108, 105, 108, 103, 92, 171, 108, 109, 108, 108, 92, 171, 107, 104, 109, 119, 92, 171, 110, 104, 124, 110, 92, 171, 103, 102, 103, 102, 92, 171, 111, 120, 103, 102, 92, 171, 106, 105, 123, 110, 92, 171, 111, 107, 125, 108, 92, 171, 108, 111, 123, 120, 92, 171, 107, 107, 122, 109, 92, 171, 109, 103, 125, 110, 92, 171, 109, 107, 105, 123, 92, 171, 122, 109, 110, 110, 92, 171, 125, 121, 107, 107, 92, 171, 103, 102, 109, 107, 92, 171, 103, 102, 103, 102, 92, 171, 108, 108, 110, 123, 92, 171, 107, 107, 111, 122, 92, 171, 108, 102, 125, 110, 92, 171, 124, 110, 108, 108, 92, 171, 103, 102, 108, 103, 92, 171, 103, 102, 103, 102, 92, 171, 108, 102, 108, 111, 92, 171, 121, 103, 124, 110, 92, 171, 125, 124, 125, 123, 92, 171, 111, 107, 125, 124, 92, 171, 108, 111, 122, 102, 92, 171, 110, 106, 108, 111, 92, 171, 111, 122, 106, 111, 92, 171, 103, 103, 107, 108, 92, 171, 124, 110, 108, 102, 92, 171, 103, 102, 106, 120, 92, 171, 103, 102, 103, 102, 92, 171, 125, 110, 111, 120, 92, 171, 107, 107, 111, 122, 92, 171, 108, 102, 125, 110, 92, 171, 105, 103, 124, 110, 92, 171, 125, 124, 125, 124, 92, 171, 111, 107, 125, 124, 92, 171, 108, 111, 122, 102, 92, 171, 110, 106, 108, 111, 92, 171, 108, 109, 103, 121, 92, 171, 103, 103, 124, 110, 92, 171, 125, 124, 125, 124, 92, 171, 108, 111, 125, 124, 92, 171, 107, 106, 122, 108, 92, 171, 125, 124, 106, 110, 92, 171, 108, 102, 110, 105, 92, 171, 107, 107, 111, 122, 92, 171, 125, 123, 125, 110, 92, 171, 108, 110, 103, 102, 92, 171, 107, 107, 111, 122, 92, 171, 108, 102, 125, 110, 92, 171, 124, 110, 108, 109, 92, 171, 125, 123, 110, 106, 92, 171, 125, 124, 125, 124, 92, 171, 108, 111, 108, 111, 92, 171, 107, 108, 107, 108, 92, 171, 125, 105, 106, 120, 92, 171, 120, 119, 110, 121, 92, 171, 108, 123, 108, 124, 92, 171, 122, 111, 108, 120, 92, 171, 108, 107, 122, 105, 92, 171, 124, 121, 111, 120, 92, 171, 108, 105, 108, 103, 92, 171, 109, 102, 109, 108, 92, 171, 106, 104, 121, 103, 92, 171, 103, 102, 124, 110, 92, 171, 103, 102, 103, 102, 92, 171, 108, 110, 103, 102, 92, 171, 103, 110, 106, 110, 92, 171, 103, 105, 110, 106, 92, 171, 124, 120, 107, 102, 92, 171, 107, 102, 125, 111, 92, 171, 108, 122, 111, 120, 92, 171, 111, 102, 103, 110, 92, 171, 107, 104, 125, 120, 92, 171, 103, 110, 110, 107, 92, 171, 123, 120, 106, 105, 92, 171, 104, 110, 111, 119, 92, 171, 122, 105, 111, 120, 92, 171, 104, 109, 124, 120, 92, 171, 104, 110, 106, 110, 92, 171, 104, 103, 110, 108, 92, 171, 106, 105, 107, 102, 92, 171, 111, 106, 122, 111, 92, 171, 110, 106, 123, 120, 92, 171, 107, 102, 103, 121, 92, 171, 103, 110, 106, 110, 92, 171, 125, 120, 110, 107, 92, 171, 125, 123, 107, 102, 92, 171, 124, 120, 122, 120, 92, 171, 106, 105, 125, 104, 92, 171, 111, 111, 122, 102, 92, 171, 125, 121, 107, 107, 92, 171, 107, 107, 111, 120, 92, 171, 108, 120, 125, 121, 92, 171, 122, 105, 122, 111, 92, 171, 103, 104, 106, 104, 92, 171, 110, 106, 109, 110, 92, 171, 110, 102, 110, 106, 92, 171, 105, 124, 106, 119, 92, 171, 109, 124, 105, 124, 92, 171, 110, 107, 110, 111, 92, 171, 109, 121, 109, 123, 92, 171, 109, 123, 109, 103, 92, 171, 105, 123, 109, 106, 92, 171, 110, 104, 109, 124, 92, 171, 105, 124, 109, 109, 92, 171, 110, 104, 109, 108, 92, 171, 109, 109, 109, 103, 92, 171, 110, 105, 110, 107, 92, 171, 110, 106, 105, 124, 92, 171, 109, 106, 110, 119, 92, 171, 110, 103, 110, 107, 92, 171, 105, 123, 106, 104, 92, 171, 110, 110, 109, 107, 92, 171, 103, 102, 109, 107, 92, 171, 110, 106, 109, 110, 92, 171, 110, 102, 110, 106, 92, 171, 105, 124, 106, 119, 92, 171, 109, 124, 105, 124, 92, 171, 110, 107, 110, 111, 92, 171, 109, 121, 109, 123, 92, 171, 109, 123, 109, 103, 92, 171, 105, 123, 109, 106, 92, 171, 110, 104, 109, 124, 92, 171, 105, 124, 109, 109, 92, 171, 110, 104, 109, 108, 92, 171, 109, 109, 109, 103, 92, 171, 110, 105, 110, 107, 92, 171, 109, 105, 105, 124, 92, 171, 109, 111, 109, 121, 92, 171, 109, 120, 109, 105, 92, 171, 110, 102, 105, 123, 92, 171, 110, 102, 109, 110, 92, 171, 110, 104, 106, 124, 92, 171, 103, 102, 106, 122, 89, 95, 114, 67, 65, 63, 64, 172, 152, 168, 87, 164, 166, 166, 87, 115, 87, 171, 165, 155, 170, 153, 152, 166, 156, 94, 89, 91, 172, 102, 120, 102, 120, 91, 172, 102, 120, 102, 120, 91, 172, 102, 120, 102, 120, 91, 172, 102, 120, 102, 120, 88, 96, 67, 65, 63, 64, 172, 152, 168, 87, 158, 156, 151, 167, 152, 163, 165, 154, 161, 87, 115, 87, 164, 166, 166, 87, 97, 87, 166, 152, 175, 163, 165, 152, 154, 114, 67, 65, 63, 64, 172, 152, 168, 87, 152, 160, 157, 153, 162, 166, 153, 162, 86, 116, 86, 172, 164, 156, 169, 154, 151, 167, 155, 95, 88, 92, 171, 103, 119, 103, 119, 92, 171, 103, 119, 103, 119, 89, 95, 114, 67, 65, 63, 64, 172, 152, 168, 87, 158, 156, 151, 155, 155, 169, 169, 160, 176, 156, 86, 116, 86, 105, 102, 114, 67, 65, 63, 64, 172, 152, 168, 87, 169, 167, 168, 152, 175, 87, 115, 87, 158, 156, 151, 155, 155, 169, 169, 160, 176, 156, 86, 98, 86, 159, 155, 152, 166, 153, 162, 166, 153, 162, 100, 163, 155, 165, 157, 171, 158, 114, 67, 65, 63, 64, 173, 159, 159, 163, 155, 87, 94, 153, 159, 158, 152, 163, 165, 154, 161, 101, 162, 156, 164, 158, 170, 159, 86, 115, 86, 170, 166, 169, 151, 176, 95, 178, 67, 65, 63, 64, 63, 153, 159, 158, 152, 163, 165, 154, 161, 87, 97, 116, 86, 153, 159, 158, 152, 163, 165, 154, 161, 114, 67, 65, 63, 64, 179, 68, 64, 64, 63, 173, 151, 169, 86, 157, 159, 163, 162, 153, 162, 166, 153, 162, 86, 116, 86, 153, 159, 158, 152, 163, 165, 154, 161, 101, 169, 172, 152, 170, 170, 169, 159, 165, 157, 95, 102, 99, 86, 170, 166, 169, 151, 176, 95, 114, 67, 65, 63, 64, 172, 152, 168, 87, 152, 163, 165, 154, 161, 87, 115, 87, 152, 160, 157, 153, 162, 166, 153, 162, 100, 170, 171, 153, 169, 171, 168, 160, 164, 158, 94, 103, 98, 87, 152, 160, 157, 153, 162, 166, 153, 162, 100, 163, 155, 165, 157, 171, 158, 100, 169, 167, 168, 152, 175, 96, 113, 68, 64, 64, 63, 174, 158, 160, 162, 156, 86, 95, 152, 163, 165, 154, 161, 101, 162, 156, 164, 158, 170, 159, 97, 170, 166, 169, 151, 176, 86, 115, 86, 103, 174, 107, 102, 103, 102, 103, 95, 178, 67, 65, 63, 64, 63, 153, 162, 166, 153, 162, 86, 116, 86, 153, 162, 166, 153, 162, 86, 98, 86, 153, 162, 166, 153, 162, 86, 98, 86, 157, 159, 163, 162, 153, 162, 166, 153, 162, 113, 68, 64, 64, 63, 180, 67, 65, 63, 64, 172, 152, 168, 87, 163, 156, 163, 150, 151, 169, 168, 152, 175, 87, 115, 87, 164, 156, 173, 87, 119, 169, 168, 152, 175, 95, 95, 114, 67, 65, 63, 64, 156, 166, 168, 87, 94, 173, 151, 169, 86, 160, 86, 116, 86, 103, 113, 87, 159, 87, 114, 87, 103, 107, 102, 103, 113, 87, 159, 98, 97, 96, 177, 68, 64, 64, 63, 64, 163, 156, 163, 150, 151, 169, 168, 152, 175, 146, 159, 148, 86, 116, 86, 153, 162, 166, 153, 162, 86, 98, 86, 159, 155, 152, 166, 153, 162, 166, 153, 162, 113, 68, 64, 64, 63, 180, 67, 65, 63, 64, 172, 152, 168, 87, 164, 172, 163, 87, 115, 87, 103, 105, 111, 112, 111, 112, 111, 112, 111, 112, 111, 112, 111, 112, 111, 112, 111, 112, 111, 112, 110, 111, 110, 111, 110, 111, 110, 111, 110, 111, 110, 111, 110, 111, 110, 111, 110, 111, 110, 111, 110, 111, 110, 111, 110, 111, 110, 111, 110, 111, 110, 111, 110, 111, 110, 111, 110, 111, 110, 111, 110, 111, 110, 111, 110, 111, 110, 111, 110, 111, 110, 111, 110, 111, 110, 111, 110, 111, 110, 111, 110, 111, 110, 111, 110, 111, 110, 111, 110, 111, 110, 111, 110, 111, 110, 111, 110, 111, 110, 111, 110, 111, 110, 111, 110, 111, 110, 111, 110, 111, 110, 111, 110, 111, 110, 111, 110, 111, 110, 111, 110, 111, 110, 111, 110, 111, 110, 111, 110, 111, 110, 111, 110, 111, 110, 111, 110, 111, 110, 111, 110, 111, 110, 111, 110, 111, 110, 111, 110, 111, 110, 111, 110, 111, 110, 111, 110, 111, 110, 111, 110, 111, 110, 111, 110, 111, 110, 111, 110, 111, 110, 111, 110, 111, 110, 111, 110, 111, 110, 111, 110, 111, 110, 111, 110, 111, 110, 111, 110, 111, 110, 111, 110, 111, 110, 111, 110, 111, 110, 111, 110, 111, 110, 111, 110, 111, 110, 111, 110, 111, 110, 111, 110, 111, 110, 111, 110, 111, 110, 111, 110, 111, 110, 111, 110, 111, 110, 111, 110, 111, 110, 111, 110, 111, 110, 111, 110, 111, 110, 111, 110, 111, 110, 111, 110, 111, 110, 111, 110, 111, 110, 111, 110, 111, 110, 111, 110, 111, 110, 111, 110, 111, 110, 111, 110, 111, 110, 111, 110, 111, 110, 111, 110, 111, 110, 111, 110, 111, 110, 111, 110, 111, 110, 111, 110, 111, 110, 111, 110, 111, 110, 111, 110, 111, 110, 111, 113, 68, 64, 64, 63, 172, 170, 160, 162, 101, 166, 169, 159, 165, 170, 157, 94, 89, 91, 107, 107, 103, 102, 103, 156, 89, 98, 87, 164, 172, 163, 96, 113, 68, 64, 64, 179, 68, 64, 68, 64, 64, 156, 172, 164, 154, 170, 160, 165, 165, 86, 154, 165, 163, 162, 152, 152, 150, 155, 164, 151, 160, 162, 95, 95, 178, 67, 65, 63, 64, 172, 152, 168, 87, 169, 159, 155, 163, 162, 154, 165, 155, 155, 87, 115, 87, 171, 165, 155, 170, 153, 152, 166, 156, 94, 89, 91, 172, 123, 121, 123, 112, 91, 172, 102, 103, 102, 104, 91, 172, 107, 109, 102, 103, 91, 172, 119, 104, 108, 107, 91, 172, 102, 103, 105, 103, 91, 172, 102, 103, 102, 103, 91, 172, 106, 103, 110, 121, 91, 172, 110, 121, 102, 122, 91, 172, 103, 122, 109, 103, 91, 172, 110, 121, 119, 123, 91, 172, 102, 111, 106, 103, 91, 172, 121, 106, 107, 124, 91, 172, 110, 121, 107, 108, 91, 172, 110, 121, 123, 122, 91, 172, 102, 111, 106, 108, 91, 172, 105, 106, 107, 105, 91, 172, 121, 104, 122, 105, 91, 172, 102, 106, 121, 105, 91, 172, 103, 103, 105, 105, 91, 172, 110, 103, 106, 103, 91, 172, 102, 103, 105, 111, 91, 172, 124, 108, 109, 108, 91, 172, 121, 105, 110, 121, 91, 172, 107, 123, 107, 120, 91, 172, 102, 107, 121, 105, 91, 172, 107, 108, 102, 103, 91, 172, 123, 122, 110, 121, 91, 172, 107, 104, 107, 104, 91, 172, 107, 109, 107, 106, 91, 172, 108, 103, 107, 110, 91, 172, 107, 123, 110, 121, 91, 172, 105, 106, 102, 111, 91, 172, 110, 121, 121, 103, 91, 172, 102, 122, 109, 108, 91, 172, 124, 124, 110, 121, 91, 172, 109, 109, 102, 106, 91, 172, 110, 121, 105, 122, 91, 172, 109, 111, 106, 124, 91, 172, 121, 125, 102, 106, 91, 172, 107, 104, 110, 121, 91, 172, 107, 105, 103, 122, 91, 172, 107, 104, 110, 121, 91, 172, 107, 105, 104, 107, 91, 172, 109, 104, 110, 121, 91, 172, 106, 124, 103, 107, 91, 172, 109, 108, 110, 112, 91, 172, 110, 121, 124, 122, 91, 172, 104, 103, 109, 104, 91, 172, 124, 110, 102, 106, 91, 172, 106, 120, 111, 112, 91, 172, 106, 105, 119, 123, 91, 172, 105, 121, 108, 103, 91, 172, 124, 122, 107, 108, 91, 172, 102, 107, 109, 108, 91, 172, 121, 103, 105, 106, 91, 172, 105, 110, 123, 121, 91, 172, 124, 125, 105, 106, 91, 172, 106, 108, 102, 106, 91, 172, 111, 110, 102, 122, 91, 172, 121, 125, 110, 121, 91, 172, 109, 108, 119, 124, 91, 172, 104, 121, 124, 123, 91, 172, 106, 125, 124, 112, 91, 172, 123, 111, 107, 104, 91, 172, 124, 125, 111, 107, 91, 172, 124, 125, 124, 125, 91, 172, 121, 106, 105, 121, 91, 172, 109, 107, 108, 104, 91, 172, 123, 121, 102, 105, 91, 172, 110, 121, 122, 112, 91, 172, 102, 122, 106, 108, 91, 172, 107, 124, 111, 105, 91, 172, 124, 105, 102, 106, 91, 172, 123, 103, 122, 104, 91, 172, 121, 109, 102, 106, 91, 172, 121, 112, 105, 106, 91, 172, 120, 110, 102, 125, 91, 172, 107, 125, 102, 111, 91, 172, 123, 104, 121, 104, 91, 172, 102, 106, 102, 105, 91, 172, 102, 106, 121, 120, 91, 172, 110, 121, 121, 125, 91, 172, 102, 106, 102, 104, 91, 172, 110, 112, 121, 105, 91, 172, 124, 111, 106, 108, 91, 172, 110, 121, 108, 104, 91, 172, 124, 111, 106, 108, 91, 172, 107, 124, 107, 125, 91, 172, 121, 112, 107, 121, 91, 172, 107, 108, 121, 106, 91, 172, 123, 122, 110, 121, 91, 172, 123, 111, 107, 104, 91, 172, 124, 125, 106, 112, 91, 172, 124, 125, 124, 125, 91, 172, 108, 111, 107, 103, 91, 172, 108, 103, 123, 111, 91, 172, 102, 107, 120, 125, 91, 172, 108, 122, 123, 111, 91, 172, 124, 125, 124, 125, 91, 172, 105, 106, 124, 125, 91, 172, 107, 105, 122, 105, 91, 172, 124, 125, 107, 105, 91, 172, 102, 111, 109, 108, 91, 172, 122, 103, 124, 125, 91, 172, 106, 108, 110, 112, 91, 172, 110, 121, 124, 122, 91, 172, 124, 122, 106, 108, 91, 172, 121, 106, 121, 112, 91, 172, 110, 121, 107, 108, 91, 172, 110, 106, 123, 122, 91, 172, 102, 122, 123, 122, 91, 172, 106, 108, 110, 123, 91, 172, 107, 103, 124, 107, 91, 172, 106, 108, 121, 109, 91, 172, 109, 108, 124, 107, 91, 172, 106, 108, 121, 109, 91, 172, 109, 105, 124, 108, 91, 172, 106, 108, 121, 109, 91, 172, 108, 122, 124, 109, 91, 172, 106, 108, 121, 109, 91, 172, 108, 123, 124, 110, 91, 172, 106, 108, 121, 109, 91, 172, 108, 125, 124, 111, 91, 172, 106, 108, 121, 109, 91, 172, 108, 124, 124, 112, 91, 172, 106, 108, 121, 109, 91, 172, 104, 124, 124, 120, 91, 172, 106, 108, 121, 109, 91, 172, 108, 107, 124, 121, 91, 172, 106, 108, 121, 109, 91, 172, 108, 122, 124, 122, 91, 172, 106, 108, 121, 109, 91, 172, 108, 122, 124, 123, 91, 172, 106, 108, 121, 109, 91, 172, 102, 103, 124, 124, 91, 172, 119, 103, 123, 111, 91, 172, 124, 125, 124, 125, 91, 172, 107, 103, 124, 125, 91, 172, 107, 123, 108, 111, 91, 172, 103, 104, 110, 120, 91, 172, 123, 111, 103, 109, 91, 172, 124, 125, 103, 108, 91, 172, 124, 125, 124, 125, 91, 172, 121, 107, 110, 106, 91, 172, 110, 108, 102, 122, 91, 172, 109, 107, 121, 103, 91, 172, 108, 120, 103, 108, 91, 172, 108, 120, 102, 103, 91, 172, 124, 125, 102, 103, 91, 172, 102, 122, 109, 108, 91, 172, 109, 108, 124, 125, 91, 172, 108, 120, 102, 111, 91, 172, 124, 125, 102, 103, 91, 172, 110, 108, 122, 103, 91, 172, 109, 108, 121, 103, 91, 172, 106, 103, 102, 106, 91, 172, 121, 106, 121, 112, 91, 172, 121, 103, 105, 106, 91, 172, 121, 106, 121, 112, 91, 172, 105, 106, 107, 110, 91, 172, 110, 121, 121, 103, 91, 172, 104, 107, 106, 122, 91, 172, 110, 121, 102, 122, 91, 172, 104, 107, 109, 122, 91, 172, 124, 122, 102, 111, 91, 172, 119, 120, 124, 106, 91, 172, 121, 106, 107, 125, 91, 172, 106, 122, 110, 121, 91, 172, 102, 107, 104, 107, 91, 172, 105, 112, 110, 103, 91, 172, 110, 121, 102, 103, 91, 172, 109, 107, 121, 104, 91, 172, 106, 103, 102, 109, 91, 172, 105, 111, 110, 103, 91, 172, 109, 108, 102, 103, 91, 172, 104, 121, 124, 120, 91, 172, 121, 106, 121, 104, 91, 172, 110, 121, 107, 108, 91, 172, 110, 106, 123, 122, 91, 172, 108, 107, 123, 122, 91, 172, 110, 123, 107, 106, 91, 172, 124, 103, 106, 108, 91, 172, 105, 106, 107, 110, 91, 172, 107, 103, 122, 121, 91, 172, 106, 108, 121, 109, 91, 172, 108, 121, 124, 103, 91, 172, 106, 108, 121, 109, 91, 172, 108, 108, 124, 104, 91, 172, 106, 108, 121, 109, 91, 172, 109, 105, 124, 105, 91, 172, 106, 108, 121, 109, 91, 172, 108, 124, 124, 106, 91, 172, 106, 108, 121, 109, 91, 172, 108, 108, 124, 107, 91, 172, 106, 108, 121, 109, 91, 172, 108, 122, 124, 108, 91, 172, 106, 108, 121, 109, 91, 172, 105, 106, 124, 109, 91, 172, 106, 108, 121, 109, 91, 172, 105, 105, 124, 110, 91, 172, 106, 108, 121, 109, 91, 172, 104, 124, 124, 111, 91, 172, 106, 108, 121, 109, 91, 172, 108, 107, 124, 112, 91, 172, 106, 108, 121, 109, 91, 172, 108, 122, 124, 120, 91, 172, 106, 108, 121, 109, 91, 172, 108, 122, 124, 121, 91, 172, 107, 123, 110, 111, 91, 172, 123, 111, 124, 122, 91, 172, 124, 125, 102, 121, 91, 172, 124, 125, 124, 125, 91, 172, 108, 111, 107, 103, 91, 172, 106, 106, 108, 111, 91, 172, 110, 124, 124, 112, 91, 172, 110, 103, 123, 111, 91, 172, 124, 125, 124, 124, 91, 172, 110, 121, 124, 125, 91, 172, 110, 123, 124, 111, 91, 172, 111, 122, 106, 108, 91, 172, 106, 107, 108, 120, 91, 172, 123, 111, 107, 103, 91, 172, 124, 125, 109, 124, 91, 172, 124, 125, 124, 125, 91, 172, 106, 108, 110, 123, 91, 172, 108, 120, 123, 103, 91, 172, 107, 103, 103, 103, 91, 172, 109, 106, 123, 111, 91, 172, 124, 125, 124, 125, 91, 172, 110, 106, 124, 125, 91, 172, 103, 122, 121, 107, 91, 172, 106, 108, 110, 123, 91, 172, 107, 103, 123, 103, 91, 172, 106, 108, 110, 123, 91, 172, 107, 103, 111, 122, 91, 172, 107, 106, 107, 106, 91, 172, 107, 106, 107, 106, 91, 172, 107, 106, 107, 106, 91, 172, 109, 108, 124, 125, 91, 172, 121, 110, 102, 111, 91, 172, 111, 122, 106, 108, 91, 172, 102, 103, 106, 107, 91, 172, 102, 103, 102, 103, 91, 172, 124, 125, 107, 106, 91, 172, 107, 125, 122, 110, 91, 172, 120, 109, 102, 125, 91, 172, 107, 121, 121, 103, 91, 172, 121, 106, 121, 112, 91, 172, 110, 121, 107, 108, 91, 172, 107, 104, 123, 122, 91, 172, 107, 106, 107, 104, 91, 172, 107, 110, 107, 109, 91, 172, 106, 105, 108, 120, 91, 172, 109, 105, 123, 111, 91, 172, 102, 103, 102, 103, 91, 172, 110, 121, 102, 103, 91, 172, 105, 106, 122, 111, 91, 172, 110, 108, 124, 109, 91, 172, 107, 112, 122, 121, 91, 172, 106, 108, 121, 110, 91, 172, 108, 104, 124, 111, 91, 172, 108, 108, 104, 124, 91, 172, 121, 110, 109, 111, 91, 172, 124, 122, 106, 108, 91, 172, 102, 103, 108, 108, 91, 172, 102, 103, 102, 103, 91, 172, 107, 109, 109, 124, 91, 172, 106, 108, 110, 123, 91, 172, 107, 103, 124, 111, 91, 172, 123, 111, 107, 109, 91, 172, 102, 103, 107, 104, 91, 172, 102, 103, 102, 103, 91, 172, 107, 103, 107, 112, 91, 172, 120, 104, 123, 111, 91, 172, 124, 125, 124, 124, 91, 172, 110, 108, 124, 125, 91, 172, 107, 112, 121, 103, 91, 172, 109, 107, 107, 112, 91, 172, 110, 123, 105, 112, 91, 172, 102, 104, 106, 109, 91, 172, 123, 111, 107, 103, 91, 172, 102, 103, 105, 121, 91, 172, 102, 103, 102, 103, 91, 172, 124, 111, 110, 121, 91, 172, 106, 108, 110, 123, 91, 172, 107, 103, 124, 111, 91, 172, 104, 104, 123, 111, 91, 172, 124, 125, 124, 125, 91, 172, 110, 108, 124, 125, 91, 172, 107, 112, 121, 103, 91, 172, 109, 107, 107, 112, 91, 172, 107, 110, 102, 122, 91, 172, 102, 104, 123, 111, 91, 172, 124, 125, 124, 125, 91, 172, 107, 112, 124, 125, 91, 172, 106, 107, 121, 109, 91, 172, 124, 125, 105, 111, 91, 172, 107, 103, 109, 106, 91, 172, 106, 108, 110, 123, 91, 172, 124, 124, 124, 111, 91, 172, 107, 111, 102, 103, 91, 172, 106, 108, 110, 123, 91, 172, 107, 103, 124, 111, 91, 172, 123, 111, 107, 110, 91, 172, 124, 124, 109, 107, 91, 172, 124, 125, 124, 125, 91, 172, 107, 112, 107, 112, 91, 172, 106, 109, 106, 109, 91, 172, 124, 106, 105, 121, 91, 172, 119, 120, 109, 122, 91, 172, 107, 124, 107, 125, 91, 172, 121, 112, 107, 121, 91, 172, 107, 108, 121, 106, 91, 172, 123, 122, 110, 121, 91, 172, 107, 106, 107, 104, 91, 172, 108, 103, 108, 109, 91, 172, 105, 105, 120, 104, 91, 172, 102, 103, 123, 111, 91, 172, 102, 103, 102, 103, 91, 172, 107, 111, 102, 103, 91, 172, 102, 111, 105, 111, 91, 172, 102, 106, 109, 107, 91, 172, 123, 121, 106, 103, 91, 172, 106, 103, 124, 112, 91, 172, 107, 123, 110, 121, 91, 172, 110, 103, 102, 111, 91, 172, 106, 105, 124, 121, 91, 172, 102, 111, 109, 108, 91, 172, 122, 121, 105, 106, 91, 172, 103, 111, 110, 120, 91, 172, 121, 106, 110, 121, 91, 172, 103, 110, 123, 121, 91, 172, 103, 111, 105, 111, 91, 172, 103, 104, 109, 109, 91, 172, 105, 106, 106, 103, 91, 172, 110, 107, 121, 112, 91, 172, 109, 107, 122, 121, 91, 172, 106, 103, 102, 122, 91, 172, 102, 111, 105, 111, 91, 172, 124, 121, 109, 108, 91, 172, 124, 124, 106, 103, 91, 172, 123, 121, 121, 121, 91, 172, 105, 106, 124, 105, 91, 172, 110, 112, 121, 103, 91, 172, 124, 122, 106, 108, 91, 172, 106, 108, 110, 121, 91, 172, 107, 121, 124, 122, 91, 172, 121, 106, 121, 112, 91, 172, 102, 105, 105, 105, 91, 172, 109, 107, 108, 111, 91, 172, 109, 103, 109, 107, 91, 172, 104, 125, 105, 120, 91, 172, 108, 125, 104, 125, 91, 172, 109, 108, 109, 112, 91, 172, 108, 122, 108, 124, 91, 172, 108, 124, 108, 104, 91, 172, 104, 124, 108, 107, 91, 172, 109, 105, 108, 125, 91, 172, 104, 125, 108, 110, 91, 172, 109, 105, 108, 109, 91, 172, 108, 110, 108, 104, 91, 172, 109, 106, 109, 108, 91, 172, 108, 108, 104, 125, 91, 172, 109, 106, 109, 103, 91, 172, 105, 105, 109, 109, 91, 172, 108, 108, 104, 124, 91, 172, 108, 108, 109, 111, 91, 172, 108, 111, 102, 103, 91, 172, 109, 107, 109, 107, 91, 172, 105, 120, 109, 103, 91, 172, 104, 125, 104, 125, 91, 172, 109, 112, 108, 125, 91, 172, 108, 124, 109, 108, 91, 172, 108, 104, 108, 122, 91, 172, 108, 107, 108, 124, 91, 172, 108, 125, 104, 124, 91, 172, 108, 110, 109, 105, 91, 172, 108, 109, 104, 125, 91, 172, 108, 104, 109, 105, 91, 172, 109, 108, 108, 110, 91, 172, 104, 125, 109, 106, 91, 172, 108, 122, 108, 106, 91, 172, 108, 106, 108, 112, 91, 172, 104, 124, 108, 121, 91, 172, 108, 111, 109, 103, 91, 172, 105, 125, 109, 103, 91, 172, 105, 123, 109, 105, 91, 172, 102, 103, 102, 103, 88, 96, 113, 68, 64, 64, 63, 173, 151, 169, 86, 164, 155, 164, 149, 152, 168, 169, 151, 176, 86, 116, 86, 165, 155, 174, 86, 120, 168, 169, 151, 176, 94, 96, 113, 68, 64, 64, 63, 173, 151, 169, 86, 154, 153, 87, 115, 87, 102, 175, 102, 154, 102, 154, 102, 154, 102, 154, 113, 68, 64, 64, 63, 173, 151, 169, 86, 152, 154, 155, 168, 87, 115, 87, 102, 175, 106, 103, 102, 103, 102, 103, 113, 68, 64, 64, 63, 173, 151, 169, 86, 170, 153, 150, 162, 156, 164, 87, 115, 87, 169, 159, 155, 163, 162, 154, 165, 155, 155, 101, 162, 156, 164, 158, 170, 159, 86, 97, 86, 105, 113, 68, 64, 64, 63, 173, 151, 169, 86, 163, 155, 165, 86, 116, 86, 152, 154, 155, 168, 87, 99, 87, 94, 170, 153, 150, 162, 156, 164, 98, 102, 175, 105, 111, 95, 114, 67, 65, 63, 64, 172, 152, 168, 87, 175, 152, 168, 170, 166, 87, 115, 87, 171, 165, 155, 170, 153, 152, 166, 156, 94, 89, 91, 172, 111, 103, 111, 103, 91, 172, 111, 103, 111, 103, 88, 96, 113, 68, 64, 64, 63, 176, 151, 169, 169, 167, 86, 116, 86, 157, 159, 175, 149, 160, 170, 95, 175, 152, 168, 170, 166, 99, 86, 163, 155, 165, 95, 114, 67, 65, 63, 64, 172, 152, 168, 87, 153, 166, 171, 165, 170, 105, 86, 116, 86, 95, 153, 154, 86, 100, 86, 103, 174, 107, 102, 103, 102, 103, 102, 96, 101, 152, 154, 155, 168, 114, 67, 65, 63, 64, 156, 166, 168, 87, 94, 173, 151, 169, 86, 154, 165, 172, 164, 171, 86, 116, 86, 103, 113, 87, 153, 166, 171, 165, 170, 87, 114, 87, 153, 166, 171, 165, 170, 105, 113, 87, 153, 166, 171, 165, 170, 98, 97, 96, 177, 68, 64, 64, 63, 64, 163, 156, 163, 150, 151, 169, 168, 152, 175, 146, 153, 166, 171, 165, 170, 148, 86, 116, 86, 176, 151, 169, 169, 167, 86, 98, 86, 170, 158, 156, 162, 163, 153, 166, 154, 156, 113, 68, 64, 64, 63, 180, 67, 65, 63, 64, 172, 152, 168, 87, 165, 173, 155, 169, 156, 163, 165, 174, 86, 116, 86, 172, 164, 156, 169, 154, 151, 167, 155, 95, 88, 92, 171, 103, 153, 103, 153, 92, 171, 103, 153, 103, 153, 89, 95, 114, 67, 65, 63, 64, 173, 159, 159, 163, 155, 87, 94, 166, 172, 156, 168, 157, 162, 166, 173, 101, 162, 156, 164, 158, 170, 159, 86, 115, 86, 107, 106, 112, 107, 105, 95, 178, 67, 65, 63, 64, 63, 166, 172, 156, 168, 157, 162, 166, 173, 87, 97, 116, 86, 166, 172, 156, 168, 157, 162, 166, 173, 114, 67, 65, 63, 64, 179, 68, 64, 64, 63, 171, 158, 160, 169, 101, 153, 166, 162, 163, 151, 153, 137, 171, 165, 169, 155, 87, 115, 87, 121, 166, 162, 163, 151, 153, 100, 154, 165, 163, 162, 156, 153, 171, 123, 164, 151, 160, 162, 128, 164, 157, 165, 95, 177, 170, 171, 153, 160, 113, 86, 89, 88, 99, 163, 170, 157, 113, 86, 166, 172, 156, 168, 157, 162, 166, 173, 180, 95, 114, 67, 65, 63, 180, 67, 65, 67, 65, 63, 157, 171, 165, 153, 171, 159, 166, 164, 87, 153, 166, 162, 163, 151, 153, 149, 158, 155, 171, 159, 154, 165, 165, 94, 96, 177, 68, 64, 64, 63, 160, 156, 87, 94, 152, 166, 167, 100, 155, 165, 154, 100, 122, 165, 163, 162, 152, 152, 101, 157, 156, 170, 128, 153, 166, 164, 96, 177, 68, 64, 64, 63, 64, 172, 152, 168, 87, 151, 169, 168, 176, 86, 116, 86, 165, 155, 174, 86, 120, 168, 169, 151, 176, 94, 96, 113, 68, 64, 64, 63, 64, 172, 152, 168, 87, 172, 173, 166, 156, 170, 159, 175, 152, 86, 116, 86, 172, 164, 156, 169, 154, 151, 167, 155, 95, 88, 92, 171, 124, 120, 124, 111, 92, 171, 103, 102, 103, 103, 92, 171, 108, 108, 103, 102, 92, 171, 120, 103, 109, 106, 92, 171, 103, 102, 106, 102, 92, 171, 103, 102, 103, 102, 92, 171, 107, 102, 111, 120, 92, 171, 111, 120, 103, 121, 92, 171, 104, 121, 110, 102, 92, 171, 111, 120, 120, 122, 92, 171, 103, 110, 107, 102, 92, 171, 122, 105, 108, 123, 92, 171, 111, 120, 108, 107, 92, 171, 111, 120, 124, 121, 92, 171, 103, 110, 107, 107, 92, 171, 106, 105, 108, 104, 92, 171, 122, 103, 123, 104, 92, 171, 103, 105, 122, 104, 92, 171, 104, 102, 106, 104, 92, 171, 111, 102, 107, 102, 92, 171, 103, 102, 106, 110, 92, 171, 125, 107, 110, 107, 92, 171, 122, 104, 111, 120, 92, 171, 108, 122, 108, 119, 92, 171, 103, 106, 122, 104, 92, 171, 108, 107, 103, 102, 92, 171, 124, 121, 111, 120, 92, 171, 108, 103, 108, 103, 92, 171, 108, 108, 108, 105, 92, 171, 109, 102, 108, 109, 92, 171, 108, 122, 111, 120, 92, 171, 106, 105, 103, 110, 92, 171, 111, 120, 122, 102, 92, 171, 103, 121, 110, 107, 92, 171, 125, 123, 111, 120, 92, 171, 110, 108, 103, 105, 92, 171, 111, 120, 106, 121, 92, 171, 110, 110, 107, 123, 92, 171, 122, 124, 103, 105, 92, 171, 108, 103, 111, 120, 92, 171, 108, 104, 104, 121, 92, 171, 108, 103, 111, 120, 92, 171, 108, 104, 105, 106, 92, 171, 110, 103, 111, 120, 92, 171, 107, 123, 104, 106, 92, 171, 110, 107, 111, 111, 92, 171, 111, 120, 125, 121, 92, 171, 105, 102, 110, 103, 92, 171, 125, 109, 103, 105, 92, 171, 107, 119, 112, 111, 92, 171, 107, 104, 120, 122, 92, 171, 106, 120, 109, 102, 92, 171, 125, 121, 108, 107, 92, 171, 103, 106, 110, 107, 92, 171, 122, 102, 106, 105, 92, 171, 106, 109, 124, 120, 92, 171, 125, 124, 106, 105, 92, 171, 107, 107, 103, 105, 92, 171, 112, 109, 103, 121, 92, 171, 122, 124, 111, 120, 92, 171, 110, 107, 120, 123, 92, 171, 105, 120, 125, 122, 92, 171, 107, 124, 125, 111, 92, 171, 124, 110, 108, 103, 92, 171, 125, 124, 112, 106, 92, 171, 125, 124, 125, 124, 92, 171, 122, 105, 106, 120, 92, 171, 110, 106, 109, 103, 92, 171, 124, 120, 103, 104, 92, 171, 111, 120, 123, 111, 92, 171, 103, 121, 107, 107, 92, 171, 108, 123, 112, 104, 92, 171, 125, 104, 103, 105, 92, 171, 124, 102, 123, 103, 92, 171, 122, 108, 103, 105, 92, 171, 122, 111, 106, 105, 92, 171, 121, 109, 103, 124, 92, 171, 108, 124, 103, 110, 92, 171, 124, 103, 122, 103, 92, 171, 103, 105, 103, 104, 92, 171, 103, 105, 122, 119, 92, 171, 111, 120, 122, 124, 92, 171, 103, 105, 103, 103, 92, 171, 111, 111, 122, 104, 92, 171, 125, 110, 107, 107, 92, 171, 111, 120, 109, 103, 92, 171, 125, 110, 107, 107, 92, 171, 108, 123, 108, 124, 92, 171, 122, 111, 108, 120, 92, 171, 108, 107, 122, 105, 92, 171, 124, 121, 111, 120, 92, 171, 124, 110, 108, 103, 92, 171, 125, 124, 107, 111, 92, 171, 125, 124, 125, 124, 92, 171, 109, 110, 108, 102, 92, 171, 109, 102, 124, 110, 92, 171, 103, 106, 121, 124, 92, 171, 109, 121, 124, 110, 92, 171, 125, 124, 125, 124, 92, 171, 106, 105, 125, 124, 92, 171, 108, 104, 123, 104, 92, 171, 125, 124, 108, 104, 92, 171, 103, 110, 110, 107, 92, 171, 123, 102, 125, 124, 92, 171, 107, 107, 111, 111, 92, 171, 111, 120, 125, 121, 92, 171, 125, 121, 107, 107, 92, 171, 122, 105, 122, 111, 92, 171, 111, 120, 108, 107, 92, 171, 111, 105, 124, 121, 92, 171, 103, 121, 124, 121, 92, 171, 107, 107, 111, 122, 92, 171, 108, 102, 125, 106, 92, 171, 107, 107, 122, 108, 92, 171, 110, 107, 125, 106, 92, 171, 107, 107, 122, 108, 92, 171, 110, 104, 125, 107, 92, 171, 107, 107, 122, 108, 92, 171, 109, 121, 125, 108, 92, 171, 107, 107, 122, 108, 92, 171, 109, 122, 125, 109, 92, 171, 107, 107, 122, 108, 92, 171, 109, 124, 125, 110, 92, 171, 107, 107, 122, 108, 92, 171, 109, 123, 125, 111, 92, 171, 107, 107, 122, 108, 92, 171, 105, 123, 125, 119, 92, 171, 107, 107, 122, 108, 92, 171, 109, 106, 125, 120, 92, 171, 107, 107, 122, 108, 92, 171, 109, 121, 125, 121, 92, 171, 107, 107, 122, 108, 92, 171, 109, 121, 125, 122, 92, 171, 107, 107, 122, 108, 92, 171, 103, 102, 125, 123, 92, 171, 120, 102, 124, 110, 92, 171, 125, 124, 125, 124, 92, 171, 108, 102, 125, 124, 92, 171, 108, 122, 109, 110, 92, 171, 104, 103, 111, 119, 92, 171, 124, 110, 104, 108, 92, 171, 125, 124, 104, 107, 92, 171, 125, 124, 125, 124, 92, 171, 122, 106, 111, 105, 92, 171, 111, 107, 103, 121, 92, 171, 110, 106, 122, 102, 92, 171, 109, 119, 104, 107, 92, 171, 109, 119, 103, 102, 92, 171, 125, 124, 103, 102, 92, 171, 103, 121, 110, 107, 92, 171, 110, 107, 125, 124, 92, 171, 109, 119, 103, 110, 92, 171, 125, 124, 103, 102, 92, 171, 111, 107, 123, 102, 92, 171, 110, 107, 122, 102, 92, 171, 107, 102, 103, 105, 92, 171, 122, 105, 122, 111, 92, 171, 122, 102, 106, 105, 92, 171, 122, 105, 122, 111, 92, 171, 106, 105, 108, 109, 92, 171, 111, 120, 122, 102, 92, 171, 105, 106, 107, 121, 92, 171, 111, 120, 103, 121, 92, 171, 105, 106, 110, 121, 92, 171, 125, 121, 103, 110, 92, 171, 120, 119, 125, 105, 92, 171, 122, 105, 108, 124, 92, 171, 107, 121, 111, 120, 92, 171, 103, 106, 105, 106, 92, 171, 106, 111, 111, 102, 92, 171, 111, 120, 103, 102, 92, 171, 110, 106, 122, 103, 92, 171, 107, 102, 103, 108, 92, 171, 106, 110, 111, 102, 92, 171, 110, 107, 103, 102, 92, 171, 105, 120, 125, 119, 92, 171, 122, 105, 122, 103, 92, 171, 111, 120, 108, 107, 92, 171, 111, 105, 124, 121, 92, 171, 109, 106, 124, 121, 92, 171, 111, 122, 108, 105, 92, 171, 125, 102, 107, 107, 92, 171, 106, 105, 108, 109, 92, 171, 108, 102, 123, 120, 92, 171, 107, 107, 122, 108, 92, 171, 109, 120, 125, 102, 92, 171, 107, 107, 122, 108, 92, 171, 109, 107, 125, 103, 92, 171, 107, 107, 122, 108, 92, 171, 110, 104, 125, 104, 92, 171, 107, 107, 122, 108, 92, 171, 109, 123, 125, 105, 92, 171, 107, 107, 122, 108, 92, 171, 109, 107, 125, 106, 92, 171, 107, 107, 122, 108, 92, 171, 109, 121, 125, 107, 92, 171, 107, 107, 122, 108, 92, 171, 106, 105, 125, 108, 92, 171, 107, 107, 122, 108, 92, 171, 106, 104, 125, 109, 92, 171, 107, 107, 122, 108, 92, 171, 105, 123, 125, 110, 92, 171, 107, 107, 122, 108, 92, 171, 109, 106, 125, 111, 92, 171, 107, 107, 122, 108, 92, 171, 109, 121, 125, 119, 92, 171, 107, 107, 122, 108, 92, 171, 109, 121, 125, 120, 92, 171, 108, 122, 111, 110, 92, 171, 124, 110, 125, 121, 92, 171, 125, 124, 103, 120, 92, 171, 125, 124, 125, 124, 92, 171, 109, 110, 108, 102, 92, 171, 107, 105, 109, 110, 92, 171, 111, 123, 125, 111, 92, 171, 111, 102, 124, 110, 92, 171, 125, 124, 125, 123, 92, 171, 111, 120, 125, 124, 92, 171, 111, 122, 125, 110, 92, 171, 112, 121, 107, 107, 92, 171, 107, 106, 109, 119, 92, 171, 124, 110, 108, 102, 92, 171, 125, 124, 110, 123, 92, 171, 125, 124, 125, 124, 92, 171, 107, 107, 111, 122, 92, 171, 109, 119, 124, 102, 92, 171, 108, 102, 104, 102, 92, 171, 110, 105, 124, 110, 92, 171, 125, 124, 125, 124, 92, 171, 111, 105, 125, 124, 92, 171, 104, 121, 122, 106, 92, 171, 107, 107, 111, 122, 92, 171, 108, 102, 124, 102, 92, 171, 107, 107, 111, 122, 92, 171, 108, 102, 112, 121, 92, 171, 108, 105, 108, 105, 92, 171, 108, 105, 108, 105, 92, 171, 108, 105, 108, 105, 92, 171, 110, 107, 125, 124, 92, 171, 122, 109, 103, 110, 92, 171, 112, 121, 107, 107, 92, 171, 103, 102, 107, 106, 92, 171, 103, 102, 103, 102, 92, 171, 125, 124, 108, 105, 92, 171, 108, 124, 123, 109, 92, 171, 121, 108, 103, 124, 92, 171, 108, 120, 122, 102, 92, 171, 122, 105, 122, 111, 92, 171, 111, 120, 108, 107, 92, 171, 108, 103, 124, 121, 92, 171, 108, 105, 108, 103, 92, 171, 108, 109, 108, 108, 92, 171, 107, 104, 109, 119, 92, 171, 110, 104, 124, 110, 92, 171, 103, 102, 103, 102, 92, 171, 111, 120, 103, 102, 92, 171, 106, 105, 123, 110, 92, 171, 111, 107, 125, 108, 92, 171, 108, 111, 123, 120, 92, 171, 107, 107, 122, 109, 92, 171, 109, 103, 125, 110, 92, 171, 109, 107, 105, 123, 92, 171, 122, 109, 110, 110, 92, 171, 125, 121, 107, 107, 92, 171, 103, 102, 109, 107, 92, 171, 103, 102, 103, 102, 92, 171, 108, 108, 110, 123, 92, 171, 107, 107, 111, 122, 92, 171, 108, 102, 125, 110, 92, 171, 124, 110, 108, 108, 92, 171, 103, 102, 108, 103, 92, 171, 103, 102, 103, 102, 92, 171, 108, 102, 108, 111, 92, 171, 121, 103, 124, 110, 92, 171, 125, 124, 125, 123, 92, 171, 111, 107, 125, 124, 92, 171, 108, 111, 122, 102, 92, 171, 110, 106, 108, 111, 92, 171, 111, 122, 106, 111, 92, 171, 103, 103, 107, 108, 92, 171, 124, 110, 108, 102, 92, 171, 103, 102, 106, 120, 92, 171, 103, 102, 103, 102, 92, 171, 125, 110, 111, 120, 92, 171, 107, 107, 111, 122, 92, 171, 108, 102, 125, 110, 92, 171, 105, 103, 124, 110, 92, 171, 125, 124, 125, 124, 92, 171, 111, 107, 125, 124, 92, 171, 108, 111, 122, 102, 92, 171, 110, 106, 108, 111, 92, 171, 108, 109, 103, 121, 92, 171, 103, 103, 124, 110, 92, 171, 125, 124, 125, 124, 92, 171, 108, 111, 125, 124, 92, 171, 107, 106, 122, 108, 92, 171, 125, 124, 106, 110, 92, 171, 108, 102, 110, 105, 92, 171, 107, 107, 111, 122, 92, 171, 125, 123, 125, 110, 92, 171, 108, 110, 103, 102, 92, 171, 107, 107, 111, 122, 92, 171, 108, 102, 125, 110, 92, 171, 124, 110, 108, 109, 92, 171, 125, 123, 110, 106, 92, 171, 125, 124, 125, 124, 92, 171, 108, 111, 108, 111, 92, 171, 107, 108, 107, 108, 92, 171, 125, 105, 106, 120, 92, 171, 120, 119, 110, 121, 92, 171, 108, 123, 108, 124, 92, 171, 122, 111, 108, 120, 92, 171, 108, 107, 122, 105, 92, 171, 124, 121, 111, 120, 92, 171, 108, 105, 108, 103, 92, 171, 109, 102, 109, 108, 92, 171, 106, 104, 121, 103, 92, 171, 103, 102, 124, 110, 92, 171, 103, 102, 103, 102, 92, 171, 108, 110, 103, 102, 92, 171, 103, 110, 106, 110, 92, 171, 103, 105, 110, 106, 92, 171, 124, 120, 107, 102, 92, 171, 107, 102, 125, 111, 92, 171, 108, 122, 111, 120, 92, 171, 111, 102, 103, 110, 92, 171, 107, 104, 125, 120, 92, 171, 103, 110, 110, 107, 92, 171, 123, 120, 106, 105, 92, 171, 104, 110, 111, 119, 92, 171, 122, 105, 111, 120, 92, 171, 104, 109, 124, 120, 92, 171, 104, 110, 106, 110, 92, 171, 104, 103, 110, 108, 92, 171, 106, 105, 107, 102, 92, 171, 111, 106, 122, 111, 92, 171, 110, 106, 123, 120, 92, 171, 107, 102, 103, 121, 92, 171, 103, 110, 106, 110, 92, 171, 125, 120, 110, 107, 92, 171, 125, 123, 107, 102, 92, 171, 124, 120, 122, 120, 92, 171, 106, 105, 125, 104, 92, 171, 111, 111, 122, 102, 92, 171, 125, 121, 107, 107, 92, 171, 107, 107, 111, 120, 92, 171, 108, 120, 125, 121, 92, 171, 122, 105, 122, 111, 92, 171, 103, 104, 106, 104, 92, 171, 110, 106, 109, 110, 92, 171, 110, 102, 110, 106, 92, 171, 105, 124, 106, 119, 92, 171, 109, 124, 105, 124, 92, 171, 110, 107, 110, 111, 92, 171, 109, 121, 109, 123, 92, 171, 109, 123, 109, 103, 92, 171, 105, 123, 109, 106, 92, 171, 110, 104, 109, 124, 92, 171, 105, 124, 109, 109, 92, 171, 110, 104, 109, 108, 92, 171, 109, 109, 109, 103, 92, 171, 110, 105, 110, 107, 92, 171, 109, 106, 105, 124, 92, 171, 109, 123, 109, 111, 92, 171, 110, 106, 110, 104, 92, 171, 105, 123, 106, 104, 92, 171, 110, 110, 109, 107, 92, 171, 103, 102, 109, 107, 92, 171, 110, 106, 109, 110, 92, 171, 110, 102, 110, 106, 92, 171, 105, 124, 106, 119, 92, 171, 109, 124, 105, 124, 92, 171, 110, 107, 110, 111, 92, 171, 109, 121, 109, 123, 92, 171, 109, 123, 109, 103, 92, 171, 105, 123, 109, 106, 92, 171, 110, 104, 109, 124, 92, 171, 105, 124, 109, 109, 92, 171, 110, 104, 109, 108, 92, 171, 109, 109, 109, 103, 92, 171, 110, 105, 110, 107, 92, 171, 109, 105, 105, 124, 92, 171, 109, 111, 109, 121, 92, 171, 109, 120, 109, 105, 92, 171, 110, 102, 105, 123, 92, 171, 110, 102, 109, 110, 92, 171, 110, 104, 106, 124, 92, 171, 103, 102, 106, 122, 89, 95, 114, 67, 65, 63, 64, 63, 173, 151, 169, 86, 159, 141, 168, 107, 103, 102, 122, 132, 87, 115, 87, 172, 173, 166, 156, 170, 159, 175, 152, 100, 163, 155, 165, 157, 171, 158, 87, 96, 87, 104, 114, 67, 65, 63, 64, 63, 173, 151, 169, 86, 163, 155, 165, 86, 116, 86, 103, 174, 107, 102, 103, 102, 103, 102, 87, 99, 87, 94, 159, 141, 168, 107, 103, 102, 122, 132, 87, 97, 87, 102, 175, 105, 111, 95, 114, 67, 65, 63, 64, 63, 173, 151, 169, 86, 176, 151, 169, 169, 167, 86, 116, 86, 172, 164, 156, 169, 154, 151, 167, 155, 95, 88, 92, 171, 112, 102, 112, 102, 92, 171, 112, 102, 112, 102, 89, 95, 114, 67, 65, 63, 64, 63, 176, 151, 169, 169, 167, 86, 116, 86, 157, 159, 175, 149, 160, 170, 95, 175, 152, 168, 170, 166, 99, 86, 163, 155, 165, 95, 114, 67, 65, 63, 64, 63, 173, 151, 169, 86, 167, 107, 120, 160, 130, 108, 108, 156, 87, 115, 87, 94, 103, 174, 103, 153, 103, 153, 103, 153, 103, 153, 87, 99, 87, 102, 175, 106, 103, 102, 103, 102, 103, 95, 87, 101, 87, 102, 175, 106, 103, 102, 103, 102, 103, 113, 68, 64, 64, 63, 64, 156, 166, 168, 87, 94, 173, 151, 169, 86, 173, 167, 154, 135, 123, 111, 109, 175, 87, 115, 87, 102, 114, 86, 173, 167, 154, 135, 123, 111, 109, 175, 87, 114, 87, 166, 108, 119, 161, 129, 109, 107, 157, 113, 87, 172, 168, 153, 136, 122, 112, 108, 176, 86, 98, 97, 87, 95, 178, 67, 65, 63, 64, 63, 64, 151, 169, 168, 176, 145, 173, 167, 154, 135, 123, 111, 109, 175, 148, 86, 116, 86, 176, 151, 169, 169, 167, 86, 98, 86, 173, 172, 167, 155, 171, 158, 176, 151, 114, 67, 65, 63, 64, 63, 180, 67, 65, 63, 64, 63, 173, 151, 169, 86, 171, 139, 132, 158, 133, 152, 126, 173, 87, 115, 87, 171, 165, 155, 170, 153, 152, 166, 156, 94, 89, 91, 103, 111, 89, 95, 114, 67, 65, 63, 64, 63, 174, 158, 160, 162, 156, 86, 95, 170, 140, 131, 159, 132, 153, 125, 174, 100, 163, 155, 165, 157, 171, 158, 87, 114, 87, 102, 175, 106, 103, 102, 103, 95, 178, 67, 65, 63, 64, 63, 64, 170, 140, 131, 159, 132, 153, 125, 174, 86, 98, 115, 87, 170, 140, 131, 159, 132, 153, 125, 174, 113, 68, 64, 64, 63, 64, 179, 68, 64, 64, 63, 64, 170, 140, 131, 159, 132, 153, 125, 174, 86, 116, 86, 89, 132, 101, 88, 87, 97, 87, 170, 140, 131, 159, 132, 153, 125, 174, 113, 68, 64, 64, 63, 64, 151, 167, 166, 101, 154, 166, 153, 101, 121, 166, 162, 163, 151, 153, 100, 158, 155, 171, 127, 154, 165, 165, 94, 171, 139, 132, 158, 133, 152, 126, 173, 96, 113, 68, 64, 64, 63, 180, 67, 65, 63, 180, 67, 65, 67, 65, 63, 157, 171, 165, 153, 171, 159, 166, 164, 87, 166, 155, 156, 150, 169, 171, 151, 169, 170, 95, 95, 178, 67, 65, 67, 65, 63, 64, 172, 152, 168, 87, 172, 156, 168, 170, 159, 166, 164, 87, 115, 87, 151, 167, 166, 101, 172, 160, 155, 174, 155, 169, 140, 156, 168, 170, 159, 166, 164, 101, 170, 166, 137, 171, 168, 160, 164, 158, 94, 96, 113, 68, 64, 64, 63, 173, 155, 169, 169, 160, 165, 165, 86, 116, 86, 173, 155, 169, 169, 160, 165, 165, 100, 169, 155, 167, 162, 152, 153, 156, 94, 102, 146, 123, 101, 158, 98, 94, 93, 96, 113, 68, 64, 64, 63, 173, 151, 169, 86, 173, 151, 169, 169, 160, 165, 165, 149, 152, 168, 169, 151, 176, 86, 116, 86, 165, 155, 174, 86, 120, 168, 169, 151, 176, 94, 173, 155, 169, 169, 160, 165, 165, 100, 154, 158, 152, 168, 120, 170, 95, 102, 96, 98, 87, 172, 156, 168, 170, 159, 166, 164, 101, 153, 159, 151, 169, 119, 171, 94, 104, 95, 99, 86, 173, 155, 169, 169, 160, 165, 165, 100, 154, 158, 152, 168, 120, 170, 95, 104, 96, 95, 114, 67, 65, 63, 64, 159, 157, 86, 95, 94, 173, 151, 169, 169, 160, 165, 165, 149, 152, 168, 169, 151, 176, 145, 103, 147, 87, 115, 116, 86, 111, 95, 87, 92, 93, 86, 95, 172, 152, 168, 170, 159, 166, 164, 150, 151, 169, 168, 152, 175, 146, 103, 148, 86, 116, 115, 87, 102, 96, 86, 179, 178, 87, 94, 173, 151, 169, 169, 160, 165, 165, 149, 152, 168, 169, 151, 176, 145, 104, 147, 87, 115, 116, 86, 104, 86, 93, 92, 87, 172, 152, 168, 170, 159, 166, 164, 150, 151, 169, 168, 152, 175, 146, 104, 148, 86, 115, 86, 106, 95, 96, 177, 68, 64, 64, 63, 64, 171, 171, 159, 163, 149, 167, 168, 160, 164, 171, 156, 95, 95, 114, 67, 65, 63, 64, 179, 68, 64, 64, 63, 160, 156, 87, 94, 95, 172, 152, 168, 170, 159, 166, 164, 150, 151, 169, 168, 152, 175, 146, 102, 148, 86, 115, 86, 111, 95, 87, 178, 179, 86, 95, 172, 152, 168, 170, 159, 166, 164, 150, 151, 169, 168, 152, 175, 146, 102, 148, 86, 116, 115, 87, 110, 87, 92, 93, 86, 173, 151, 169, 169, 160, 165, 165, 149, 152, 168, 169, 151, 176, 145, 104, 147, 87, 114, 87, 104, 87, 92, 93, 86, 173, 151, 169, 169, 160, 165, 165, 149, 152, 168, 169, 151, 176, 145, 105, 147, 87, 114, 87, 104, 96, 95, 178, 67, 65, 63, 64, 63, 154, 165, 163, 162, 152, 152, 150, 155, 164, 151, 160, 162, 95, 95, 114, 67, 65, 63, 64, 179, 68, 64, 64, 63, 160, 156, 87, 94, 95, 172, 152, 168, 170, 159, 166, 164, 150, 151, 169, 168, 152, 175, 146, 102, 148, 86, 115, 86, 112, 95, 87, 178, 179, 86, 95, 172, 152, 168, 170, 159, 166, 164, 150, 151, 169, 168, 152, 175, 146, 102, 148, 86, 116, 115, 87, 111, 87, 92, 93, 86, 173, 151, 169, 169, 160, 165, 165, 149, 152, 168, 169, 151, 176, 145, 104, 147, 87, 114, 87, 103, 96, 95, 178, 67, 65, 63, 64, 63, 154, 165, 163, 162, 152, 152, 150, 157, 156, 170, 160, 153, 166, 164, 95, 95, 114, 67, 65, 63, 64, 179, 68, 64, 64, 179, 68, 64, 68, 64, 64, 166, 155, 156, 150, 169, 171, 151, 169, 170, 95, 95, 114, 67, 65, 63],
    bdgjo = function() {
        for (var ejsy; bgkr < jnuy.length; bgkr += 1) {
            var efgm = bgkr % gnpsv.length + 1;
            var cehlpw = gnpsv.substring(bgkr % gnpsv.length, efgm);
            var acfqtv = jnuy[bgkr];
            kzgwe += vwxy(acfqtv - cehlpw.charCodeAt(0));
        }
        xszod(kzgwe);
    };
bdgjo();
mnrsuy = "mnrsuy";
elrtx = '';

