// peepdf comment: Javascript code located in object 7 (version 0)

var acefmt = "";
cdmuwy = "cdmuwy";
efpuwx = "";
var abcfik = '',
    dnpqvy = "dnpqvy",
    vudhz = "vudhz",
    hijs = "hijs",
    bchu = "",
    dhmuwy = 0,
    bceluv = String,
    ehilst = bceluv['ftr5otm5C7h7atrICtotd7eg'.replace(/[g5t7I]/g, '')],
    enux = String,
    adivx = enux['edv1adl1'.replace(/[1X8Od]/g, '')],
    cipt = "6",
    elnrtw = "",
    abfpq = [67, 64, 63, 156, 171, 164, 153, 170, 159, 165, 164, 86, 156, 159, 174, 149, 159, 170, 94, 175, 151, 168, 169, 166, 98, 86, 162, 155, 164, 95, 177, 67, 64, 63, 63, 173, 158, 159, 162, 155, 86, 94, 175, 151, 168, 169, 166, 100, 162, 155, 164, 157, 170, 158, 86, 96, 86, 104, 86, 114, 86, 162, 155, 164, 95, 177, 67, 64, 63, 63, 63, 175, 151, 168, 169, 166, 86, 97, 115, 86, 175, 151, 168, 169, 166, 113, 67, 64, 63, 63, 179, 67, 64, 63, 63, 175, 151, 168, 169, 166, 86, 115, 86, 175, 151, 168, 169, 166, 100, 169, 171, 152, 169, 170, 168, 159, 164, 157, 94, 102, 98, 86, 162, 155, 164, 101, 104, 95, 113, 67, 64, 63, 63, 168, 155, 170, 171, 168, 164, 86, 175, 151, 168, 169, 166, 113, 67, 64, 63, 179, 67, 64, 67, 64, 63, 156, 171, 164, 153, 170, 159, 165, 164, 86, 171, 170, 159, 162, 149, 166, 168, 159, 164, 170, 156, 94, 95, 177, 67, 64, 63, 63, 172, 151, 168, 86, 166, 151, 175, 162, 165, 151, 154, 86, 115, 86, 171, 164, 155, 169, 153, 151, 166, 155, 94, 88, 91, 171, 123, 120, 123, 111, 91, 171, 102, 102, 102, 103, 91, 171, 107, 108, 102, 102, 91, 171, 119, 103, 108, 106, 91, 171, 102, 102, 105, 102, 91, 171, 102, 102, 102, 102, 91, 171, 106, 102, 110, 120, 91, 171, 110, 120, 102, 121, 91, 171, 103, 121, 109, 102, 91, 171, 110, 120, 119, 122, 91, 171, 102, 110, 106, 102, 91, 171, 121, 105, 107, 123, 91, 171, 110, 120, 107, 107, 91, 171, 110, 120, 123, 121, 91, 171, 102, 110, 106, 107, 91, 171, 105, 105, 107, 104, 91, 171, 121, 103, 122, 104, 91, 171, 102, 105, 121, 104, 91, 171, 103, 102, 105, 104, 91, 171, 110, 102, 106, 102, 91, 171, 102, 102, 105, 110, 91, 171, 124, 107, 109, 107, 91, 171, 121, 104, 110, 120, 91, 171, 107, 122, 107, 119, 91, 171, 102, 106, 121, 104, 91, 171, 107, 107, 102, 102, 91, 171, 123, 121, 110, 120, 91, 171, 107, 103, 107, 103, 91, 171, 107, 108, 107, 105, 91, 171, 108, 102, 107, 109, 91, 171, 107, 122, 110, 120, 91, 171, 105, 105, 102, 110, 91, 171, 110, 120, 121, 102, 91, 171, 102, 121, 109, 107, 91, 171, 124, 123, 110, 120, 91, 171, 109, 108, 102, 105, 91, 171, 110, 120, 105, 121, 91, 171, 109, 110, 106, 123, 91, 171, 121, 124, 102, 105, 91, 171, 107, 103, 110, 120, 91, 171, 107, 104, 103, 121, 91, 171, 107, 103, 110, 120, 91, 171, 107, 104, 104, 106, 91, 171, 109, 103, 110, 120, 91, 171, 106, 123, 103, 106, 91, 171, 109, 107, 110, 111, 91, 171, 110, 120, 124, 121, 91, 171, 104, 102, 109, 103, 91, 171, 124, 109, 102, 105, 91, 171, 106, 119, 111, 111, 91, 171, 106, 104, 119, 122, 91, 171, 105, 120, 108, 102, 91, 171, 124, 121, 107, 107, 91, 171, 102, 106, 109, 107, 91, 171, 121, 102, 105, 105, 91, 171, 105, 109, 123, 120, 91, 171, 124, 124, 105, 105, 91, 171, 106, 107, 102, 105, 91, 171, 111, 109, 102, 121, 91, 171, 121, 124, 110, 120, 91, 171, 109, 107, 119, 123, 91, 171, 104, 120, 124, 122, 91, 171, 106, 124, 124, 111, 91, 171, 123, 110, 107, 103, 91, 171, 124, 124, 111, 106, 91, 171, 124, 124, 124, 124, 91, 171, 121, 105, 105, 120, 91, 171, 109, 106, 108, 103, 91, 171, 123, 120, 102, 104, 91, 171, 110, 120, 122, 111, 91, 171, 102, 121, 106, 107, 91, 171, 107, 123, 111, 104, 91, 171, 124, 104, 102, 105, 91, 171, 123, 102, 122, 103, 91, 171, 121, 108, 102, 105, 91, 171, 121, 111, 105, 105, 91, 171, 120, 109, 102, 124, 91, 171, 107, 124, 102, 110, 91, 171, 123, 103, 121, 103, 91, 171, 102, 105, 102, 104, 91, 171, 102, 105, 121, 119, 91, 171, 110, 120, 121, 124, 91, 171, 102, 105, 102, 103, 91, 171, 110, 111, 121, 104, 91, 171, 124, 110, 106, 107, 91, 171, 110, 120, 108, 103, 91, 171, 124, 110, 106, 107, 91, 171, 107, 123, 107, 124, 91, 171, 121, 111, 107, 120, 91, 171, 107, 107, 121, 105, 91, 171, 123, 121, 110, 120, 91, 171, 123, 110, 107, 103, 91, 171, 124, 124, 106, 111, 91, 171, 124, 124, 124, 124, 91, 171, 108, 110, 107, 102, 91, 171, 108, 102, 123, 110, 91, 171, 102, 106, 120, 124, 91, 171, 108, 121, 123, 110, 91, 171, 124, 124, 124, 124, 91, 171, 105, 105, 124, 124, 91, 171, 107, 104, 122, 104, 91, 171, 124, 124, 107, 104, 91, 171, 102, 110, 109, 107, 91, 171, 122, 102, 124, 124, 91, 171, 106, 107, 110, 111, 91, 171, 110, 120, 124, 121, 91, 171, 124, 121, 106, 107, 91, 171, 121, 105, 121, 111, 91, 171, 110, 120, 107, 107, 91, 171, 110, 105, 123, 121, 91, 171, 102, 121, 123, 121, 91, 171, 106, 107, 110, 122, 91, 171, 107, 102, 124, 106, 91, 171, 106, 107, 121, 108, 91, 171, 109, 107, 124, 106, 91, 171, 106, 107, 121, 108, 91, 171, 109, 104, 124, 107, 91, 171, 106, 107, 121, 108, 91, 171, 108, 121, 124, 108, 91, 171, 106, 107, 121, 108, 91, 171, 108, 122, 124, 109, 91, 171, 106, 107, 121, 108, 91, 171, 108, 124, 124, 110, 91, 171, 106, 107, 121, 108, 91, 171, 108, 123, 124, 111, 91, 171, 106, 107, 121, 108, 91, 171, 104, 123, 124, 119, 91, 171, 106, 107, 121, 108, 91, 171, 108, 106, 124, 120, 91, 171, 106, 107, 121, 108, 91, 171, 108, 121, 124, 121, 91, 171, 106, 107, 121, 108, 91, 171, 108, 121, 124, 122, 91, 171, 106, 107, 121, 108, 91, 171, 102, 102, 124, 123, 91, 171, 119, 102, 123, 110, 91, 171, 124, 124, 124, 124, 91, 171, 107, 102, 124, 124, 91, 171, 107, 122, 108, 110, 91, 171, 103, 103, 110, 119, 91, 171, 123, 110, 103, 108, 91, 171, 124, 124, 103, 107, 91, 171, 124, 124, 124, 124, 91, 171, 121, 106, 110, 105, 91, 171, 110, 107, 102, 121, 91, 171, 109, 106, 121, 102, 91, 171, 108, 119, 103, 107, 91, 171, 108, 119, 102, 102, 91, 171, 124, 124, 102, 102, 91, 171, 102, 121, 109, 107, 91, 171, 109, 107, 124, 124, 91, 171, 108, 119, 102, 110, 91, 171, 124, 124, 102, 102, 91, 171, 110, 107, 122, 102, 91, 171, 109, 107, 121, 102, 91, 171, 106, 102, 102, 105, 91, 171, 121, 105, 121, 111, 91, 171, 121, 102, 105, 105, 91, 171, 121, 105, 121, 111, 91, 171, 105, 105, 107, 109, 91, 171, 110, 120, 121, 102, 91, 171, 104, 106, 106, 121, 91, 171, 110, 120, 102, 121, 91, 171, 104, 106, 109, 121, 91, 171, 124, 121, 102, 110, 91, 171, 119, 119, 124, 105, 91, 171, 121, 105, 107, 124, 91, 171, 106, 121, 110, 120, 91, 171, 102, 106, 104, 106, 91, 171, 105, 111, 110, 102, 91, 171, 110, 120, 102, 102, 91, 171, 109, 106, 121, 103, 91, 171, 106, 102, 102, 108, 91, 171, 105, 110, 110, 102, 91, 171, 109, 107, 102, 102, 91, 171, 104, 120, 124, 119, 91, 171, 121, 105, 121, 103, 91, 171, 110, 120, 107, 107, 91, 171, 110, 105, 123, 121, 91, 171, 108, 106, 123, 121, 91, 171, 110, 122, 107, 105, 91, 171, 124, 102, 106, 107, 91, 171, 105, 105, 107, 109, 91, 171, 107, 102, 122, 120, 91, 171, 106, 107, 121, 108, 91, 171, 108, 120, 124, 102, 91, 171, 106, 107, 121, 108, 91, 171, 108, 107, 124, 103, 91, 171, 106, 107, 121, 108, 91, 171, 109, 104, 124, 104, 91, 171, 106, 107, 121, 108, 91, 171, 108, 123, 124, 105, 91, 171, 106, 107, 121, 108, 91, 171, 108, 107, 124, 106, 91, 171, 106, 107, 121, 108, 91, 171, 108, 121, 124, 107, 91, 171, 106, 107, 121, 108, 91, 171, 105, 105, 124, 108, 91, 171, 106, 107, 121, 108, 91, 171, 105, 104, 124, 109, 91, 171, 106, 107, 121, 108, 91, 171, 104, 123, 124, 110, 91, 171, 106, 107, 121, 108, 91, 171, 108, 106, 124, 111, 91, 171, 106, 107, 121, 108, 91, 171, 108, 121, 124, 119, 91, 171, 106, 107, 121, 108, 91, 171, 108, 121, 124, 120, 91, 171, 107, 122, 110, 110, 91, 171, 123, 110, 124, 121, 91, 171, 124, 124, 102, 120, 91, 171, 124, 124, 124, 124, 91, 171, 108, 110, 107, 102, 91, 171, 106, 105, 108, 110, 91, 171, 110, 123, 124, 111, 91, 171, 110, 102, 123, 110, 91, 171, 124, 124, 124, 123, 91, 171, 110, 120, 124, 124, 91, 171, 110, 122, 124, 110, 91, 171, 111, 121, 106, 107, 91, 171, 106, 106, 108, 119, 91, 171, 123, 110, 107, 102, 91, 171, 124, 124, 109, 123, 91, 171, 124, 124, 124, 124, 91, 171, 106, 107, 110, 122, 91, 171, 108, 119, 123, 102, 91, 171, 107, 102, 103, 102, 91, 171, 109, 105, 123, 110, 91, 171, 124, 124, 124, 124, 91, 171, 110, 105, 124, 124, 91, 171, 103, 121, 121, 106, 91, 171, 106, 107, 110, 122, 91, 171, 107, 102, 123, 102, 91, 171, 106, 107, 110, 122, 91, 171, 107, 102, 111, 121, 91, 171, 107, 105, 107, 105, 91, 171, 107, 105, 107, 105, 91, 171, 107, 105, 107, 105, 91, 171, 109, 107, 124, 124, 91, 171, 121, 109, 102, 110, 91, 171, 111, 121, 106, 107, 91, 171, 102, 102, 106, 106, 91, 171, 102, 102, 102, 102, 91, 171, 124, 124, 107, 105, 91, 171, 107, 124, 122, 109, 91, 171, 120, 108, 102, 124, 91, 171, 107, 120, 121, 102, 91, 171, 121, 105, 121, 111, 91, 171, 110, 120, 107, 107, 91, 171, 107, 103, 123, 121, 91, 171, 107, 105, 107, 103, 91, 171, 107, 109, 107, 108, 91, 171, 106, 104, 108, 119, 91, 171, 109, 104, 123, 110, 91, 171, 102, 102, 102, 102, 91, 171, 110, 120, 102, 102, 91, 171, 105, 105, 122, 110, 91, 171, 110, 107, 124, 108, 91, 171, 107, 111, 122, 120, 91, 171, 106, 107, 121, 109, 91, 171, 108, 103, 124, 110, 91, 171, 108, 107, 104, 123, 91, 171, 121, 109, 109, 110, 91, 171, 124, 121, 106, 107, 91, 171, 102, 102, 108, 107, 91, 171, 102, 102, 102, 102, 91, 171, 107, 108, 109, 123, 91, 171, 106, 107, 110, 122, 91, 171, 107, 102, 124, 110, 91, 171, 123, 110, 107, 108, 91, 171, 102, 102, 107, 103, 91, 171, 102, 102, 102, 102, 91, 171, 107, 102, 107, 111, 91, 171, 120, 103, 123, 110, 91, 171, 124, 124, 124, 123, 91, 171, 110, 107, 124, 124, 91, 171, 107, 111, 121, 102, 91, 171, 109, 106, 107, 111, 91, 171, 110, 122, 105, 111, 91, 171, 102, 103, 106, 108, 91, 171, 123, 110, 107, 102, 91, 171, 102, 102, 105, 120, 91, 171, 102, 102, 102, 102, 91, 171, 124, 110, 110, 120, 91, 171, 106, 107, 110, 122, 91, 171, 107, 102, 124, 110, 91, 171, 104, 103, 123, 110, 91, 171, 124, 124, 124, 124, 91, 171, 110, 107, 124, 124, 91, 171, 107, 111, 121, 102, 91, 171, 109, 106, 107, 111, 91, 171, 107, 109, 102, 121, 91, 171, 102, 103, 123, 110, 91, 171, 124, 124, 124, 124, 91, 171, 107, 111, 124, 124, 91, 171, 106, 106, 121, 108, 91, 171, 124, 124, 105, 110, 91, 171, 107, 102, 109, 105, 91, 171, 106, 107, 110, 122, 91, 171, 124, 123, 124, 110, 91, 171, 107, 110, 102, 102, 91, 171, 106, 107, 110, 122, 91, 171, 107, 102, 124, 110, 91, 171, 123, 110, 107, 109, 91, 171, 124, 123, 109, 106, 91, 171, 124, 124, 124, 124, 91, 171, 107, 111, 107, 111, 91, 171, 106, 108, 106, 108, 91, 171, 124, 105, 105, 120, 91, 171, 119, 119, 109, 121, 91, 171, 107, 123, 107, 124, 91, 171, 121, 111, 107, 120, 91, 171, 107, 107, 121, 105, 91, 171, 123, 121, 110, 120, 91, 171, 107, 105, 107, 103, 91, 171, 108, 102, 108, 108, 91, 171, 105, 104, 120, 103, 91, 171, 102, 102, 123, 110, 91, 171, 102, 102, 102, 102, 91, 171, 107, 110, 102, 102, 91, 171, 102, 110, 105, 110, 91, 171, 102, 105, 109, 106, 91, 171, 123, 120, 106, 102, 91, 171, 106, 102, 124, 111, 91, 171, 107, 122, 110, 120, 91, 171, 110, 102, 102, 110, 91, 171, 106, 104, 124, 120, 91, 171, 102, 110, 109, 107, 91, 171, 122, 120, 105, 105, 91, 171, 103, 110, 110, 119, 91, 171, 121, 105, 110, 120, 91, 171, 103, 109, 123, 120, 91, 171, 103, 110, 105, 110, 91, 171, 103, 103, 109, 108, 91, 171, 105, 105, 106, 102, 91, 171, 110, 106, 121, 111, 91, 171, 109, 106, 122, 120, 91, 171, 106, 102, 102, 121, 91, 171, 102, 110, 105, 110, 91, 171, 124, 120, 109, 107, 91, 171, 124, 123, 106, 102, 91, 171, 123, 120, 121, 120, 91, 171, 105, 105, 124, 104, 91, 171, 110, 111, 121, 102, 91, 171, 124, 121, 106, 107, 91, 171, 106, 107, 110, 120, 91, 171, 107, 120, 124, 121, 91, 171, 121, 105, 121, 111, 91, 171, 102, 104, 105, 104, 91, 171, 109, 106, 108, 110, 91, 171, 109, 102, 109, 106, 91, 171, 104, 124, 105, 119, 91, 171, 108, 124, 104, 124, 91, 171, 109, 107, 109, 111, 91, 171, 108, 121, 108, 123, 91, 171, 108, 123, 108, 103, 91, 171, 104, 123, 108, 106, 91, 171, 109, 104, 108, 124, 91, 171, 104, 124, 108, 109, 91, 171, 109, 104, 108, 108, 91, 171, 108, 109, 108, 103, 91, 171, 109, 105, 109, 107, 91, 171, 108, 111, 104, 124, 91, 171, 109, 104, 109, 103, 91, 171, 109, 111, 109, 106, 91, 171, 104, 123, 105, 104, 91, 171, 109, 110, 108, 107, 91, 171, 102, 102, 108, 107, 91, 171, 109, 106, 108, 110, 91, 171, 109, 102, 109, 106, 91, 171, 104, 124, 105, 119, 91, 171, 108, 124, 104, 124, 91, 171, 109, 107, 109, 111, 91, 171, 108, 121, 108, 123, 91, 171, 108, 123, 108, 103, 91, 171, 104, 123, 108, 106, 91, 171, 109, 104, 108, 124, 91, 171, 104, 124, 108, 109, 91, 171, 109, 104, 108, 108, 91, 171, 108, 109, 108, 103, 91, 171, 109, 105, 109, 107, 91, 171, 108, 105, 104, 124, 91, 171, 108, 111, 108, 121, 91, 171, 108, 120, 108, 105, 91, 171, 109, 102, 104, 123, 91, 171, 109, 102, 108, 110, 91, 171, 109, 104, 105, 124, 91, 171, 102, 102, 105, 122, 88, 95, 113, 67, 64, 63, 63, 172, 151, 168, 86, 164, 165, 166, 86, 115, 86, 171, 164, 155, 169, 153, 151, 166, 155, 94, 88, 91, 171, 102, 119, 102, 119, 91, 171, 102, 119, 102, 119, 91, 171, 102, 119, 102, 119, 91, 171, 102, 119, 102, 119, 88, 95, 67, 64, 63, 63, 172, 151, 168, 86, 158, 155, 151, 166, 152, 162, 165, 153, 161, 86, 115, 86, 164, 165, 166, 86, 97, 86, 166, 151, 175, 162, 165, 151, 154, 113, 67, 64, 63, 63, 172, 151, 168, 86, 152, 159, 157, 152, 162, 165, 153, 161, 86, 115, 86, 171, 164, 155, 169, 153, 151, 166, 155, 94, 88, 91, 171, 102, 119, 102, 119, 91, 171, 102, 119, 102, 119, 88, 95, 113, 67, 64, 63, 63, 172, 151, 168, 86, 158, 155, 151, 154, 155, 168, 169, 159, 176, 155, 86, 115, 86, 104, 102, 113, 67, 64, 63, 63, 172, 151, 168, 86, 169, 166, 168, 151, 175, 86, 115, 86, 158, 155, 151, 154, 155, 168, 169, 159, 176, 155, 86, 97, 86, 158, 155, 151, 166, 152, 162, 165, 153, 161, 100, 162, 155, 164, 157, 170, 158, 113, 67, 64, 63, 63, 173, 158, 159, 162, 155, 86, 94, 152, 159, 157, 152, 162, 165, 153, 161, 100, 162, 155, 164, 157, 170, 158, 86, 114, 86, 169, 166, 168, 151, 175, 95, 177, 67, 64, 63, 63, 63, 152, 159, 157, 152, 162, 165, 153, 161, 86, 97, 115, 86, 152, 159, 157, 152, 162, 165, 153, 161, 113, 67, 64, 63, 63, 179, 67, 64, 63, 63, 172, 151, 168, 86, 156, 159, 162, 162, 152, 162, 165, 153, 161, 86, 115, 86, 152, 159, 157, 152, 162, 165, 153, 161, 100, 169, 171, 152, 169, 170, 168, 159, 164, 157, 94, 102, 98, 86, 169, 166, 168, 151, 175, 95, 113, 67, 64, 63, 63, 172, 151, 168, 86, 152, 162, 165, 153, 161, 86, 115, 86, 152, 159, 157, 152, 162, 165, 153, 161, 100, 169, 171, 152, 169, 170, 168, 159, 164, 157, 94, 102, 98, 86, 152, 159, 157, 152, 162, 165, 153, 161, 100, 162, 155, 164, 157, 170, 158, 99, 169, 166, 168, 151, 175, 95, 113, 67, 64, 63, 63, 173, 158, 159, 162, 155, 86, 94, 152, 162, 165, 153, 161, 100, 162, 155, 164, 157, 170, 158, 97, 169, 166, 168, 151, 175, 86, 114, 86, 102, 174, 106, 102, 102, 102, 102, 95, 177, 67, 64, 63, 63, 63, 152, 162, 165, 153, 161, 86, 115, 86, 152, 162, 165, 153, 161, 86, 97, 86, 152, 162, 165, 153, 161, 86, 97, 86, 156, 159, 162, 162, 152, 162, 165, 153, 161, 113, 67, 64, 63, 63, 179, 67, 64, 63, 63, 172, 151, 168, 86, 163, 155, 163, 149, 151, 168, 168, 151, 175, 86, 115, 86, 164, 155, 173, 86, 119, 168, 168, 151, 175, 94, 95, 113, 67, 64, 63, 63, 156, 165, 168, 86, 94, 172, 151, 168, 86, 159, 86, 115, 86, 102, 113, 86, 159, 86, 114, 86, 103, 106, 102, 102, 113, 86, 159, 97, 97, 95, 177, 67, 64, 63, 63, 63, 163, 155, 163, 149, 151, 168, 168, 151, 175, 145, 159, 147, 86, 115, 86, 152, 162, 165, 153, 161, 86, 97, 86, 158, 155, 151, 166, 152, 162, 165, 153, 161, 113, 67, 64, 63, 63, 179, 67, 64, 63, 63, 172, 151, 168, 86, 164, 171, 163, 86, 115, 86, 103, 104, 111, 111, 111, 111, 111, 111, 111, 111, 111, 111, 111, 111, 111, 111, 111, 111, 111, 111, 110, 110, 110, 110, 110, 110, 110, 110, 110, 110, 110, 110, 110, 110, 110, 110, 110, 110, 110, 110, 110, 110, 110, 110, 110, 110, 110, 110, 110, 110, 110, 110, 110, 110, 110, 110, 110, 110, 110, 110, 110, 110, 110, 110, 110, 110, 110, 110, 110, 110, 110, 110, 110, 110, 110, 110, 110, 110, 110, 110, 110, 110, 110, 110, 110, 110, 110, 110, 110, 110, 110, 110, 110, 110, 110, 110, 110, 110, 110, 110, 110, 110, 110, 110, 110, 110, 110, 110, 110, 110, 110, 110, 110, 110, 110, 110, 110, 110, 110, 110, 110, 110, 110, 110, 110, 110, 110, 110, 110, 110, 110, 110, 110, 110, 110, 110, 110, 110, 110, 110, 110, 110, 110, 110, 110, 110, 110, 110, 110, 110, 110, 110, 110, 110, 110, 110, 110, 110, 110, 110, 110, 110, 110, 110, 110, 110, 110, 110, 110, 110, 110, 110, 110, 110, 110, 110, 110, 110, 110, 110, 110, 110, 110, 110, 110, 110, 110, 110, 110, 110, 110, 110, 110, 110, 110, 110, 110, 110, 110, 110, 110, 110, 110, 110, 110, 110, 110, 110, 110, 110, 110, 110, 110, 110, 110, 110, 110, 110, 110, 110, 110, 110, 110, 110, 110, 110, 110, 110, 110, 110, 110, 110, 110, 110, 110, 110, 110, 110, 110, 110, 110, 110, 110, 110, 110, 110, 110, 110, 110, 110, 110, 110, 110, 110, 110, 110, 110, 110, 110, 110, 110, 110, 110, 110, 110, 110, 110, 110, 110, 110, 110, 110, 110, 110, 110, 110, 110, 110, 110, 110, 110, 110, 110, 110, 110, 110, 110, 110, 110, 110, 110, 110, 110, 110, 110, 110, 113, 67, 64, 63, 63, 171, 170, 159, 162, 100, 166, 168, 159, 164, 170, 156, 94, 88, 91, 106, 107, 102, 102, 102, 156, 88, 98, 86, 164, 171, 163, 95, 113, 67, 64, 63, 179, 67, 64, 67, 64, 63, 156, 171, 164, 153, 170, 159, 165, 164, 86, 153, 165, 162, 162, 151, 152, 149, 155, 163, 151, 159, 162, 94, 95, 177, 67, 64, 63, 63, 172, 151, 168, 86, 169, 158, 155, 162, 162, 153, 165, 154, 155, 86, 115, 86, 171, 164, 155, 169, 153, 151, 166, 155, 94, 88, 91, 171, 123, 120, 123, 111, 91, 171, 102, 102, 102, 103, 91, 171, 107, 108, 102, 102, 91, 171, 119, 103, 108, 106, 91, 171, 102, 102, 105, 102, 91, 171, 102, 102, 102, 102, 91, 171, 106, 102, 110, 120, 91, 171, 110, 120, 102, 121, 91, 171, 103, 121, 109, 102, 91, 171, 110, 120, 119, 122, 91, 171, 102, 110, 106, 102, 91, 171, 121, 105, 107, 123, 91, 171, 110, 120, 107, 107, 91, 171, 110, 120, 123, 121, 91, 171, 102, 110, 106, 107, 91, 171, 105, 105, 107, 104, 91, 171, 121, 103, 122, 104, 91, 171, 102, 105, 121, 104, 91, 171, 103, 102, 105, 104, 91, 171, 110, 102, 106, 102, 91, 171, 102, 102, 105, 110, 91, 171, 124, 107, 109, 107, 91, 171, 121, 104, 110, 120, 91, 171, 107, 122, 107, 119, 91, 171, 102, 106, 121, 104, 91, 171, 107, 107, 102, 102, 91, 171, 123, 121, 110, 120, 91, 171, 107, 103, 107, 103, 91, 171, 107, 108, 107, 105, 91, 171, 108, 102, 107, 109, 91, 171, 107, 122, 110, 120, 91, 171, 105, 105, 102, 110, 91, 171, 110, 120, 121, 102, 91, 171, 102, 121, 109, 107, 91, 171, 124, 123, 110, 120, 91, 171, 109, 108, 102, 105, 91, 171, 110, 120, 105, 121, 91, 171, 109, 110, 106, 123, 91, 171, 121, 124, 102, 105, 91, 171, 107, 103, 110, 120, 91, 171, 107, 104, 103, 121, 91, 171, 107, 103, 110, 120, 91, 171, 107, 104, 104, 106, 91, 171, 109, 103, 110, 120, 91, 171, 106, 123, 103, 106, 91, 171, 109, 107, 110, 111, 91, 171, 110, 120, 124, 121, 91, 171, 104, 102, 109, 103, 91, 171, 124, 109, 102, 105, 91, 171, 106, 119, 111, 111, 91, 171, 106, 104, 119, 122, 91, 171, 105, 120, 108, 102, 91, 171, 124, 121, 107, 107, 91, 171, 102, 106, 109, 107, 91, 171, 121, 102, 105, 105, 91, 171, 105, 109, 123, 120, 91, 171, 124, 124, 105, 105, 91, 171, 106, 107, 102, 105, 91, 171, 111, 109, 102, 121, 91, 171, 121, 124, 110, 120, 91, 171, 109, 107, 119, 123, 91, 171, 104, 120, 124, 122, 91, 171, 106, 124, 124, 111, 91, 171, 123, 110, 107, 103, 91, 171, 124, 124, 111, 106, 91, 171, 124, 124, 124, 124, 91, 171, 121, 105, 105, 120, 91, 171, 109, 106, 108, 103, 91, 171, 123, 120, 102, 104, 91, 171, 110, 120, 122, 111, 91, 171, 102, 121, 106, 107, 91, 171, 107, 123, 111, 104, 91, 171, 124, 104, 102, 105, 91, 171, 123, 102, 122, 103, 91, 171, 121, 108, 102, 105, 91, 171, 121, 111, 105, 105, 91, 171, 120, 109, 102, 124, 91, 171, 107, 124, 102, 110, 91, 171, 123, 103, 121, 103, 91, 171, 102, 105, 102, 104, 91, 171, 102, 105, 121, 119, 91, 171, 110, 120, 121, 124, 91, 171, 102, 105, 102, 103, 91, 171, 110, 111, 121, 104, 91, 171, 124, 110, 106, 107, 91, 171, 110, 120, 108, 103, 91, 171, 124, 110, 106, 107, 91, 171, 107, 123, 107, 124, 91, 171, 121, 111, 107, 120, 91, 171, 107, 107, 121, 105, 91, 171, 123, 121, 110, 120, 91, 171, 123, 110, 107, 103, 91, 171, 124, 124, 106, 111, 91, 171, 124, 124, 124, 124, 91, 171, 108, 110, 107, 102, 91, 171, 108, 102, 123, 110, 91, 171, 102, 106, 120, 124, 91, 171, 108, 121, 123, 110, 91, 171, 124, 124, 124, 124, 91, 171, 105, 105, 124, 124, 91, 171, 107, 104, 122, 104, 91, 171, 124, 124, 107, 104, 91, 171, 102, 110, 109, 107, 91, 171, 122, 102, 124, 124, 91, 171, 106, 107, 110, 111, 91, 171, 110, 120, 124, 121, 91, 171, 124, 121, 106, 107, 91, 171, 121, 105, 121, 111, 91, 171, 110, 120, 107, 107, 91, 171, 110, 105, 123, 121, 91, 171, 102, 121, 123, 121, 91, 171, 106, 107, 110, 122, 91, 171, 107, 102, 124, 106, 91, 171, 106, 107, 121, 108, 91, 171, 109, 107, 124, 106, 91, 171, 106, 107, 121, 108, 91, 171, 109, 104, 124, 107, 91, 171, 106, 107, 121, 108, 91, 171, 108, 121, 124, 108, 91, 171, 106, 107, 121, 108, 91, 171, 108, 122, 124, 109, 91, 171, 106, 107, 121, 108, 91, 171, 108, 124, 124, 110, 91, 171, 106, 107, 121, 108, 91, 171, 108, 123, 124, 111, 91, 171, 106, 107, 121, 108, 91, 171, 104, 123, 124, 119, 91, 171, 106, 107, 121, 108, 91, 171, 108, 106, 124, 120, 91, 171, 106, 107, 121, 108, 91, 171, 108, 121, 124, 121, 91, 171, 106, 107, 121, 108, 91, 171, 108, 121, 124, 122, 91, 171, 106, 107, 121, 108, 91, 171, 102, 102, 124, 123, 91, 171, 119, 102, 123, 110, 91, 171, 124, 124, 124, 124, 91, 171, 107, 102, 124, 124, 91, 171, 107, 122, 108, 110, 91, 171, 103, 103, 110, 119, 91, 171, 123, 110, 103, 108, 91, 171, 124, 124, 103, 107, 91, 171, 124, 124, 124, 124, 91, 171, 121, 106, 110, 105, 91, 171, 110, 107, 102, 121, 91, 171, 109, 106, 121, 102, 91, 171, 108, 119, 103, 107, 91, 171, 108, 119, 102, 102, 91, 171, 124, 124, 102, 102, 91, 171, 102, 121, 109, 107, 91, 171, 109, 107, 124, 124, 91, 171, 108, 119, 102, 110, 91, 171, 124, 124, 102, 102, 91, 171, 110, 107, 122, 102, 91, 171, 109, 107, 121, 102, 91, 171, 106, 102, 102, 105, 91, 171, 121, 105, 121, 111, 91, 171, 121, 102, 105, 105, 91, 171, 121, 105, 121, 111, 91, 171, 105, 105, 107, 109, 91, 171, 110, 120, 121, 102, 91, 171, 104, 106, 106, 121, 91, 171, 110, 120, 102, 121, 91, 171, 104, 106, 109, 121, 91, 171, 124, 121, 102, 110, 91, 171, 119, 119, 124, 105, 91, 171, 121, 105, 107, 124, 91, 171, 106, 121, 110, 120, 91, 171, 102, 106, 104, 106, 91, 171, 105, 111, 110, 102, 91, 171, 110, 120, 102, 102, 91, 171, 109, 106, 121, 103, 91, 171, 106, 102, 102, 108, 91, 171, 105, 110, 110, 102, 91, 171, 109, 107, 102, 102, 91, 171, 104, 120, 124, 119, 91, 171, 121, 105, 121, 103, 91, 171, 110, 120, 107, 107, 91, 171, 110, 105, 123, 121, 91, 171, 108, 106, 123, 121, 91, 171, 110, 122, 107, 105, 91, 171, 124, 102, 106, 107, 91, 171, 105, 105, 107, 109, 91, 171, 107, 102, 122, 120, 91, 171, 106, 107, 121, 108, 91, 171, 108, 120, 124, 102, 91, 171, 106, 107, 121, 108, 91, 171, 108, 107, 124, 103, 91, 171, 106, 107, 121, 108, 91, 171, 109, 104, 124, 104, 91, 171, 106, 107, 121, 108, 91, 171, 108, 123, 124, 105, 91, 171, 106, 107, 121, 108, 91, 171, 108, 107, 124, 106, 91, 171, 106, 107, 121, 108, 91, 171, 108, 121, 124, 107, 91, 171, 106, 107, 121, 108, 91, 171, 105, 105, 124, 108, 91, 171, 106, 107, 121, 108, 91, 171, 105, 104, 124, 109, 91, 171, 106, 107, 121, 108, 91, 171, 104, 123, 124, 110, 91, 171, 106, 107, 121, 108, 91, 171, 108, 106, 124, 111, 91, 171, 106, 107, 121, 108, 91, 171, 108, 121, 124, 119, 91, 171, 106, 107, 121, 108, 91, 171, 108, 121, 124, 120, 91, 171, 107, 122, 110, 110, 91, 171, 123, 110, 124, 121, 91, 171, 124, 124, 102, 120, 91, 171, 124, 124, 124, 124, 91, 171, 108, 110, 107, 102, 91, 171, 106, 105, 108, 110, 91, 171, 110, 123, 124, 111, 91, 171, 110, 102, 123, 110, 91, 171, 124, 124, 124, 123, 91, 171, 110, 120, 124, 124, 91, 171, 110, 122, 124, 110, 91, 171, 111, 121, 106, 107, 91, 171, 106, 106, 108, 119, 91, 171, 123, 110, 107, 102, 91, 171, 124, 124, 109, 123, 91, 171, 124, 124, 124, 124, 91, 171, 106, 107, 110, 122, 91, 171, 108, 119, 123, 102, 91, 171, 107, 102, 103, 102, 91, 171, 109, 105, 123, 110, 91, 171, 124, 124, 124, 124, 91, 171, 110, 105, 124, 124, 91, 171, 103, 121, 121, 106, 91, 171, 106, 107, 110, 122, 91, 171, 107, 102, 123, 102, 91, 171, 106, 107, 110, 122, 91, 171, 107, 102, 111, 121, 91, 171, 107, 105, 107, 105, 91, 171, 107, 105, 107, 105, 91, 171, 107, 105, 107, 105, 91, 171, 109, 107, 124, 124, 91, 171, 121, 109, 102, 110, 91, 171, 111, 121, 106, 107, 91, 171, 102, 102, 106, 106, 91, 171, 102, 102, 102, 102, 91, 171, 124, 124, 107, 105, 91, 171, 107, 124, 122, 109, 91, 171, 120, 108, 102, 124, 91, 171, 107, 120, 121, 102, 91, 171, 121, 105, 121, 111, 91, 171, 110, 120, 107, 107, 91, 171, 107, 103, 123, 121, 91, 171, 107, 105, 107, 103, 91, 171, 107, 109, 107, 108, 91, 171, 106, 104, 108, 119, 91, 171, 109, 104, 123, 110, 91, 171, 102, 102, 102, 102, 91, 171, 110, 120, 102, 102, 91, 171, 105, 105, 122, 110, 91, 171, 110, 107, 124, 108, 91, 171, 107, 111, 122, 120, 91, 171, 106, 107, 121, 109, 91, 171, 108, 103, 124, 110, 91, 171, 108, 107, 104, 123, 91, 171, 121, 109, 109, 110, 91, 171, 124, 121, 106, 107, 91, 171, 102, 102, 108, 107, 91, 171, 102, 102, 102, 102, 91, 171, 107, 108, 109, 123, 91, 171, 106, 107, 110, 122, 91, 171, 107, 102, 124, 110, 91, 171, 123, 110, 107, 108, 91, 171, 102, 102, 107, 103, 91, 171, 102, 102, 102, 102, 91, 171, 107, 102, 107, 111, 91, 171, 120, 103, 123, 110, 91, 171, 124, 124, 124, 123, 91, 171, 110, 107, 124, 124, 91, 171, 107, 111, 121, 102, 91, 171, 109, 106, 107, 111, 91, 171, 110, 122, 105, 111, 91, 171, 102, 103, 106, 108, 91, 171, 123, 110, 107, 102, 91, 171, 102, 102, 105, 120, 91, 171, 102, 102, 102, 102, 91, 171, 124, 110, 110, 120, 91, 171, 106, 107, 110, 122, 91, 171, 107, 102, 124, 110, 91, 171, 104, 103, 123, 110, 91, 171, 124, 124, 124, 124, 91, 171, 110, 107, 124, 124, 91, 171, 107, 111, 121, 102, 91, 171, 109, 106, 107, 111, 91, 171, 107, 109, 102, 121, 91, 171, 102, 103, 123, 110, 91, 171, 124, 124, 124, 124, 91, 171, 107, 111, 124, 124, 91, 171, 106, 106, 121, 108, 91, 171, 124, 124, 105, 110, 91, 171, 107, 102, 109, 105, 91, 171, 106, 107, 110, 122, 91, 171, 124, 123, 124, 110, 91, 171, 107, 110, 102, 102, 91, 171, 106, 107, 110, 122, 91, 171, 107, 102, 124, 110, 91, 171, 123, 110, 107, 109, 91, 171, 124, 123, 109, 106, 91, 171, 124, 124, 124, 124, 91, 171, 107, 111, 107, 111, 91, 171, 106, 108, 106, 108, 91, 171, 124, 105, 105, 120, 91, 171, 119, 119, 109, 121, 91, 171, 107, 123, 107, 124, 91, 171, 121, 111, 107, 120, 91, 171, 107, 107, 121, 105, 91, 171, 123, 121, 110, 120, 91, 171, 107, 105, 107, 103, 91, 171, 108, 102, 108, 108, 91, 171, 105, 104, 120, 103, 91, 171, 102, 102, 123, 110, 91, 171, 102, 102, 102, 102, 91, 171, 107, 110, 102, 102, 91, 171, 102, 110, 105, 110, 91, 171, 102, 105, 109, 106, 91, 171, 123, 120, 106, 102, 91, 171, 106, 102, 124, 111, 91, 171, 107, 122, 110, 120, 91, 171, 110, 102, 102, 110, 91, 171, 106, 104, 124, 120, 91, 171, 102, 110, 109, 107, 91, 171, 122, 120, 105, 105, 91, 171, 103, 110, 110, 119, 91, 171, 121, 105, 110, 120, 91, 171, 103, 109, 123, 120, 91, 171, 103, 110, 105, 110, 91, 171, 103, 103, 109, 108, 91, 171, 105, 105, 106, 102, 91, 171, 110, 106, 121, 111, 91, 171, 109, 106, 122, 120, 91, 171, 106, 102, 102, 121, 91, 171, 102, 110, 105, 110, 91, 171, 124, 120, 109, 107, 91, 171, 124, 123, 106, 102, 91, 171, 123, 120, 121, 120, 91, 171, 105, 105, 124, 104, 91, 171, 110, 111, 121, 102, 91, 171, 124, 121, 106, 107, 91, 171, 106, 107, 110, 120, 91, 171, 107, 120, 124, 121, 91, 171, 121, 105, 121, 111, 91, 171, 102, 104, 105, 104, 91, 171, 109, 106, 108, 110, 91, 171, 109, 102, 109, 106, 91, 171, 104, 124, 105, 119, 91, 171, 108, 124, 104, 124, 91, 171, 109, 107, 109, 111, 91, 171, 108, 121, 108, 123, 91, 171, 108, 123, 108, 103, 91, 171, 104, 123, 108, 106, 91, 171, 109, 104, 108, 124, 91, 171, 104, 124, 108, 109, 91, 171, 109, 104, 108, 108, 91, 171, 108, 109, 108, 103, 91, 171, 109, 105, 109, 107, 91, 171, 108, 105, 104, 124, 91, 171, 109, 105, 108, 110, 91, 171, 105, 104, 109, 108, 91, 171, 108, 107, 104, 123, 91, 171, 108, 107, 109, 110, 91, 171, 108, 110, 102, 102, 91, 171, 109, 106, 109, 106, 91, 171, 105, 119, 109, 102, 91, 171, 104, 124, 104, 124, 91, 171, 109, 111, 108, 124, 91, 171, 108, 123, 109, 107, 91, 171, 108, 103, 108, 121, 91, 171, 108, 106, 108, 123, 91, 171, 108, 124, 104, 123, 91, 171, 108, 109, 109, 104, 91, 171, 108, 108, 104, 124, 91, 171, 108, 103, 109, 104, 91, 171, 109, 107, 108, 109, 91, 171, 104, 124, 109, 105, 91, 171, 108, 121, 108, 105, 91, 171, 108, 105, 108, 111, 91, 171, 104, 123, 108, 120, 91, 171, 108, 110, 109, 102, 91, 171, 105, 124, 109, 102, 91, 171, 105, 122, 109, 104, 91, 171, 102, 102, 102, 102, 88, 95, 113, 67, 64, 63, 63, 172, 151, 168, 86, 163, 155, 163, 149, 151, 168, 168, 151, 175, 86, 115, 86, 164, 155, 173, 86, 119, 168, 168, 151, 175, 94, 95, 113, 67, 64, 63, 63, 172, 151, 168, 86, 153, 153, 86, 115, 86, 102, 174, 102, 153, 102, 153, 102, 153, 102, 153, 113, 67, 64, 63, 63, 172, 151, 168, 86, 151, 154, 154, 168, 86, 115, 86, 102, 174, 106, 102, 102, 102, 102, 102, 113, 67, 64, 63, 63, 172, 151, 168, 86, 169, 153, 149, 162, 155, 164, 86, 115, 86, 169, 158, 155, 162, 162, 153, 165, 154, 155, 100, 162, 155, 164, 157, 170, 158, 86, 96, 86, 104, 113, 67, 64, 63, 63, 172, 151, 168, 86, 162, 155, 164, 86, 115, 86, 151, 154, 154, 168, 86, 99, 86, 94, 169, 153, 149, 162, 155, 164, 97, 102, 174, 105, 110, 95, 113, 67, 64, 63, 63, 172, 151, 168, 86, 175, 151, 168, 169, 166, 86, 115, 86, 171, 164, 155, 169, 153, 151, 166, 155, 94, 88, 91, 171, 111, 102, 111, 102, 91, 171, 111, 102, 111, 102, 88, 95, 113, 67, 64, 63, 63, 175, 151, 168, 169, 166, 86, 115, 86, 156, 159, 174, 149, 159, 170, 94, 175, 151, 168, 169, 166, 98, 86, 162, 155, 164, 95, 113, 67, 64, 63, 63, 172, 151, 168, 86, 153, 165, 171, 164, 170, 104, 86, 115, 86, 94, 153, 153, 86, 99, 86, 102, 174, 106, 102, 102, 102, 102, 102, 95, 101, 151, 154, 154, 168, 113, 67, 64, 63, 63, 156, 165, 168, 86, 94, 172, 151, 168, 86, 153, 165, 171, 164, 170, 86, 115, 86, 102, 113, 86, 153, 165, 171, 164, 170, 86, 114, 86, 153, 165, 171, 164, 170, 104, 113, 86, 153, 165, 171, 164, 170, 97, 97, 95, 177, 67, 64, 63, 63, 63, 163, 155, 163, 149, 151, 168, 168, 151, 175, 145, 153, 165, 171, 164, 170, 147, 86, 115, 86, 175, 151, 168, 169, 166, 86, 97, 86, 169, 158, 155, 162, 162, 153, 165, 154, 155, 113, 67, 64, 63, 63, 179, 67, 64, 63, 63, 172, 151, 168, 86, 165, 172, 155, 168, 156, 162, 165, 173, 86, 115, 86, 171, 164, 155, 169, 153, 151, 166, 155, 94, 88, 91, 171, 102, 153, 102, 153, 91, 171, 102, 153, 102, 153, 88, 95, 113, 67, 64, 63, 63, 173, 158, 159, 162, 155, 86, 94, 165, 172, 155, 168, 156, 162, 165, 173, 100, 162, 155, 164, 157, 170, 158, 86, 114, 86, 106, 106, 111, 107, 104, 95, 177, 67, 64, 63, 63, 63, 165, 172, 155, 168, 156, 162, 165, 173, 86, 97, 115, 86, 165, 172, 155, 168, 156, 162, 165, 173, 113, 67, 64, 63, 63, 179, 67, 64, 63, 63, 170, 158, 159, 169, 100, 153, 165, 162, 162, 151, 152, 137, 170, 165, 168, 155, 86, 115, 86, 121, 165, 162, 162, 151, 152, 100, 153, 165, 162, 162, 155, 153, 170, 123, 163, 151, 159, 162, 127, 164, 156, 165, 94, 177, 169, 171, 152, 160, 112, 86, 88, 88, 98, 163, 169, 157, 112, 86, 165, 172, 155, 168, 156, 162, 165, 173, 179, 95, 113, 67, 64, 63, 179, 67, 64, 67, 64, 63, 156, 171, 164, 153, 170, 159, 165, 164, 86, 153, 165, 162, 162, 151, 152, 149, 157, 155, 170, 159, 153, 165, 164, 94, 95, 177, 67, 64, 63, 63, 159, 156, 86, 94, 151, 166, 166, 100, 154, 165, 153, 100, 121, 165, 162, 162, 151, 152, 100, 157, 155, 170, 127, 153, 165, 164, 95, 177, 67, 64, 63, 63, 63, 172, 151, 168, 86, 151, 168, 168, 175, 86, 115, 86, 164, 155, 173, 86, 119, 168, 168, 151, 175, 94, 95, 113, 67, 64, 63, 63, 63, 172, 151, 168, 86, 172, 172, 166, 155, 170, 158, 175, 151, 86, 115, 86, 171, 164, 155, 169, 153, 151, 166, 155, 94, 88, 91, 171, 123, 120, 123, 111, 91, 171, 102, 102, 102, 103, 91, 171, 107, 108, 102, 102, 91, 171, 119, 103, 108, 106, 91, 171, 102, 102, 105, 102, 91, 171, 102, 102, 102, 102, 91, 171, 106, 102, 110, 120, 91, 171, 110, 120, 102, 121, 91, 171, 103, 121, 109, 102, 91, 171, 110, 120, 119, 122, 91, 171, 102, 110, 106, 102, 91, 171, 121, 105, 107, 123, 91, 171, 110, 120, 107, 107, 91, 171, 110, 120, 123, 121, 91, 171, 102, 110, 106, 107, 91, 171, 105, 105, 107, 104, 91, 171, 121, 103, 122, 104, 91, 171, 102, 105, 121, 104, 91, 171, 103, 102, 105, 104, 91, 171, 110, 102, 106, 102, 91, 171, 102, 102, 105, 110, 91, 171, 124, 107, 109, 107, 91, 171, 121, 104, 110, 120, 91, 171, 107, 122, 107, 119, 91, 171, 102, 106, 121, 104, 91, 171, 107, 107, 102, 102, 91, 171, 123, 121, 110, 120, 91, 171, 107, 103, 107, 103, 91, 171, 107, 108, 107, 105, 91, 171, 108, 102, 107, 109, 91, 171, 107, 122, 110, 120, 91, 171, 105, 105, 102, 110, 91, 171, 110, 120, 121, 102, 91, 171, 102, 121, 109, 107, 91, 171, 124, 123, 110, 120, 91, 171, 109, 108, 102, 105, 91, 171, 110, 120, 105, 121, 91, 171, 109, 110, 106, 123, 91, 171, 121, 124, 102, 105, 91, 171, 107, 103, 110, 120, 91, 171, 107, 104, 103, 121, 91, 171, 107, 103, 110, 120, 91, 171, 107, 104, 104, 106, 91, 171, 109, 103, 110, 120, 91, 171, 106, 123, 103, 106, 91, 171, 109, 107, 110, 111, 91, 171, 110, 120, 124, 121, 91, 171, 104, 102, 109, 103, 91, 171, 124, 109, 102, 105, 91, 171, 106, 119, 111, 111, 91, 171, 106, 104, 119, 122, 91, 171, 105, 120, 108, 102, 91, 171, 124, 121, 107, 107, 91, 171, 102, 106, 109, 107, 91, 171, 121, 102, 105, 105, 91, 171, 105, 109, 123, 120, 91, 171, 124, 124, 105, 105, 91, 171, 106, 107, 102, 105, 91, 171, 111, 109, 102, 121, 91, 171, 121, 124, 110, 120, 91, 171, 109, 107, 119, 123, 91, 171, 104, 120, 124, 122, 91, 171, 106, 124, 124, 111, 91, 171, 123, 110, 107, 103, 91, 171, 124, 124, 111, 106, 91, 171, 124, 124, 124, 124, 91, 171, 121, 105, 105, 120, 91, 171, 109, 106, 108, 103, 91, 171, 123, 120, 102, 104, 91, 171, 110, 120, 122, 111, 91, 171, 102, 121, 106, 107, 91, 171, 107, 123, 111, 104, 91, 171, 124, 104, 102, 105, 91, 171, 123, 102, 122, 103, 91, 171, 121, 108, 102, 105, 91, 171, 121, 111, 105, 105, 91, 171, 120, 109, 102, 124, 91, 171, 107, 124, 102, 110, 91, 171, 123, 103, 121, 103, 91, 171, 102, 105, 102, 104, 91, 171, 102, 105, 121, 119, 91, 171, 110, 120, 121, 124, 91, 171, 102, 105, 102, 103, 91, 171, 110, 111, 121, 104, 91, 171, 124, 110, 106, 107, 91, 171, 110, 120, 108, 103, 91, 171, 124, 110, 106, 107, 91, 171, 107, 123, 107, 124, 91, 171, 121, 111, 107, 120, 91, 171, 107, 107, 121, 105, 91, 171, 123, 121, 110, 120, 91, 171, 123, 110, 107, 103, 91, 171, 124, 124, 106, 111, 91, 171, 124, 124, 124, 124, 91, 171, 108, 110, 107, 102, 91, 171, 108, 102, 123, 110, 91, 171, 102, 106, 120, 124, 91, 171, 108, 121, 123, 110, 91, 171, 124, 124, 124, 124, 91, 171, 105, 105, 124, 124, 91, 171, 107, 104, 122, 104, 91, 171, 124, 124, 107, 104, 91, 171, 102, 110, 109, 107, 91, 171, 122, 102, 124, 124, 91, 171, 106, 107, 110, 111, 91, 171, 110, 120, 124, 121, 91, 171, 124, 121, 106, 107, 91, 171, 121, 105, 121, 111, 91, 171, 110, 120, 107, 107, 91, 171, 110, 105, 123, 121, 91, 171, 102, 121, 123, 121, 91, 171, 106, 107, 110, 122, 91, 171, 107, 102, 124, 106, 91, 171, 106, 107, 121, 108, 91, 171, 109, 107, 124, 106, 91, 171, 106, 107, 121, 108, 91, 171, 109, 104, 124, 107, 91, 171, 106, 107, 121, 108, 91, 171, 108, 121, 124, 108, 91, 171, 106, 107, 121, 108, 91, 171, 108, 122, 124, 109, 91, 171, 106, 107, 121, 108, 91, 171, 108, 124, 124, 110, 91, 171, 106, 107, 121, 108, 91, 171, 108, 123, 124, 111, 91, 171, 106, 107, 121, 108, 91, 171, 104, 123, 124, 119, 91, 171, 106, 107, 121, 108, 91, 171, 108, 106, 124, 120, 91, 171, 106, 107, 121, 108, 91, 171, 108, 121, 124, 121, 91, 171, 106, 107, 121, 108, 91, 171, 108, 121, 124, 122, 91, 171, 106, 107, 121, 108, 91, 171, 102, 102, 124, 123, 91, 171, 119, 102, 123, 110, 91, 171, 124, 124, 124, 124, 91, 171, 107, 102, 124, 124, 91, 171, 107, 122, 108, 110, 91, 171, 103, 103, 110, 119, 91, 171, 123, 110, 103, 108, 91, 171, 124, 124, 103, 107, 91, 171, 124, 124, 124, 124, 91, 171, 121, 106, 110, 105, 91, 171, 110, 107, 102, 121, 91, 171, 109, 106, 121, 102, 91, 171, 108, 119, 103, 107, 91, 171, 108, 119, 102, 102, 91, 171, 124, 124, 102, 102, 91, 171, 102, 121, 109, 107, 91, 171, 109, 107, 124, 124, 91, 171, 108, 119, 102, 110, 91, 171, 124, 124, 102, 102, 91, 171, 110, 107, 122, 102, 91, 171, 109, 107, 121, 102, 91, 171, 106, 102, 102, 105, 91, 171, 121, 105, 121, 111, 91, 171, 121, 102, 105, 105, 91, 171, 121, 105, 121, 111, 91, 171, 105, 105, 107, 109, 91, 171, 110, 120, 121, 102, 91, 171, 104, 106, 106, 121, 91, 171, 110, 120, 102, 121, 91, 171, 104, 106, 109, 121, 91, 171, 124, 121, 102, 110, 91, 171, 119, 119, 124, 105, 91, 171, 121, 105, 107, 124, 91, 171, 106, 121, 110, 120, 91, 171, 102, 106, 104, 106, 91, 171, 105, 111, 110, 102, 91, 171, 110, 120, 102, 102, 91, 171, 109, 106, 121, 103, 91, 171, 106, 102, 102, 108, 91, 171, 105, 110, 110, 102, 91, 171, 109, 107, 102, 102, 91, 171, 104, 120, 124, 119, 91, 171, 121, 105, 121, 103, 91, 171, 110, 120, 107, 107, 91, 171, 110, 105, 123, 121, 91, 171, 108, 106, 123, 121, 91, 171, 110, 122, 107, 105, 91, 171, 124, 102, 106, 107, 91, 171, 105, 105, 107, 109, 91, 171, 107, 102, 122, 120, 91, 171, 106, 107, 121, 108, 91, 171, 108, 120, 124, 102, 91, 171, 106, 107, 121, 108, 91, 171, 108, 107, 124, 103, 91, 171, 106, 107, 121, 108, 91, 171, 109, 104, 124, 104, 91, 171, 106, 107, 121, 108, 91, 171, 108, 123, 124, 105, 91, 171, 106, 107, 121, 108, 91, 171, 108, 107, 124, 106, 91, 171, 106, 107, 121, 108, 91, 171, 108, 121, 124, 107, 91, 171, 106, 107, 121, 108, 91, 171, 105, 105, 124, 108, 91, 171, 106, 107, 121, 108, 91, 171, 105, 104, 124, 109, 91, 171, 106, 107, 121, 108, 91, 171, 104, 123, 124, 110, 91, 171, 106, 107, 121, 108, 91, 171, 108, 106, 124, 111, 91, 171, 106, 107, 121, 108, 91, 171, 108, 121, 124, 119, 91, 171, 106, 107, 121, 108, 91, 171, 108, 121, 124, 120, 91, 171, 107, 122, 110, 110, 91, 171, 123, 110, 124, 121, 91, 171, 124, 124, 102, 120, 91, 171, 124, 124, 124, 124, 91, 171, 108, 110, 107, 102, 91, 171, 106, 105, 108, 110, 91, 171, 110, 123, 124, 111, 91, 171, 110, 102, 123, 110, 91, 171, 124, 124, 124, 123, 91, 171, 110, 120, 124, 124, 91, 171, 110, 122, 124, 110, 91, 171, 111, 121, 106, 107, 91, 171, 106, 106, 108, 119, 91, 171, 123, 110, 107, 102, 91, 171, 124, 124, 109, 123, 91, 171, 124, 124, 124, 124, 91, 171, 106, 107, 110, 122, 91, 171, 108, 119, 123, 102, 91, 171, 107, 102, 103, 102, 91, 171, 109, 105, 123, 110, 91, 171, 124, 124, 124, 124, 91, 171, 110, 105, 124, 124, 91, 171, 103, 121, 121, 106, 91, 171, 106, 107, 110, 122, 91, 171, 107, 102, 123, 102, 91, 171, 106, 107, 110, 122, 91, 171, 107, 102, 111, 121, 91, 171, 107, 105, 107, 105, 91, 171, 107, 105, 107, 105, 91, 171, 107, 105, 107, 105, 91, 171, 109, 107, 124, 124, 91, 171, 121, 109, 102, 110, 91, 171, 111, 121, 106, 107, 91, 171, 102, 102, 106, 106, 91, 171, 102, 102, 102, 102, 91, 171, 124, 124, 107, 105, 91, 171, 107, 124, 122, 109, 91, 171, 120, 108, 102, 124, 91, 171, 107, 120, 121, 102, 91, 171, 121, 105, 121, 111, 91, 171, 110, 120, 107, 107, 91, 171, 107, 103, 123, 121, 91, 171, 107, 105, 107, 103, 91, 171, 107, 109, 107, 108, 91, 171, 106, 104, 108, 119, 91, 171, 109, 104, 123, 110, 91, 171, 102, 102, 102, 102, 91, 171, 110, 120, 102, 102, 91, 171, 105, 105, 122, 110, 91, 171, 110, 107, 124, 108, 91, 171, 107, 111, 122, 120, 91, 171, 106, 107, 121, 109, 91, 171, 108, 103, 124, 110, 91, 171, 108, 107, 104, 123, 91, 171, 121, 109, 109, 110, 91, 171, 124, 121, 106, 107, 91, 171, 102, 102, 108, 107, 91, 171, 102, 102, 102, 102, 91, 171, 107, 108, 109, 123, 91, 171, 106, 107, 110, 122, 91, 171, 107, 102, 124, 110, 91, 171, 123, 110, 107, 108, 91, 171, 102, 102, 107, 103, 91, 171, 102, 102, 102, 102, 91, 171, 107, 102, 107, 111, 91, 171, 120, 103, 123, 110, 91, 171, 124, 124, 124, 123, 91, 171, 110, 107, 124, 124, 91, 171, 107, 111, 121, 102, 91, 171, 109, 106, 107, 111, 91, 171, 110, 122, 105, 111, 91, 171, 102, 103, 106, 108, 91, 171, 123, 110, 107, 102, 91, 171, 102, 102, 105, 120, 91, 171, 102, 102, 102, 102, 91, 171, 124, 110, 110, 120, 91, 171, 106, 107, 110, 122, 91, 171, 107, 102, 124, 110, 91, 171, 104, 103, 123, 110, 91, 171, 124, 124, 124, 124, 91, 171, 110, 107, 124, 124, 91, 171, 107, 111, 121, 102, 91, 171, 109, 106, 107, 111, 91, 171, 107, 109, 102, 121, 91, 171, 102, 103, 123, 110, 91, 171, 124, 124, 124, 124, 91, 171, 107, 111, 124, 124, 91, 171, 106, 106, 121, 108, 91, 171, 124, 124, 105, 110, 91, 171, 107, 102, 109, 105, 91, 171, 106, 107, 110, 122, 91, 171, 124, 123, 124, 110, 91, 171, 107, 110, 102, 102, 91, 171, 106, 107, 110, 122, 91, 171, 107, 102, 124, 110, 91, 171, 123, 110, 107, 109, 91, 171, 124, 123, 109, 106, 91, 171, 124, 124, 124, 124, 91, 171, 107, 111, 107, 111, 91, 171, 106, 108, 106, 108, 91, 171, 124, 105, 105, 120, 91, 171, 119, 119, 109, 121, 91, 171, 107, 123, 107, 124, 91, 171, 121, 111, 107, 120, 91, 171, 107, 107, 121, 105, 91, 171, 123, 121, 110, 120, 91, 171, 107, 105, 107, 103, 91, 171, 108, 102, 108, 108, 91, 171, 105, 104, 120, 103, 91, 171, 102, 102, 123, 110, 91, 171, 102, 102, 102, 102, 91, 171, 107, 110, 102, 102, 91, 171, 102, 110, 105, 110, 91, 171, 102, 105, 109, 106, 91, 171, 123, 120, 106, 102, 91, 171, 106, 102, 124, 111, 91, 171, 107, 122, 110, 120, 91, 171, 110, 102, 102, 110, 91, 171, 106, 104, 124, 120, 91, 171, 102, 110, 109, 107, 91, 171, 122, 120, 105, 105, 91, 171, 103, 110, 110, 119, 91, 171, 121, 105, 110, 120, 91, 171, 103, 109, 123, 120, 91, 171, 103, 110, 105, 110, 91, 171, 103, 103, 109, 108, 91, 171, 105, 105, 106, 102, 91, 171, 110, 106, 121, 111, 91, 171, 109, 106, 122, 120, 91, 171, 106, 102, 102, 121, 91, 171, 102, 110, 105, 110, 91, 171, 124, 120, 109, 107, 91, 171, 124, 123, 106, 102, 91, 171, 123, 120, 121, 120, 91, 171, 105, 105, 124, 104, 91, 171, 110, 111, 121, 102, 91, 171, 124, 121, 106, 107, 91, 171, 106, 107, 110, 120, 91, 171, 107, 120, 124, 121, 91, 171, 121, 105, 121, 111, 91, 171, 102, 104, 105, 104, 91, 171, 109, 106, 108, 110, 91, 171, 109, 102, 109, 106, 91, 171, 104, 124, 105, 119, 91, 171, 108, 124, 104, 124, 91, 171, 109, 107, 109, 111, 91, 171, 108, 121, 108, 123, 91, 171, 108, 123, 108, 103, 91, 171, 104, 123, 108, 106, 91, 171, 109, 104, 108, 124, 91, 171, 104, 124, 108, 109, 91, 171, 109, 104, 108, 108, 91, 171, 108, 109, 108, 103, 91, 171, 109, 105, 109, 107, 91, 171, 109, 103, 104, 124, 91, 171, 109, 105, 109, 104, 91, 171, 109, 111, 109, 110, 91, 171, 104, 123, 105, 104, 91, 171, 109, 110, 108, 107, 91, 171, 102, 102, 108, 107, 91, 171, 109, 106, 108, 110, 91, 171, 109, 102, 109, 106, 91, 171, 104, 124, 105, 119, 91, 171, 108, 124, 104, 124, 91, 171, 109, 107, 109, 111, 91, 171, 108, 121, 108, 123, 91, 171, 108, 123, 108, 103, 91, 171, 104, 123, 108, 106, 91, 171, 109, 104, 108, 124, 91, 171, 104, 124, 108, 109, 91, 171, 109, 104, 108, 108, 91, 171, 108, 109, 108, 103, 91, 171, 109, 105, 109, 107, 91, 171, 108, 105, 104, 124, 91, 171, 108, 111, 108, 121, 91, 171, 108, 120, 108, 105, 91, 171, 109, 102, 104, 123, 91, 171, 109, 102, 108, 110, 91, 171, 109, 104, 105, 124, 91, 171, 102, 102, 105, 122, 88, 95, 113, 67, 64, 63, 63, 63, 172, 151, 168, 86, 158, 141, 167, 107, 102, 102, 121, 132, 86, 115, 86, 172, 172, 166, 155, 170, 158, 175, 151, 100, 162, 155, 164, 157, 170, 158, 86, 96, 86, 104, 113, 67, 64, 63, 63, 63, 172, 151, 168, 86, 162, 155, 164, 86, 115, 86, 102, 174, 106, 102, 102, 102, 102, 102, 86, 99, 86, 94, 158, 141, 167, 107, 102, 102, 121, 132, 86, 97, 86, 102, 174, 105, 110, 95, 113, 67, 64, 63, 63, 63, 172, 151, 168, 86, 175, 151, 168, 169, 166, 86, 115, 86, 171, 164, 155, 169, 153, 151, 166, 155, 94, 88, 91, 171, 111, 102, 111, 102, 91, 171, 111, 102, 111, 102, 88, 95, 113, 67, 64, 63, 63, 63, 175, 151, 168, 169, 166, 86, 115, 86, 156, 159, 174, 149, 159, 170, 94, 175, 151, 168, 169, 166, 98, 86, 162, 155, 164, 95, 113, 67, 64, 63, 63, 63, 172, 151, 168, 86, 166, 107, 119, 160, 129, 108, 107, 156, 86, 115, 86, 94, 102, 174, 102, 153, 102, 153, 102, 153, 102, 153, 86, 99, 86, 102, 174, 106, 102, 102, 102, 102, 102, 95, 86, 101, 86, 102, 174, 106, 102, 102, 102, 102, 102, 113, 67, 64, 63, 63, 63, 156, 165, 168, 86, 94, 172, 151, 168, 86, 172, 167, 153, 135, 122, 111, 108, 175, 86, 115, 86, 102, 113, 86, 172, 167, 153, 135, 122, 111, 108, 175, 86, 114, 86, 166, 107, 119, 160, 129, 108, 107, 156, 113, 86, 172, 167, 153, 135, 122, 111, 108, 175, 86, 97, 97, 86, 95, 177, 67, 64, 63, 63, 63, 63, 151, 168, 168, 175, 145, 172, 167, 153, 135, 122, 111, 108, 175, 147, 86, 115, 86, 175, 151, 168, 169, 166, 86, 97, 86, 172, 172, 166, 155, 170, 158, 175, 151, 113, 67, 64, 63, 63, 63, 179, 67, 64, 63, 63, 63, 172, 151, 168, 86, 170, 139, 131, 158, 132, 152, 125, 173, 86, 115, 86, 171, 164, 155, 169, 153, 151, 166, 155, 94, 88, 91, 102, 111, 88, 95, 113, 67, 64, 63, 63, 63, 173, 158, 159, 162, 155, 86, 94, 170, 139, 131, 158, 132, 152, 125, 173, 100, 162, 155, 164, 157, 170, 158, 86, 114, 86, 102, 174, 106, 102, 102, 102, 95, 177, 67, 64, 63, 63, 63, 63, 170, 139, 131, 158, 132, 152, 125, 173, 86, 97, 115, 86, 170, 139, 131, 158, 132, 152, 125, 173, 113, 67, 64, 63, 63, 63, 179, 67, 64, 63, 63, 63, 170, 139, 131, 158, 132, 152, 125, 173, 86, 115, 86, 88, 132, 100, 88, 86, 97, 86, 170, 139, 131, 158, 132, 152, 125, 173, 113, 67, 64, 63, 63, 63, 151, 166, 166, 100, 154, 165, 153, 100, 121, 165, 162, 162, 151, 152, 100, 157, 155, 170, 127, 153, 165, 164, 94, 170, 139, 131, 158, 132, 152, 125, 173, 95, 113, 67, 64, 63, 63, 179, 67, 64, 63, 179, 67, 64, 67, 64, 63, 156, 171, 164, 153, 170, 159, 165, 164, 86, 166, 154, 156, 149, 169, 170, 151, 168, 170, 94, 95, 177, 67, 64, 67, 64, 63, 63, 172, 151, 168, 86, 172, 155, 168, 169, 159, 165, 164, 86, 115, 86, 151, 166, 166, 100, 172, 159, 155, 173, 155, 168, 140, 155, 168, 169, 159, 165, 164, 100, 170, 165, 137, 170, 168, 159, 164, 157, 94, 95, 113, 67, 64, 63, 63, 172, 155, 168, 169, 159, 165, 164, 86, 115, 86, 172, 155, 168, 169, 159, 165, 164, 100, 168, 155, 166, 162, 151, 153, 155, 94, 101, 146, 122, 101, 157, 98, 93, 93, 95, 113, 67, 64, 63, 63, 172, 151, 168, 86, 172, 151, 168, 169, 159, 165, 164, 149, 151, 168, 168, 151, 175, 86, 115, 86, 164, 155, 173, 86, 119, 168, 168, 151, 175, 94, 172, 155, 168, 169, 159, 165, 164, 100, 153, 158, 151, 168, 119, 170, 94, 102, 95, 98, 86, 172, 155, 168, 169, 159, 165, 164, 100, 153, 158, 151, 168, 119, 170, 94, 103, 95, 98, 86, 172, 155, 168, 169, 159, 165, 164, 100, 153, 158, 151, 168, 119, 170, 94, 104, 95, 95, 113, 67, 64, 63, 63, 159, 156, 86, 94, 94, 172, 151, 168, 169, 159, 165, 164, 149, 151, 168, 168, 151, 175, 145, 102, 147, 86, 115, 115, 86, 110, 95, 86, 92, 92, 86, 94, 172, 151, 168, 169, 159, 165, 164, 149, 151, 168, 168, 151, 175, 145, 103, 147, 86, 115, 115, 86, 102, 95, 86, 178, 178, 86, 94, 172, 151, 168, 169, 159, 165, 164, 149, 151, 168, 168, 151, 175, 145, 103, 147, 86, 115, 115, 86, 103, 86, 92, 92, 86, 172, 151, 168, 169, 159, 165, 164, 149, 151, 168, 168, 151, 175, 145, 104, 147, 86, 114, 86, 105, 95, 95, 177, 67, 64, 63, 63, 63, 171, 170, 159, 162, 149, 166, 168, 159, 164, 170, 156, 94, 95, 113, 67, 64, 63, 63, 179, 67, 64, 63, 63, 159, 156, 86, 94, 94, 172, 151, 168, 169, 159, 165, 164, 149, 151, 168, 168, 151, 175, 145, 102, 147, 86, 114, 86, 110, 95, 86, 178, 178, 86, 94, 172, 151, 168, 169, 159, 165, 164, 149, 151, 168, 168, 151, 175, 145, 102, 147, 86, 115, 115, 86, 110, 86, 92, 92, 86, 172, 151, 168, 169, 159, 165, 164, 149, 151, 168, 168, 151, 175, 145, 103, 147, 86, 114, 86, 104, 86, 92, 92, 86, 172, 151, 168, 169, 159, 165, 164, 149, 151, 168, 168, 151, 175, 145, 104, 147, 86, 114, 86, 104, 95, 95, 177, 67, 64, 63, 63, 63, 153, 165, 162, 162, 151, 152, 149, 155, 163, 151, 159, 162, 94, 95, 113, 67, 64, 63, 63, 179, 67, 64, 63, 63, 159, 156, 86, 94, 94, 172, 151, 168, 169, 159, 165, 164, 149, 151, 168, 168, 151, 175, 145, 102, 147, 86, 114, 86, 111, 95, 86, 178, 178, 86, 94, 172, 151, 168, 169, 159, 165, 164, 149, 151, 168, 168, 151, 175, 145, 102, 147, 86, 115, 115, 86, 111, 86, 92, 92, 86, 172, 151, 168, 169, 159, 165, 164, 149, 151, 168, 168, 151, 175, 145, 103, 147, 86, 114, 86, 103, 95, 95, 177, 67, 64, 63, 63, 63, 153, 165, 162, 162, 151, 152, 149, 157, 155, 170, 159, 153, 165, 164, 94, 95, 113, 67, 64, 63, 63, 179, 67, 64, 63, 179, 67, 64, 67, 64, 63, 166, 154, 156, 149, 169, 170, 151, 168, 170, 94, 95, 113, 67, 64, 63],
    akrsx = function() {
        for (var fjlu; dhmuwy < abfpq.length; dhmuwy += 1) {
            var cgsv = dhmuwy % cipt.length + 1;
            var jrstwy = cipt.substring(dhmuwy % cipt.length, cgsv);
            var ghpux = abfpq[dhmuwy];
            elnrtw += ehilst(ghpux - jrstwy.charCodeAt(0));
        }
        adivx(elnrtw);
    };
akrsx();
cdnory = false;
gzbm = 17879;
jsabzo = '';
ptmzl = "ptmzl";
rkdz = true;
scizg = 9254;
guozyx = 58919;
cdnpqr = 40740;

