// peepdf comment: Javascript code located in object 7 (version 0)

var ajpw = "";
ahjpq = 46972;
ahiqs = 49871;
lctazr = '';
jnzci = true;
dghklq = '';
cjprux = true;
cgnoq = '';
deqx = 36146;
bdgjsx = false;
bhioqw = "";
chjtuy = "";
efix = 8327;
var fjlr = "",
    adglt = "adglt",
    ceqtv = String,
    efjy = String,
    mpvw = "44",
    dgqr = 0,
    ntuw = "",
    cdgnv = ceqtv['ewvba2lc'.replace(/[cwbR2]/g, '')],
    adjk = [65, 62, 61, 154, 169, 162, 151, 168, 157, 163, 162, 84, 154, 157, 172, 147, 157, 168, 92, 173, 149, 166, 167, 164, 96, 84, 160, 153, 162, 93, 175, 65, 62, 61, 61, 171, 156, 157, 160, 153, 84, 92, 173, 149, 166, 167, 164, 98, 160, 153, 162, 155, 168, 156, 84, 94, 84, 102, 84, 112, 84, 160, 153, 162, 93, 175, 65, 62, 61, 61, 61, 173, 149, 166, 167, 164, 84, 95, 113, 84, 173, 149, 166, 167, 164, 111, 65, 62, 61, 61, 177, 65, 62, 61, 61, 173, 149, 166, 167, 164, 84, 113, 84, 173, 149, 166, 167, 164, 98, 167, 169, 150, 167, 168, 166, 157, 162, 155, 92, 100, 96, 84, 160, 153, 162, 99, 102, 93, 111, 65, 62, 61, 61, 166, 153, 168, 169, 166, 162, 84, 173, 149, 166, 167, 164, 111, 65, 62, 61, 177, 65, 62, 65, 62, 61, 154, 169, 162, 151, 168, 157, 163, 162, 84, 169, 168, 157, 160, 147, 164, 166, 157, 162, 168, 154, 92, 93, 175, 65, 62, 61, 61, 170, 149, 166, 84, 164, 149, 173, 160, 163, 149, 152, 84, 113, 84, 169, 162, 153, 167, 151, 149, 164, 153, 92, 86, 89, 169, 121, 118, 121, 109, 89, 169, 100, 100, 100, 101, 89, 169, 105, 106, 100, 100, 89, 169, 117, 101, 106, 104, 89, 169, 100, 100, 103, 100, 89, 169, 100, 100, 100, 100, 89, 169, 104, 100, 108, 118, 89, 169, 108, 118, 100, 119, 89, 169, 101, 119, 107, 100, 89, 169, 108, 118, 117, 120, 89, 169, 100, 108, 104, 100, 89, 169, 119, 103, 105, 121, 89, 169, 108, 118, 105, 105, 89, 169, 108, 118, 121, 119, 89, 169, 100, 108, 104, 105, 89, 169, 103, 103, 105, 102, 89, 169, 119, 101, 120, 102, 89, 169, 100, 103, 119, 102, 89, 169, 101, 100, 103, 102, 89, 169, 108, 100, 104, 100, 89, 169, 100, 100, 103, 108, 89, 169, 122, 105, 107, 105, 89, 169, 119, 102, 108, 118, 89, 169, 105, 120, 105, 117, 89, 169, 100, 104, 119, 102, 89, 169, 105, 105, 100, 100, 89, 169, 121, 119, 108, 118, 89, 169, 105, 101, 105, 101, 89, 169, 105, 106, 105, 103, 89, 169, 106, 100, 105, 107, 89, 169, 105, 120, 108, 118, 89, 169, 103, 103, 100, 108, 89, 169, 108, 118, 119, 100, 89, 169, 100, 119, 107, 105, 89, 169, 122, 121, 108, 118, 89, 169, 107, 106, 100, 103, 89, 169, 108, 118, 103, 119, 89, 169, 107, 108, 104, 121, 89, 169, 119, 122, 100, 103, 89, 169, 105, 101, 108, 118, 89, 169, 105, 102, 101, 119, 89, 169, 105, 101, 108, 118, 89, 169, 105, 102, 102, 104, 89, 169, 107, 101, 108, 118, 89, 169, 104, 121, 101, 104, 89, 169, 107, 105, 108, 109, 89, 169, 108, 118, 122, 119, 89, 169, 102, 100, 107, 101, 89, 169, 122, 107, 100, 103, 89, 169, 104, 117, 109, 109, 89, 169, 104, 102, 117, 120, 89, 169, 103, 118, 106, 100, 89, 169, 122, 119, 105, 105, 89, 169, 100, 104, 107, 105, 89, 169, 119, 100, 103, 103, 89, 169, 103, 107, 121, 118, 89, 169, 122, 122, 103, 103, 89, 169, 104, 105, 100, 103, 89, 169, 109, 107, 100, 119, 89, 169, 119, 122, 108, 118, 89, 169, 107, 105, 117, 121, 89, 169, 102, 118, 122, 120, 89, 169, 104, 122, 122, 109, 89, 169, 121, 108, 105, 101, 89, 169, 122, 122, 109, 104, 89, 169, 122, 122, 122, 122, 89, 169, 119, 103, 103, 118, 89, 169, 107, 104, 106, 101, 89, 169, 121, 118, 100, 102, 89, 169, 108, 118, 120, 109, 89, 169, 100, 119, 104, 105, 89, 169, 105, 121, 109, 102, 89, 169, 122, 102, 100, 103, 89, 169, 121, 100, 120, 101, 89, 169, 119, 106, 100, 103, 89, 169, 119, 109, 103, 103, 89, 169, 118, 107, 100, 122, 89, 169, 105, 122, 100, 108, 89, 169, 121, 101, 119, 101, 89, 169, 100, 103, 100, 102, 89, 169, 100, 103, 119, 117, 89, 169, 108, 118, 119, 122, 89, 169, 100, 103, 100, 101, 89, 169, 108, 109, 119, 102, 89, 169, 122, 108, 104, 105, 89, 169, 108, 118, 106, 101, 89, 169, 122, 108, 104, 105, 89, 169, 105, 121, 105, 122, 89, 169, 119, 109, 105, 118, 89, 169, 105, 105, 119, 103, 89, 169, 121, 119, 108, 118, 89, 169, 121, 108, 105, 101, 89, 169, 122, 122, 104, 109, 89, 169, 122, 122, 122, 122, 89, 169, 106, 108, 105, 100, 89, 169, 106, 100, 121, 108, 89, 169, 100, 104, 118, 122, 89, 169, 106, 119, 121, 108, 89, 169, 122, 122, 122, 122, 89, 169, 103, 103, 122, 122, 89, 169, 105, 102, 120, 102, 89, 169, 122, 122, 105, 102, 89, 169, 100, 108, 107, 105, 89, 169, 120, 100, 122, 122, 89, 169, 104, 105, 108, 109, 89, 169, 108, 118, 122, 119, 89, 169, 122, 119, 104, 105, 89, 169, 119, 103, 119, 109, 89, 169, 108, 118, 105, 105, 89, 169, 108, 103, 121, 119, 89, 169, 100, 119, 121, 119, 89, 169, 104, 105, 108, 120, 89, 169, 105, 100, 122, 104, 89, 169, 104, 105, 119, 106, 89, 169, 107, 105, 122, 104, 89, 169, 104, 105, 119, 106, 89, 169, 107, 102, 122, 105, 89, 169, 104, 105, 119, 106, 89, 169, 106, 119, 122, 106, 89, 169, 104, 105, 119, 106, 89, 169, 106, 120, 122, 107, 89, 169, 104, 105, 119, 106, 89, 169, 106, 122, 122, 108, 89, 169, 104, 105, 119, 106, 89, 169, 106, 121, 122, 109, 89, 169, 104, 105, 119, 106, 89, 169, 102, 121, 122, 117, 89, 169, 104, 105, 119, 106, 89, 169, 106, 104, 122, 118, 89, 169, 104, 105, 119, 106, 89, 169, 106, 119, 122, 119, 89, 169, 104, 105, 119, 106, 89, 169, 106, 119, 122, 120, 89, 169, 104, 105, 119, 106, 89, 169, 100, 100, 122, 121, 89, 169, 117, 100, 121, 108, 89, 169, 122, 122, 122, 122, 89, 169, 105, 100, 122, 122, 89, 169, 105, 120, 106, 108, 89, 169, 101, 101, 108, 117, 89, 169, 121, 108, 101, 106, 89, 169, 122, 122, 101, 105, 89, 169, 122, 122, 122, 122, 89, 169, 119, 104, 108, 103, 89, 169, 108, 105, 100, 119, 89, 169, 107, 104, 119, 100, 89, 169, 106, 117, 101, 105, 89, 169, 106, 117, 100, 100, 89, 169, 122, 122, 100, 100, 89, 169, 100, 119, 107, 105, 89, 169, 107, 105, 122, 122, 89, 169, 106, 117, 100, 108, 89, 169, 122, 122, 100, 100, 89, 169, 108, 105, 120, 100, 89, 169, 107, 105, 119, 100, 89, 169, 104, 100, 100, 103, 89, 169, 119, 103, 119, 109, 89, 169, 119, 100, 103, 103, 89, 169, 119, 103, 119, 109, 89, 169, 103, 103, 105, 107, 89, 169, 108, 118, 119, 100, 89, 169, 102, 104, 104, 119, 89, 169, 108, 118, 100, 119, 89, 169, 102, 104, 107, 119, 89, 169, 122, 119, 100, 108, 89, 169, 117, 117, 122, 103, 89, 169, 119, 103, 105, 122, 89, 169, 104, 119, 108, 118, 89, 169, 100, 104, 102, 104, 89, 169, 103, 109, 108, 100, 89, 169, 108, 118, 100, 100, 89, 169, 107, 104, 119, 101, 89, 169, 104, 100, 100, 106, 89, 169, 103, 108, 108, 100, 89, 169, 107, 105, 100, 100, 89, 169, 102, 118, 122, 117, 89, 169, 119, 103, 119, 101, 89, 169, 108, 118, 105, 105, 89, 169, 108, 103, 121, 119, 89, 169, 106, 104, 121, 119, 89, 169, 108, 120, 105, 103, 89, 169, 122, 100, 104, 105, 89, 169, 103, 103, 105, 107, 89, 169, 105, 100, 120, 118, 89, 169, 104, 105, 119, 106, 89, 169, 106, 118, 122, 100, 89, 169, 104, 105, 119, 106, 89, 169, 106, 105, 122, 101, 89, 169, 104, 105, 119, 106, 89, 169, 107, 102, 122, 102, 89, 169, 104, 105, 119, 106, 89, 169, 106, 121, 122, 103, 89, 169, 104, 105, 119, 106, 89, 169, 106, 105, 122, 104, 89, 169, 104, 105, 119, 106, 89, 169, 106, 119, 122, 105, 89, 169, 104, 105, 119, 106, 89, 169, 103, 103, 122, 106, 89, 169, 104, 105, 119, 106, 89, 169, 103, 102, 122, 107, 89, 169, 104, 105, 119, 106, 89, 169, 102, 121, 122, 108, 89, 169, 104, 105, 119, 106, 89, 169, 106, 104, 122, 109, 89, 169, 104, 105, 119, 106, 89, 169, 106, 119, 122, 117, 89, 169, 104, 105, 119, 106, 89, 169, 106, 119, 122, 118, 89, 169, 105, 120, 108, 108, 89, 169, 121, 108, 122, 119, 89, 169, 122, 122, 100, 118, 89, 169, 122, 122, 122, 122, 89, 169, 106, 108, 105, 100, 89, 169, 104, 103, 106, 108, 89, 169, 108, 121, 122, 109, 89, 169, 108, 100, 121, 108, 89, 169, 122, 122, 122, 121, 89, 169, 108, 118, 122, 122, 89, 169, 108, 120, 122, 108, 89, 169, 109, 119, 104, 105, 89, 169, 104, 104, 106, 117, 89, 169, 121, 108, 105, 100, 89, 169, 122, 122, 107, 121, 89, 169, 122, 122, 122, 122, 89, 169, 104, 105, 108, 120, 89, 169, 106, 117, 121, 100, 89, 169, 105, 100, 101, 100, 89, 169, 107, 103, 121, 108, 89, 169, 122, 122, 122, 122, 89, 169, 108, 103, 122, 122, 89, 169, 101, 119, 119, 104, 89, 169, 104, 105, 108, 120, 89, 169, 105, 100, 121, 100, 89, 169, 104, 105, 108, 120, 89, 169, 105, 100, 109, 119, 89, 169, 105, 103, 105, 103, 89, 169, 105, 103, 105, 103, 89, 169, 105, 103, 105, 103, 89, 169, 107, 105, 122, 122, 89, 169, 119, 107, 100, 108, 89, 169, 109, 119, 104, 105, 89, 169, 100, 100, 104, 104, 89, 169, 100, 100, 100, 100, 89, 169, 122, 122, 105, 103, 89, 169, 105, 122, 120, 107, 89, 169, 118, 106, 100, 122, 89, 169, 105, 118, 119, 100, 89, 169, 119, 103, 119, 109, 89, 169, 108, 118, 105, 105, 89, 169, 105, 101, 121, 119, 89, 169, 105, 103, 105, 101, 89, 169, 105, 107, 105, 106, 89, 169, 104, 102, 106, 117, 89, 169, 107, 102, 121, 108, 89, 169, 100, 100, 100, 100, 89, 169, 108, 118, 100, 100, 89, 169, 103, 103, 120, 108, 89, 169, 108, 105, 122, 106, 89, 169, 105, 109, 120, 118, 89, 169, 104, 105, 119, 107, 89, 169, 106, 101, 122, 108, 89, 169, 106, 105, 102, 121, 89, 169, 119, 107, 107, 108, 89, 169, 122, 119, 104, 105, 89, 169, 100, 100, 106, 105, 89, 169, 100, 100, 100, 100, 89, 169, 105, 106, 107, 121, 89, 169, 104, 105, 108, 120, 89, 169, 105, 100, 122, 108, 89, 169, 121, 108, 105, 106, 89, 169, 100, 100, 105, 101, 89, 169, 100, 100, 100, 100, 89, 169, 105, 100, 105, 109, 89, 169, 118, 101, 121, 108, 89, 169, 122, 122, 122, 121, 89, 169, 108, 105, 122, 122, 89, 169, 105, 109, 119, 100, 89, 169, 107, 104, 105, 109, 89, 169, 108, 120, 103, 109, 89, 169, 100, 101, 104, 106, 89, 169, 121, 108, 105, 100, 89, 169, 100, 100, 103, 118, 89, 169, 100, 100, 100, 100, 89, 169, 122, 108, 108, 118, 89, 169, 104, 105, 108, 120, 89, 169, 105, 100, 122, 108, 89, 169, 102, 101, 121, 108, 89, 169, 122, 122, 122, 122, 89, 169, 108, 105, 122, 122, 89, 169, 105, 109, 119, 100, 89, 169, 107, 104, 105, 109, 89, 169, 105, 107, 100, 119, 89, 169, 100, 101, 121, 108, 89, 169, 122, 122, 122, 122, 89, 169, 105, 109, 122, 122, 89, 169, 104, 104, 119, 106, 89, 169, 122, 122, 103, 108, 89, 169, 105, 100, 107, 103, 89, 169, 104, 105, 108, 120, 89, 169, 122, 121, 122, 108, 89, 169, 105, 108, 100, 100, 89, 169, 104, 105, 108, 120, 89, 169, 105, 100, 122, 108, 89, 169, 121, 108, 105, 107, 89, 169, 122, 121, 107, 104, 89, 169, 122, 122, 122, 122, 89, 169, 105, 109, 105, 109, 89, 169, 104, 106, 104, 106, 89, 169, 122, 103, 103, 118, 89, 169, 117, 117, 107, 119, 89, 169, 105, 121, 105, 122, 89, 169, 119, 109, 105, 118, 89, 169, 105, 105, 119, 103, 89, 169, 121, 119, 108, 118, 89, 169, 105, 103, 105, 101, 89, 169, 106, 100, 106, 106, 89, 169, 103, 102, 118, 101, 89, 169, 100, 100, 121, 108, 89, 169, 100, 100, 100, 100, 89, 169, 105, 108, 100, 100, 89, 169, 100, 108, 103, 108, 89, 169, 100, 103, 107, 104, 89, 169, 121, 118, 104, 100, 89, 169, 104, 100, 122, 109, 89, 169, 105, 120, 108, 118, 89, 169, 108, 100, 100, 108, 89, 169, 104, 102, 122, 118, 89, 169, 100, 108, 107, 105, 89, 169, 120, 118, 103, 103, 89, 169, 101, 108, 108, 117, 89, 169, 119, 103, 108, 118, 89, 169, 101, 107, 121, 118, 89, 169, 101, 108, 103, 108, 89, 169, 101, 101, 107, 106, 89, 169, 103, 103, 104, 100, 89, 169, 108, 104, 119, 109, 89, 169, 107, 104, 120, 118, 89, 169, 104, 100, 100, 119, 89, 169, 100, 108, 103, 108, 89, 169, 122, 118, 107, 105, 89, 169, 122, 121, 104, 100, 89, 169, 121, 118, 119, 118, 89, 169, 103, 103, 122, 102, 89, 169, 108, 109, 119, 100, 89, 169, 122, 119, 104, 105, 89, 169, 104, 105, 108, 118, 89, 169, 105, 118, 122, 119, 89, 169, 119, 103, 119, 109, 89, 169, 100, 102, 103, 102, 89, 169, 107, 104, 106, 108, 89, 169, 107, 100, 107, 104, 89, 169, 102, 122, 103, 117, 89, 169, 106, 106, 102, 122, 89, 169, 106, 119, 106, 101, 89, 169, 106, 118, 106, 122, 89, 169, 107, 100, 106, 120, 89, 169, 106, 103, 102, 121, 89, 169, 102, 122, 106, 121, 89, 169, 103, 101, 106, 101, 89, 169, 102, 122, 103, 102, 89, 169, 106, 108, 106, 105, 89, 169, 107, 105, 106, 119, 89, 169, 107, 107, 107, 106, 89, 169, 102, 121, 103, 102, 89, 169, 107, 108, 106, 105, 89, 169, 100, 100, 106, 105, 89, 169, 107, 104, 106, 108, 89, 169, 107, 100, 107, 104, 89, 169, 102, 122, 103, 117, 89, 169, 106, 106, 102, 122, 89, 169, 106, 119, 106, 101, 89, 169, 106, 118, 106, 122, 89, 169, 107, 100, 106, 120, 89, 169, 106, 103, 102, 121, 89, 169, 102, 122, 106, 121, 89, 169, 103, 101, 106, 101, 89, 169, 102, 122, 103, 102, 89, 169, 106, 119, 106, 103, 89, 169, 106, 103, 106, 109, 89, 169, 102, 121, 106, 118, 89, 169, 106, 108, 107, 100, 89, 169, 103, 122, 107, 100, 89, 169, 103, 120, 107, 102, 89, 169, 100, 100, 100, 100, 86, 93, 111, 65, 62, 61, 61, 170, 149, 166, 84, 162, 163, 164, 84, 113, 84, 169, 162, 153, 167, 151, 149, 164, 153, 92, 86, 89, 169, 100, 117, 100, 117, 89, 169, 100, 117, 100, 117, 89, 169, 100, 117, 100, 117, 89, 169, 100, 117, 100, 117, 86, 93, 65, 62, 61, 61, 170, 149, 166, 84, 156, 153, 149, 164, 150, 160, 163, 151, 159, 84, 113, 84, 162, 163, 164, 84, 95, 84, 164, 149, 173, 160, 163, 149, 152, 111, 65, 62, 61, 61, 170, 149, 166, 84, 150, 157, 155, 150, 160, 163, 151, 159, 84, 113, 84, 169, 162, 153, 167, 151, 149, 164, 153, 92, 86, 89, 169, 100, 117, 100, 117, 89, 169, 100, 117, 100, 117, 86, 93, 111, 65, 62, 61, 61, 170, 149, 166, 84, 156, 153, 149, 152, 153, 166, 167, 157, 174, 153, 84, 113, 84, 102, 100, 111, 65, 62, 61, 61, 170, 149, 166, 84, 167, 164, 166, 149, 173, 84, 113, 84, 156, 153, 149, 152, 153, 166, 167, 157, 174, 153, 84, 95, 84, 156, 153, 149, 164, 150, 160, 163, 151, 159, 98, 160, 153, 162, 155, 168, 156, 111, 65, 62, 61, 61, 171, 156, 157, 160, 153, 84, 92, 150, 157, 155, 150, 160, 163, 151, 159, 98, 160, 153, 162, 155, 168, 156, 84, 112, 84, 167, 164, 166, 149, 173, 93, 175, 65, 62, 61, 61, 61, 150, 157, 155, 150, 160, 163, 151, 159, 84, 95, 113, 84, 150, 157, 155, 150, 160, 163, 151, 159, 111, 65, 62, 61, 61, 177, 65, 62, 61, 61, 170, 149, 166, 84, 154, 157, 160, 160, 150, 160, 163, 151, 159, 84, 113, 84, 150, 157, 155, 150, 160, 163, 151, 159, 98, 167, 169, 150, 167, 168, 166, 157, 162, 155, 92, 100, 96, 84, 167, 164, 166, 149, 173, 93, 111, 65, 62, 61, 61, 170, 149, 166, 84, 150, 160, 163, 151, 159, 84, 113, 84, 150, 157, 155, 150, 160, 163, 151, 159, 98, 167, 169, 150, 167, 168, 166, 157, 162, 155, 92, 100, 96, 84, 150, 157, 155, 150, 160, 163, 151, 159, 98, 160, 153, 162, 155, 168, 156, 97, 167, 164, 166, 149, 173, 93, 111, 65, 62, 61, 61, 171, 156, 157, 160, 153, 84, 92, 150, 160, 163, 151, 159, 98, 160, 153, 162, 155, 168, 156, 95, 167, 164, 166, 149, 173, 84, 112, 84, 100, 172, 104, 100, 100, 100, 100, 93, 175, 65, 62, 61, 61, 61, 150, 160, 163, 151, 159, 84, 113, 84, 150, 160, 163, 151, 159, 84, 95, 84, 150, 160, 163, 151, 159, 84, 95, 84, 154, 157, 160, 160, 150, 160, 163, 151, 159, 111, 65, 62, 61, 61, 177, 65, 62, 61, 61, 170, 149, 166, 84, 161, 153, 161, 147, 149, 166, 166, 149, 173, 84, 113, 84, 162, 153, 171, 84, 117, 166, 166, 149, 173, 92, 93, 111, 65, 62, 61, 61, 154, 163, 166, 84, 92, 170, 149, 166, 84, 157, 84, 113, 84, 100, 111, 84, 157, 84, 112, 84, 101, 104, 100, 100, 111, 84, 157, 95, 95, 93, 175, 65, 62, 61, 61, 61, 161, 153, 161, 147, 149, 166, 166, 149, 173, 143, 157, 145, 84, 113, 84, 150, 160, 163, 151, 159, 84, 95, 84, 156, 153, 149, 164, 150, 160, 163, 151, 159, 111, 65, 62, 61, 61, 177, 65, 62, 61, 61, 170, 149, 166, 84, 162, 169, 161, 84, 113, 84, 101, 102, 109, 109, 109, 109, 109, 109, 109, 109, 109, 109, 109, 109, 109, 109, 109, 109, 109, 109, 108, 108, 108, 108, 108, 108, 108, 108, 108, 108, 108, 108, 108, 108, 108, 108, 108, 108, 108, 108, 108, 108, 108, 108, 108, 108, 108, 108, 108, 108, 108, 108, 108, 108, 108, 108, 108, 108, 108, 108, 108, 108, 108, 108, 108, 108, 108, 108, 108, 108, 108, 108, 108, 108, 108, 108, 108, 108, 108, 108, 108, 108, 108, 108, 108, 108, 108, 108, 108, 108, 108, 108, 108, 108, 108, 108, 108, 108, 108, 108, 108, 108, 108, 108, 108, 108, 108, 108, 108, 108, 108, 108, 108, 108, 108, 108, 108, 108, 108, 108, 108, 108, 108, 108, 108, 108, 108, 108, 108, 108, 108, 108, 108, 108, 108, 108, 108, 108, 108, 108, 108, 108, 108, 108, 108, 108, 108, 108, 108, 108, 108, 108, 108, 108, 108, 108, 108, 108, 108, 108, 108, 108, 108, 108, 108, 108, 108, 108, 108, 108, 108, 108, 108, 108, 108, 108, 108, 108, 108, 108, 108, 108, 108, 108, 108, 108, 108, 108, 108, 108, 108, 108, 108, 108, 108, 108, 108, 108, 108, 108, 108, 108, 108, 108, 108, 108, 108, 108, 108, 108, 108, 108, 108, 108, 108, 108, 108, 108, 108, 108, 108, 108, 108, 108, 108, 108, 108, 108, 108, 108, 108, 108, 108, 108, 108, 108, 108, 108, 108, 108, 108, 108, 108, 108, 108, 108, 108, 108, 108, 108, 108, 108, 108, 108, 108, 108, 108, 108, 108, 108, 108, 108, 108, 108, 108, 108, 108, 108, 108, 108, 108, 108, 108, 108, 108, 108, 108, 108, 108, 108, 108, 108, 108, 108, 108, 108, 108, 108, 108, 108, 108, 108, 108, 108, 108, 108, 111, 65, 62, 61, 61, 169, 168, 157, 160, 98, 164, 166, 157, 162, 168, 154, 92, 86, 89, 104, 105, 100, 100, 100, 154, 86, 96, 84, 162, 169, 161, 93, 111, 65, 62, 61, 177, 65, 62, 65, 62, 61, 154, 169, 162, 151, 168, 157, 163, 162, 84, 151, 163, 160, 160, 149, 150, 147, 153, 161, 149, 157, 160, 92, 93, 175, 65, 62, 61, 61, 170, 149, 166, 84, 167, 156, 153, 160, 160, 151, 163, 152, 153, 84, 113, 84, 169, 162, 153, 167, 151, 149, 164, 153, 92, 86, 89, 169, 121, 118, 121, 109, 89, 169, 100, 100, 100, 101, 89, 169, 105, 106, 100, 100, 89, 169, 117, 101, 106, 104, 89, 169, 100, 100, 103, 100, 89, 169, 100, 100, 100, 100, 89, 169, 104, 100, 108, 118, 89, 169, 108, 118, 100, 119, 89, 169, 101, 119, 107, 100, 89, 169, 108, 118, 117, 120, 89, 169, 100, 108, 104, 100, 89, 169, 119, 103, 105, 121, 89, 169, 108, 118, 105, 105, 89, 169, 108, 118, 121, 119, 89, 169, 100, 108, 104, 105, 89, 169, 103, 103, 105, 102, 89, 169, 119, 101, 120, 102, 89, 169, 100, 103, 119, 102, 89, 169, 101, 100, 103, 102, 89, 169, 108, 100, 104, 100, 89, 169, 100, 100, 103, 108, 89, 169, 122, 105, 107, 105, 89, 169, 119, 102, 108, 118, 89, 169, 105, 120, 105, 117, 89, 169, 100, 104, 119, 102, 89, 169, 105, 105, 100, 100, 89, 169, 121, 119, 108, 118, 89, 169, 105, 101, 105, 101, 89, 169, 105, 106, 105, 103, 89, 169, 106, 100, 105, 107, 89, 169, 105, 120, 108, 118, 89, 169, 103, 103, 100, 108, 89, 169, 108, 118, 119, 100, 89, 169, 100, 119, 107, 105, 89, 169, 122, 121, 108, 118, 89, 169, 107, 106, 100, 103, 89, 169, 108, 118, 103, 119, 89, 169, 107, 108, 104, 121, 89, 169, 119, 122, 100, 103, 89, 169, 105, 101, 108, 118, 89, 169, 105, 102, 101, 119, 89, 169, 105, 101, 108, 118, 89, 169, 105, 102, 102, 104, 89, 169, 107, 101, 108, 118, 89, 169, 104, 121, 101, 104, 89, 169, 107, 105, 108, 109, 89, 169, 108, 118, 122, 119, 89, 169, 102, 100, 107, 101, 89, 169, 122, 107, 100, 103, 89, 169, 104, 117, 109, 109, 89, 169, 104, 102, 117, 120, 89, 169, 103, 118, 106, 100, 89, 169, 122, 119, 105, 105, 89, 169, 100, 104, 107, 105, 89, 169, 119, 100, 103, 103, 89, 169, 103, 107, 121, 118, 89, 169, 122, 122, 103, 103, 89, 169, 104, 105, 100, 103, 89, 169, 109, 107, 100, 119, 89, 169, 119, 122, 108, 118, 89, 169, 107, 105, 117, 121, 89, 169, 102, 118, 122, 120, 89, 169, 104, 122, 122, 109, 89, 169, 121, 108, 105, 101, 89, 169, 122, 122, 109, 104, 89, 169, 122, 122, 122, 122, 89, 169, 119, 103, 103, 118, 89, 169, 107, 104, 106, 101, 89, 169, 121, 118, 100, 102, 89, 169, 108, 118, 120, 109, 89, 169, 100, 119, 104, 105, 89, 169, 105, 121, 109, 102, 89, 169, 122, 102, 100, 103, 89, 169, 121, 100, 120, 101, 89, 169, 119, 106, 100, 103, 89, 169, 119, 109, 103, 103, 89, 169, 118, 107, 100, 122, 89, 169, 105, 122, 100, 108, 89, 169, 121, 101, 119, 101, 89, 169, 100, 103, 100, 102, 89, 169, 100, 103, 119, 117, 89, 169, 108, 118, 119, 122, 89, 169, 100, 103, 100, 101, 89, 169, 108, 109, 119, 102, 89, 169, 122, 108, 104, 105, 89, 169, 108, 118, 106, 101, 89, 169, 122, 108, 104, 105, 89, 169, 105, 121, 105, 122, 89, 169, 119, 109, 105, 118, 89, 169, 105, 105, 119, 103, 89, 169, 121, 119, 108, 118, 89, 169, 121, 108, 105, 101, 89, 169, 122, 122, 104, 109, 89, 169, 122, 122, 122, 122, 89, 169, 106, 108, 105, 100, 89, 169, 106, 100, 121, 108, 89, 169, 100, 104, 118, 122, 89, 169, 106, 119, 121, 108, 89, 169, 122, 122, 122, 122, 89, 169, 103, 103, 122, 122, 89, 169, 105, 102, 120, 102, 89, 169, 122, 122, 105, 102, 89, 169, 100, 108, 107, 105, 89, 169, 120, 100, 122, 122, 89, 169, 104, 105, 108, 109, 89, 169, 108, 118, 122, 119, 89, 169, 122, 119, 104, 105, 89, 169, 119, 103, 119, 109, 89, 169, 108, 118, 105, 105, 89, 169, 108, 103, 121, 119, 89, 169, 100, 119, 121, 119, 89, 169, 104, 105, 108, 120, 89, 169, 105, 100, 122, 104, 89, 169, 104, 105, 119, 106, 89, 169, 107, 105, 122, 104, 89, 169, 104, 105, 119, 106, 89, 169, 107, 102, 122, 105, 89, 169, 104, 105, 119, 106, 89, 169, 106, 119, 122, 106, 89, 169, 104, 105, 119, 106, 89, 169, 106, 120, 122, 107, 89, 169, 104, 105, 119, 106, 89, 169, 106, 122, 122, 108, 89, 169, 104, 105, 119, 106, 89, 169, 106, 121, 122, 109, 89, 169, 104, 105, 119, 106, 89, 169, 102, 121, 122, 117, 89, 169, 104, 105, 119, 106, 89, 169, 106, 104, 122, 118, 89, 169, 104, 105, 119, 106, 89, 169, 106, 119, 122, 119, 89, 169, 104, 105, 119, 106, 89, 169, 106, 119, 122, 120, 89, 169, 104, 105, 119, 106, 89, 169, 100, 100, 122, 121, 89, 169, 117, 100, 121, 108, 89, 169, 122, 122, 122, 122, 89, 169, 105, 100, 122, 122, 89, 169, 105, 120, 106, 108, 89, 169, 101, 101, 108, 117, 89, 169, 121, 108, 101, 106, 89, 169, 122, 122, 101, 105, 89, 169, 122, 122, 122, 122, 89, 169, 119, 104, 108, 103, 89, 169, 108, 105, 100, 119, 89, 169, 107, 104, 119, 100, 89, 169, 106, 117, 101, 105, 89, 169, 106, 117, 100, 100, 89, 169, 122, 122, 100, 100, 89, 169, 100, 119, 107, 105, 89, 169, 107, 105, 122, 122, 89, 169, 106, 117, 100, 108, 89, 169, 122, 122, 100, 100, 89, 169, 108, 105, 120, 100, 89, 169, 107, 105, 119, 100, 89, 169, 104, 100, 100, 103, 89, 169, 119, 103, 119, 109, 89, 169, 119, 100, 103, 103, 89, 169, 119, 103, 119, 109, 89, 169, 103, 103, 105, 107, 89, 169, 108, 118, 119, 100, 89, 169, 102, 104, 104, 119, 89, 169, 108, 118, 100, 119, 89, 169, 102, 104, 107, 119, 89, 169, 122, 119, 100, 108, 89, 169, 117, 117, 122, 103, 89, 169, 119, 103, 105, 122, 89, 169, 104, 119, 108, 118, 89, 169, 100, 104, 102, 104, 89, 169, 103, 109, 108, 100, 89, 169, 108, 118, 100, 100, 89, 169, 107, 104, 119, 101, 89, 169, 104, 100, 100, 106, 89, 169, 103, 108, 108, 100, 89, 169, 107, 105, 100, 100, 89, 169, 102, 118, 122, 117, 89, 169, 119, 103, 119, 101, 89, 169, 108, 118, 105, 105, 89, 169, 108, 103, 121, 119, 89, 169, 106, 104, 121, 119, 89, 169, 108, 120, 105, 103, 89, 169, 122, 100, 104, 105, 89, 169, 103, 103, 105, 107, 89, 169, 105, 100, 120, 118, 89, 169, 104, 105, 119, 106, 89, 169, 106, 118, 122, 100, 89, 169, 104, 105, 119, 106, 89, 169, 106, 105, 122, 101, 89, 169, 104, 105, 119, 106, 89, 169, 107, 102, 122, 102, 89, 169, 104, 105, 119, 106, 89, 169, 106, 121, 122, 103, 89, 169, 104, 105, 119, 106, 89, 169, 106, 105, 122, 104, 89, 169, 104, 105, 119, 106, 89, 169, 106, 119, 122, 105, 89, 169, 104, 105, 119, 106, 89, 169, 103, 103, 122, 106, 89, 169, 104, 105, 119, 106, 89, 169, 103, 102, 122, 107, 89, 169, 104, 105, 119, 106, 89, 169, 102, 121, 122, 108, 89, 169, 104, 105, 119, 106, 89, 169, 106, 104, 122, 109, 89, 169, 104, 105, 119, 106, 89, 169, 106, 119, 122, 117, 89, 169, 104, 105, 119, 106, 89, 169, 106, 119, 122, 118, 89, 169, 105, 120, 108, 108, 89, 169, 121, 108, 122, 119, 89, 169, 122, 122, 100, 118, 89, 169, 122, 122, 122, 122, 89, 169, 106, 108, 105, 100, 89, 169, 104, 103, 106, 108, 89, 169, 108, 121, 122, 109, 89, 169, 108, 100, 121, 108, 89, 169, 122, 122, 122, 121, 89, 169, 108, 118, 122, 122, 89, 169, 108, 120, 122, 108, 89, 169, 109, 119, 104, 105, 89, 169, 104, 104, 106, 117, 89, 169, 121, 108, 105, 100, 89, 169, 122, 122, 107, 121, 89, 169, 122, 122, 122, 122, 89, 169, 104, 105, 108, 120, 89, 169, 106, 117, 121, 100, 89, 169, 105, 100, 101, 100, 89, 169, 107, 103, 121, 108, 89, 169, 122, 122, 122, 122, 89, 169, 108, 103, 122, 122, 89, 169, 101, 119, 119, 104, 89, 169, 104, 105, 108, 120, 89, 169, 105, 100, 121, 100, 89, 169, 104, 105, 108, 120, 89, 169, 105, 100, 109, 119, 89, 169, 105, 103, 105, 103, 89, 169, 105, 103, 105, 103, 89, 169, 105, 103, 105, 103, 89, 169, 107, 105, 122, 122, 89, 169, 119, 107, 100, 108, 89, 169, 109, 119, 104, 105, 89, 169, 100, 100, 104, 104, 89, 169, 100, 100, 100, 100, 89, 169, 122, 122, 105, 103, 89, 169, 105, 122, 120, 107, 89, 169, 118, 106, 100, 122, 89, 169, 105, 118, 119, 100, 89, 169, 119, 103, 119, 109, 89, 169, 108, 118, 105, 105, 89, 169, 105, 101, 121, 119, 89, 169, 105, 103, 105, 101, 89, 169, 105, 107, 105, 106, 89, 169, 104, 102, 106, 117, 89, 169, 107, 102, 121, 108, 89, 169, 100, 100, 100, 100, 89, 169, 108, 118, 100, 100, 89, 169, 103, 103, 120, 108, 89, 169, 108, 105, 122, 106, 89, 169, 105, 109, 120, 118, 89, 169, 104, 105, 119, 107, 89, 169, 106, 101, 122, 108, 89, 169, 106, 105, 102, 121, 89, 169, 119, 107, 107, 108, 89, 169, 122, 119, 104, 105, 89, 169, 100, 100, 106, 105, 89, 169, 100, 100, 100, 100, 89, 169, 105, 106, 107, 121, 89, 169, 104, 105, 108, 120, 89, 169, 105, 100, 122, 108, 89, 169, 121, 108, 105, 106, 89, 169, 100, 100, 105, 101, 89, 169, 100, 100, 100, 100, 89, 169, 105, 100, 105, 109, 89, 169, 118, 101, 121, 108, 89, 169, 122, 122, 122, 121, 89, 169, 108, 105, 122, 122, 89, 169, 105, 109, 119, 100, 89, 169, 107, 104, 105, 109, 89, 169, 108, 120, 103, 109, 89, 169, 100, 101, 104, 106, 89, 169, 121, 108, 105, 100, 89, 169, 100, 100, 103, 118, 89, 169, 100, 100, 100, 100, 89, 169, 122, 108, 108, 118, 89, 169, 104, 105, 108, 120, 89, 169, 105, 100, 122, 108, 89, 169, 102, 101, 121, 108, 89, 169, 122, 122, 122, 122, 89, 169, 108, 105, 122, 122, 89, 169, 105, 109, 119, 100, 89, 169, 107, 104, 105, 109, 89, 169, 105, 107, 100, 119, 89, 169, 100, 101, 121, 108, 89, 169, 122, 122, 122, 122, 89, 169, 105, 109, 122, 122, 89, 169, 104, 104, 119, 106, 89, 169, 122, 122, 103, 108, 89, 169, 105, 100, 107, 103, 89, 169, 104, 105, 108, 120, 89, 169, 122, 121, 122, 108, 89, 169, 105, 108, 100, 100, 89, 169, 104, 105, 108, 120, 89, 169, 105, 100, 122, 108, 89, 169, 121, 108, 105, 107, 89, 169, 122, 121, 107, 104, 89, 169, 122, 122, 122, 122, 89, 169, 105, 109, 105, 109, 89, 169, 104, 106, 104, 106, 89, 169, 122, 103, 103, 118, 89, 169, 117, 117, 107, 119, 89, 169, 105, 121, 105, 122, 89, 169, 119, 109, 105, 118, 89, 169, 105, 105, 119, 103, 89, 169, 121, 119, 108, 118, 89, 169, 105, 103, 105, 101, 89, 169, 106, 100, 106, 106, 89, 169, 103, 102, 118, 101, 89, 169, 100, 100, 121, 108, 89, 169, 100, 100, 100, 100, 89, 169, 105, 108, 100, 100, 89, 169, 100, 108, 103, 108, 89, 169, 100, 103, 107, 104, 89, 169, 121, 118, 104, 100, 89, 169, 104, 100, 122, 109, 89, 169, 105, 120, 108, 118, 89, 169, 108, 100, 100, 108, 89, 169, 104, 102, 122, 118, 89, 169, 100, 108, 107, 105, 89, 169, 120, 118, 103, 103, 89, 169, 101, 108, 108, 117, 89, 169, 119, 103, 108, 118, 89, 169, 101, 107, 121, 118, 89, 169, 101, 108, 103, 108, 89, 169, 101, 101, 107, 106, 89, 169, 103, 103, 104, 100, 89, 169, 108, 104, 119, 109, 89, 169, 107, 104, 120, 118, 89, 169, 104, 100, 100, 119, 89, 169, 100, 108, 103, 108, 89, 169, 122, 118, 107, 105, 89, 169, 122, 121, 104, 100, 89, 169, 121, 118, 119, 118, 89, 169, 103, 103, 122, 102, 89, 169, 108, 109, 119, 100, 89, 169, 122, 119, 104, 105, 89, 169, 104, 105, 108, 118, 89, 169, 105, 118, 122, 119, 89, 169, 119, 103, 119, 109, 89, 169, 100, 102, 103, 102, 89, 169, 107, 104, 106, 108, 89, 169, 107, 100, 107, 104, 89, 169, 102, 122, 103, 117, 89, 169, 106, 106, 102, 122, 89, 169, 106, 119, 106, 101, 89, 169, 106, 118, 106, 122, 89, 169, 107, 100, 106, 120, 89, 169, 106, 103, 102, 121, 89, 169, 102, 122, 106, 121, 89, 169, 103, 101, 106, 101, 89, 169, 102, 122, 103, 102, 89, 169, 107, 106, 107, 117, 89, 169, 106, 109, 106, 101, 89, 169, 102, 121, 103, 102, 89, 169, 107, 108, 106, 105, 89, 169, 100, 100, 106, 105, 89, 169, 107, 104, 106, 108, 89, 169, 107, 100, 107, 104, 89, 169, 102, 122, 103, 117, 89, 169, 106, 106, 102, 122, 89, 169, 106, 119, 106, 101, 89, 169, 106, 118, 106, 122, 89, 169, 107, 100, 106, 120, 89, 169, 106, 103, 102, 121, 89, 169, 102, 122, 106, 121, 89, 169, 103, 101, 106, 101, 89, 169, 102, 122, 103, 102, 89, 169, 106, 119, 106, 103, 89, 169, 106, 103, 106, 109, 89, 169, 102, 121, 106, 118, 89, 169, 106, 108, 107, 100, 89, 169, 103, 122, 107, 100, 89, 169, 103, 120, 107, 102, 89, 169, 100, 100, 100, 100, 86, 93, 111, 65, 62, 61, 61, 170, 149, 166, 84, 161, 153, 161, 147, 149, 166, 166, 149, 173, 84, 113, 84, 162, 153, 171, 84, 117, 166, 166, 149, 173, 92, 93, 111, 65, 62, 61, 61, 170, 149, 166, 84, 151, 151, 84, 113, 84, 100, 172, 100, 151, 100, 151, 100, 151, 100, 151, 111, 65, 62, 61, 61, 170, 149, 166, 84, 149, 152, 152, 166, 84, 113, 84, 100, 172, 104, 100, 100, 100, 100, 100, 111, 65, 62, 61, 61, 170, 149, 166, 84, 167, 151, 147, 160, 153, 162, 84, 113, 84, 167, 156, 153, 160, 160, 151, 163, 152, 153, 98, 160, 153, 162, 155, 168, 156, 84, 94, 84, 102, 111, 65, 62, 61, 61, 170, 149, 166, 84, 160, 153, 162, 84, 113, 84, 149, 152, 152, 166, 84, 97, 84, 92, 167, 151, 147, 160, 153, 162, 95, 100, 172, 103, 108, 93, 111, 65, 62, 61, 61, 170, 149, 166, 84, 173, 149, 166, 167, 164, 84, 113, 84, 169, 162, 153, 167, 151, 149, 164, 153, 92, 86, 89, 169, 109, 100, 109, 100, 89, 169, 109, 100, 109, 100, 86, 93, 111, 65, 62, 61, 61, 173, 149, 166, 167, 164, 84, 113, 84, 154, 157, 172, 147, 157, 168, 92, 173, 149, 166, 167, 164, 96, 84, 160, 153, 162, 93, 111, 65, 62, 61, 61, 170, 149, 166, 84, 151, 163, 169, 162, 168, 102, 84, 113, 84, 92, 151, 151, 84, 97, 84, 100, 172, 104, 100, 100, 100, 100, 100, 93, 99, 149, 152, 152, 166, 111, 65, 62, 61, 61, 154, 163, 166, 84, 92, 170, 149, 166, 84, 151, 163, 169, 162, 168, 84, 113, 84, 100, 111, 84, 151, 163, 169, 162, 168, 84, 112, 84, 151, 163, 169, 162, 168, 102, 111, 84, 151, 163, 169, 162, 168, 95, 95, 93, 175, 65, 62, 61, 61, 61, 161, 153, 161, 147, 149, 166, 166, 149, 173, 143, 151, 163, 169, 162, 168, 145, 84, 113, 84, 173, 149, 166, 167, 164, 84, 95, 84, 167, 156, 153, 160, 160, 151, 163, 152, 153, 111, 65, 62, 61, 61, 177, 65, 62, 61, 61, 170, 149, 166, 84, 163, 170, 153, 166, 154, 160, 163, 171, 84, 113, 84, 169, 162, 153, 167, 151, 149, 164, 153, 92, 86, 89, 169, 100, 151, 100, 151, 89, 169, 100, 151, 100, 151, 86, 93, 111, 65, 62, 61, 61, 171, 156, 157, 160, 153, 84, 92, 163, 170, 153, 166, 154, 160, 163, 171, 98, 160, 153, 162, 155, 168, 156, 84, 112, 84, 104, 104, 109, 105, 102, 93, 175, 65, 62, 61, 61, 61, 163, 170, 153, 166, 154, 160, 163, 171, 84, 95, 113, 84, 163, 170, 153, 166, 154, 160, 163, 171, 111, 65, 62, 61, 61, 177, 65, 62, 61, 61, 168, 156, 157, 167, 98, 151, 163, 160, 160, 149, 150, 135, 168, 163, 166, 153, 84, 113, 84, 119, 163, 160, 160, 149, 150, 98, 151, 163, 160, 160, 153, 151, 168, 121, 161, 149, 157, 160, 125, 162, 154, 163, 92, 175, 167, 169, 150, 158, 110, 84, 86, 86, 96, 161, 167, 155, 110, 84, 163, 170, 153, 166, 154, 160, 163, 171, 177, 93, 111, 65, 62, 61, 177, 65, 62, 65, 62, 61, 154, 169, 162, 151, 168, 157, 163, 162, 84, 151, 163, 160, 160, 149, 150, 147, 155, 153, 168, 157, 151, 163, 162, 92, 93, 175, 65, 62, 61, 61, 157, 154, 84, 92, 149, 164, 164, 98, 152, 163, 151, 98, 119, 163, 160, 160, 149, 150, 98, 155, 153, 168, 125, 151, 163, 162, 93, 175, 65, 62, 61, 61, 61, 170, 149, 166, 84, 149, 166, 166, 173, 84, 113, 84, 162, 153, 171, 84, 117, 166, 166, 149, 173, 92, 93, 111, 65, 62, 61, 61, 61, 170, 149, 166, 84, 170, 170, 164, 153, 168, 156, 173, 149, 84, 113, 84, 169, 162, 153, 167, 151, 149, 164, 153, 92, 86, 89, 169, 121, 118, 121, 109, 89, 169, 100, 100, 100, 101, 89, 169, 105, 106, 100, 100, 89, 169, 117, 101, 106, 104, 89, 169, 100, 100, 103, 100, 89, 169, 100, 100, 100, 100, 89, 169, 104, 100, 108, 118, 89, 169, 108, 118, 100, 119, 89, 169, 101, 119, 107, 100, 89, 169, 108, 118, 117, 120, 89, 169, 100, 108, 104, 100, 89, 169, 119, 103, 105, 121, 89, 169, 108, 118, 105, 105, 89, 169, 108, 118, 121, 119, 89, 169, 100, 108, 104, 105, 89, 169, 103, 103, 105, 102, 89, 169, 119, 101, 120, 102, 89, 169, 100, 103, 119, 102, 89, 169, 101, 100, 103, 102, 89, 169, 108, 100, 104, 100, 89, 169, 100, 100, 103, 108, 89, 169, 122, 105, 107, 105, 89, 169, 119, 102, 108, 118, 89, 169, 105, 120, 105, 117, 89, 169, 100, 104, 119, 102, 89, 169, 105, 105, 100, 100, 89, 169, 121, 119, 108, 118, 89, 169, 105, 101, 105, 101, 89, 169, 105, 106, 105, 103, 89, 169, 106, 100, 105, 107, 89, 169, 105, 120, 108, 118, 89, 169, 103, 103, 100, 108, 89, 169, 108, 118, 119, 100, 89, 169, 100, 119, 107, 105, 89, 169, 122, 121, 108, 118, 89, 169, 107, 106, 100, 103, 89, 169, 108, 118, 103, 119, 89, 169, 107, 108, 104, 121, 89, 169, 119, 122, 100, 103, 89, 169, 105, 101, 108, 118, 89, 169, 105, 102, 101, 119, 89, 169, 105, 101, 108, 118, 89, 169, 105, 102, 102, 104, 89, 169, 107, 101, 108, 118, 89, 169, 104, 121, 101, 104, 89, 169, 107, 105, 108, 109, 89, 169, 108, 118, 122, 119, 89, 169, 102, 100, 107, 101, 89, 169, 122, 107, 100, 103, 89, 169, 104, 117, 109, 109, 89, 169, 104, 102, 117, 120, 89, 169, 103, 118, 106, 100, 89, 169, 122, 119, 105, 105, 89, 169, 100, 104, 107, 105, 89, 169, 119, 100, 103, 103, 89, 169, 103, 107, 121, 118, 89, 169, 122, 122, 103, 103, 89, 169, 104, 105, 100, 103, 89, 169, 109, 107, 100, 119, 89, 169, 119, 122, 108, 118, 89, 169, 107, 105, 117, 121, 89, 169, 102, 118, 122, 120, 89, 169, 104, 122, 122, 109, 89, 169, 121, 108, 105, 101, 89, 169, 122, 122, 109, 104, 89, 169, 122, 122, 122, 122, 89, 169, 119, 103, 103, 118, 89, 169, 107, 104, 106, 101, 89, 169, 121, 118, 100, 102, 89, 169, 108, 118, 120, 109, 89, 169, 100, 119, 104, 105, 89, 169, 105, 121, 109, 102, 89, 169, 122, 102, 100, 103, 89, 169, 121, 100, 120, 101, 89, 169, 119, 106, 100, 103, 89, 169, 119, 109, 103, 103, 89, 169, 118, 107, 100, 122, 89, 169, 105, 122, 100, 108, 89, 169, 121, 101, 119, 101, 89, 169, 100, 103, 100, 102, 89, 169, 100, 103, 119, 117, 89, 169, 108, 118, 119, 122, 89, 169, 100, 103, 100, 101, 89, 169, 108, 109, 119, 102, 89, 169, 122, 108, 104, 105, 89, 169, 108, 118, 106, 101, 89, 169, 122, 108, 104, 105, 89, 169, 105, 121, 105, 122, 89, 169, 119, 109, 105, 118, 89, 169, 105, 105, 119, 103, 89, 169, 121, 119, 108, 118, 89, 169, 121, 108, 105, 101, 89, 169, 122, 122, 104, 109, 89, 169, 122, 122, 122, 122, 89, 169, 106, 108, 105, 100, 89, 169, 106, 100, 121, 108, 89, 169, 100, 104, 118, 122, 89, 169, 106, 119, 121, 108, 89, 169, 122, 122, 122, 122, 89, 169, 103, 103, 122, 122, 89, 169, 105, 102, 120, 102, 89, 169, 122, 122, 105, 102, 89, 169, 100, 108, 107, 105, 89, 169, 120, 100, 122, 122, 89, 169, 104, 105, 108, 109, 89, 169, 108, 118, 122, 119, 89, 169, 122, 119, 104, 105, 89, 169, 119, 103, 119, 109, 89, 169, 108, 118, 105, 105, 89, 169, 108, 103, 121, 119, 89, 169, 100, 119, 121, 119, 89, 169, 104, 105, 108, 120, 89, 169, 105, 100, 122, 104, 89, 169, 104, 105, 119, 106, 89, 169, 107, 105, 122, 104, 89, 169, 104, 105, 119, 106, 89, 169, 107, 102, 122, 105, 89, 169, 104, 105, 119, 106, 89, 169, 106, 119, 122, 106, 89, 169, 104, 105, 119, 106, 89, 169, 106, 120, 122, 107, 89, 169, 104, 105, 119, 106, 89, 169, 106, 122, 122, 108, 89, 169, 104, 105, 119, 106, 89, 169, 106, 121, 122, 109, 89, 169, 104, 105, 119, 106, 89, 169, 102, 121, 122, 117, 89, 169, 104, 105, 119, 106, 89, 169, 106, 104, 122, 118, 89, 169, 104, 105, 119, 106, 89, 169, 106, 119, 122, 119, 89, 169, 104, 105, 119, 106, 89, 169, 106, 119, 122, 120, 89, 169, 104, 105, 119, 106, 89, 169, 100, 100, 122, 121, 89, 169, 117, 100, 121, 108, 89, 169, 122, 122, 122, 122, 89, 169, 105, 100, 122, 122, 89, 169, 105, 120, 106, 108, 89, 169, 101, 101, 108, 117, 89, 169, 121, 108, 101, 106, 89, 169, 122, 122, 101, 105, 89, 169, 122, 122, 122, 122, 89, 169, 119, 104, 108, 103, 89, 169, 108, 105, 100, 119, 89, 169, 107, 104, 119, 100, 89, 169, 106, 117, 101, 105, 89, 169, 106, 117, 100, 100, 89, 169, 122, 122, 100, 100, 89, 169, 100, 119, 107, 105, 89, 169, 107, 105, 122, 122, 89, 169, 106, 117, 100, 108, 89, 169, 122, 122, 100, 100, 89, 169, 108, 105, 120, 100, 89, 169, 107, 105, 119, 100, 89, 169, 104, 100, 100, 103, 89, 169, 119, 103, 119, 109, 89, 169, 119, 100, 103, 103, 89, 169, 119, 103, 119, 109, 89, 169, 103, 103, 105, 107, 89, 169, 108, 118, 119, 100, 89, 169, 102, 104, 104, 119, 89, 169, 108, 118, 100, 119, 89, 169, 102, 104, 107, 119, 89, 169, 122, 119, 100, 108, 89, 169, 117, 117, 122, 103, 89, 169, 119, 103, 105, 122, 89, 169, 104, 119, 108, 118, 89, 169, 100, 104, 102, 104, 89, 169, 103, 109, 108, 100, 89, 169, 108, 118, 100, 100, 89, 169, 107, 104, 119, 101, 89, 169, 104, 100, 100, 106, 89, 169, 103, 108, 108, 100, 89, 169, 107, 105, 100, 100, 89, 169, 102, 118, 122, 117, 89, 169, 119, 103, 119, 101, 89, 169, 108, 118, 105, 105, 89, 169, 108, 103, 121, 119, 89, 169, 106, 104, 121, 119, 89, 169, 108, 120, 105, 103, 89, 169, 122, 100, 104, 105, 89, 169, 103, 103, 105, 107, 89, 169, 105, 100, 120, 118, 89, 169, 104, 105, 119, 106, 89, 169, 106, 118, 122, 100, 89, 169, 104, 105, 119, 106, 89, 169, 106, 105, 122, 101, 89, 169, 104, 105, 119, 106, 89, 169, 107, 102, 122, 102, 89, 169, 104, 105, 119, 106, 89, 169, 106, 121, 122, 103, 89, 169, 104, 105, 119, 106, 89, 169, 106, 105, 122, 104, 89, 169, 104, 105, 119, 106, 89, 169, 106, 119, 122, 105, 89, 169, 104, 105, 119, 106, 89, 169, 103, 103, 122, 106, 89, 169, 104, 105, 119, 106, 89, 169, 103, 102, 122, 107, 89, 169, 104, 105, 119, 106, 89, 169, 102, 121, 122, 108, 89, 169, 104, 105, 119, 106, 89, 169, 106, 104, 122, 109, 89, 169, 104, 105, 119, 106, 89, 169, 106, 119, 122, 117, 89, 169, 104, 105, 119, 106, 89, 169, 106, 119, 122, 118, 89, 169, 105, 120, 108, 108, 89, 169, 121, 108, 122, 119, 89, 169, 122, 122, 100, 118, 89, 169, 122, 122, 122, 122, 89, 169, 106, 108, 105, 100, 89, 169, 104, 103, 106, 108, 89, 169, 108, 121, 122, 109, 89, 169, 108, 100, 121, 108, 89, 169, 122, 122, 122, 121, 89, 169, 108, 118, 122, 122, 89, 169, 108, 120, 122, 108, 89, 169, 109, 119, 104, 105, 89, 169, 104, 104, 106, 117, 89, 169, 121, 108, 105, 100, 89, 169, 122, 122, 107, 121, 89, 169, 122, 122, 122, 122, 89, 169, 104, 105, 108, 120, 89, 169, 106, 117, 121, 100, 89, 169, 105, 100, 101, 100, 89, 169, 107, 103, 121, 108, 89, 169, 122, 122, 122, 122, 89, 169, 108, 103, 122, 122, 89, 169, 101, 119, 119, 104, 89, 169, 104, 105, 108, 120, 89, 169, 105, 100, 121, 100, 89, 169, 104, 105, 108, 120, 89, 169, 105, 100, 109, 119, 89, 169, 105, 103, 105, 103, 89, 169, 105, 103, 105, 103, 89, 169, 105, 103, 105, 103, 89, 169, 107, 105, 122, 122, 89, 169, 119, 107, 100, 108, 89, 169, 109, 119, 104, 105, 89, 169, 100, 100, 104, 104, 89, 169, 100, 100, 100, 100, 89, 169, 122, 122, 105, 103, 89, 169, 105, 122, 120, 107, 89, 169, 118, 106, 100, 122, 89, 169, 105, 118, 119, 100, 89, 169, 119, 103, 119, 109, 89, 169, 108, 118, 105, 105, 89, 169, 105, 101, 121, 119, 89, 169, 105, 103, 105, 101, 89, 169, 105, 107, 105, 106, 89, 169, 104, 102, 106, 117, 89, 169, 107, 102, 121, 108, 89, 169, 100, 100, 100, 100, 89, 169, 108, 118, 100, 100, 89, 169, 103, 103, 120, 108, 89, 169, 108, 105, 122, 106, 89, 169, 105, 109, 120, 118, 89, 169, 104, 105, 119, 107, 89, 169, 106, 101, 122, 108, 89, 169, 106, 105, 102, 121, 89, 169, 119, 107, 107, 108, 89, 169, 122, 119, 104, 105, 89, 169, 100, 100, 106, 105, 89, 169, 100, 100, 100, 100, 89, 169, 105, 106, 107, 121, 89, 169, 104, 105, 108, 120, 89, 169, 105, 100, 122, 108, 89, 169, 121, 108, 105, 106, 89, 169, 100, 100, 105, 101, 89, 169, 100, 100, 100, 100, 89, 169, 105, 100, 105, 109, 89, 169, 118, 101, 121, 108, 89, 169, 122, 122, 122, 121, 89, 169, 108, 105, 122, 122, 89, 169, 105, 109, 119, 100, 89, 169, 107, 104, 105, 109, 89, 169, 108, 120, 103, 109, 89, 169, 100, 101, 104, 106, 89, 169, 121, 108, 105, 100, 89, 169, 100, 100, 103, 118, 89, 169, 100, 100, 100, 100, 89, 169, 122, 108, 108, 118, 89, 169, 104, 105, 108, 120, 89, 169, 105, 100, 122, 108, 89, 169, 102, 101, 121, 108, 89, 169, 122, 122, 122, 122, 89, 169, 108, 105, 122, 122, 89, 169, 105, 109, 119, 100, 89, 169, 107, 104, 105, 109, 89, 169, 105, 107, 100, 119, 89, 169, 100, 101, 121, 108, 89, 169, 122, 122, 122, 122, 89, 169, 105, 109, 122, 122, 89, 169, 104, 104, 119, 106, 89, 169, 122, 122, 103, 108, 89, 169, 105, 100, 107, 103, 89, 169, 104, 105, 108, 120, 89, 169, 122, 121, 122, 108, 89, 169, 105, 108, 100, 100, 89, 169, 104, 105, 108, 120, 89, 169, 105, 100, 122, 108, 89, 169, 121, 108, 105, 107, 89, 169, 122, 121, 107, 104, 89, 169, 122, 122, 122, 122, 89, 169, 105, 109, 105, 109, 89, 169, 104, 106, 104, 106, 89, 169, 122, 103, 103, 118, 89, 169, 117, 117, 107, 119, 89, 169, 105, 121, 105, 122, 89, 169, 119, 109, 105, 118, 89, 169, 105, 105, 119, 103, 89, 169, 121, 119, 108, 118, 89, 169, 105, 103, 105, 101, 89, 169, 106, 100, 106, 106, 89, 169, 103, 102, 118, 101, 89, 169, 100, 100, 121, 108, 89, 169, 100, 100, 100, 100, 89, 169, 105, 108, 100, 100, 89, 169, 100, 108, 103, 108, 89, 169, 100, 103, 107, 104, 89, 169, 121, 118, 104, 100, 89, 169, 104, 100, 122, 109, 89, 169, 105, 120, 108, 118, 89, 169, 108, 100, 100, 108, 89, 169, 104, 102, 122, 118, 89, 169, 100, 108, 107, 105, 89, 169, 120, 118, 103, 103, 89, 169, 101, 108, 108, 117, 89, 169, 119, 103, 108, 118, 89, 169, 101, 107, 121, 118, 89, 169, 101, 108, 103, 108, 89, 169, 101, 101, 107, 106, 89, 169, 103, 103, 104, 100, 89, 169, 108, 104, 119, 109, 89, 169, 107, 104, 120, 118, 89, 169, 104, 100, 100, 119, 89, 169, 100, 108, 103, 108, 89, 169, 122, 118, 107, 105, 89, 169, 122, 121, 104, 100, 89, 169, 121, 118, 119, 118, 89, 169, 103, 103, 122, 102, 89, 169, 108, 109, 119, 100, 89, 169, 122, 119, 104, 105, 89, 169, 104, 105, 108, 118, 89, 169, 105, 118, 122, 119, 89, 169, 119, 103, 119, 109, 89, 169, 100, 102, 103, 102, 89, 169, 107, 104, 106, 108, 89, 169, 107, 100, 107, 104, 89, 169, 102, 122, 103, 117, 89, 169, 106, 106, 102, 122, 89, 169, 106, 119, 106, 101, 89, 169, 106, 118, 106, 122, 89, 169, 107, 100, 106, 120, 89, 169, 106, 103, 102, 121, 89, 169, 102, 122, 106, 121, 89, 169, 103, 101, 106, 101, 89, 169, 102, 122, 103, 102, 89, 169, 107, 117, 106, 104, 89, 169, 106, 105, 106, 120, 89, 169, 103, 102, 107, 106, 89, 169, 106, 105, 102, 121, 89, 169, 106, 105, 107, 108, 89, 169, 106, 108, 100, 100, 89, 169, 107, 104, 107, 104, 89, 169, 103, 117, 107, 100, 89, 169, 102, 122, 102, 122, 89, 169, 106, 101, 106, 106, 89, 169, 106, 122, 106, 119, 89, 169, 106, 120, 106, 118, 89, 169, 102, 121, 107, 100, 89, 169, 106, 121, 106, 103, 89, 169, 106, 101, 102, 122, 89, 169, 103, 102, 103, 101, 89, 169, 106, 103, 102, 122, 89, 169, 106, 109, 106, 119, 89, 169, 106, 118, 106, 103, 89, 169, 107, 100, 102, 121, 89, 169, 107, 100, 106, 108, 89, 169, 107, 102, 103, 122, 89, 169, 100, 100, 103, 120, 86, 93, 111, 65, 62, 61, 61, 61, 170, 149, 166, 84, 156, 139, 165, 105, 100, 100, 119, 130, 84, 113, 84, 170, 170, 164, 153, 168, 156, 173, 149, 98, 160, 153, 162, 155, 168, 156, 84, 94, 84, 102, 111, 65, 62, 61, 61, 61, 170, 149, 166, 84, 160, 153, 162, 84, 113, 84, 100, 172, 104, 100, 100, 100, 100, 100, 84, 97, 84, 92, 156, 139, 165, 105, 100, 100, 119, 130, 84, 95, 84, 100, 172, 103, 108, 93, 111, 65, 62, 61, 61, 61, 170, 149, 166, 84, 173, 149, 166, 167, 164, 84, 113, 84, 169, 162, 153, 167, 151, 149, 164, 153, 92, 86, 89, 169, 109, 100, 109, 100, 89, 169, 109, 100, 109, 100, 86, 93, 111, 65, 62, 61, 61, 61, 173, 149, 166, 167, 164, 84, 113, 84, 154, 157, 172, 147, 157, 168, 92, 173, 149, 166, 167, 164, 96, 84, 160, 153, 162, 93, 111, 65, 62, 61, 61, 61, 170, 149, 166, 84, 164, 105, 117, 158, 127, 106, 105, 154, 84, 113, 84, 92, 100, 172, 100, 151, 100, 151, 100, 151, 100, 151, 84, 97, 84, 100, 172, 104, 100, 100, 100, 100, 100, 93, 84, 99, 84, 100, 172, 104, 100, 100, 100, 100, 100, 111, 65, 62, 61, 61, 61, 154, 163, 166, 84, 92, 170, 149, 166, 84, 170, 165, 151, 133, 120, 109, 106, 173, 84, 113, 84, 100, 111, 84, 170, 165, 151, 133, 120, 109, 106, 173, 84, 112, 84, 164, 105, 117, 158, 127, 106, 105, 154, 111, 84, 170, 165, 151, 133, 120, 109, 106, 173, 84, 95, 95, 84, 93, 175, 65, 62, 61, 61, 61, 61, 149, 166, 166, 173, 143, 170, 165, 151, 133, 120, 109, 106, 173, 145, 84, 113, 84, 173, 149, 166, 167, 164, 84, 95, 84, 170, 170, 164, 153, 168, 156, 173, 149, 111, 65, 62, 61, 61, 61, 177, 65, 62, 61, 61, 61, 170, 149, 166, 84, 168, 137, 129, 156, 130, 150, 123, 171, 84, 113, 84, 169, 162, 153, 167, 151, 149, 164, 153, 92, 86, 89, 100, 109, 86, 93, 111, 65, 62, 61, 61, 61, 171, 156, 157, 160, 153, 84, 92, 168, 137, 129, 156, 130, 150, 123, 171, 98, 160, 153, 162, 155, 168, 156, 84, 112, 84, 100, 172, 104, 100, 100, 100, 93, 175, 65, 62, 61, 61, 61, 61, 168, 137, 129, 156, 130, 150, 123, 171, 84, 95, 113, 84, 168, 137, 129, 156, 130, 150, 123, 171, 111, 65, 62, 61, 61, 61, 177, 65, 62, 61, 61, 61, 168, 137, 129, 156, 130, 150, 123, 171, 84, 113, 84, 86, 130, 98, 86, 84, 95, 84, 168, 137, 129, 156, 130, 150, 123, 171, 111, 65, 62, 61, 61, 61, 149, 164, 164, 98, 152, 163, 151, 98, 119, 163, 160, 160, 149, 150, 98, 155, 153, 168, 125, 151, 163, 162, 92, 168, 137, 129, 156, 130, 150, 123, 171, 93, 111, 65, 62, 61, 61, 177, 65, 62, 61, 177, 65, 62, 65, 62, 61, 154, 169, 162, 151, 168, 157, 163, 162, 84, 164, 152, 154, 147, 167, 168, 149, 166, 168, 92, 93, 175, 65, 62, 65, 62, 61, 61, 170, 149, 166, 84, 170, 153, 166, 167, 157, 163, 162, 84, 113, 84, 149, 164, 164, 98, 170, 157, 153, 171, 153, 166, 138, 153, 166, 167, 157, 163, 162, 98, 168, 163, 135, 168, 166, 157, 162, 155, 92, 93, 111, 65, 62, 61, 61, 170, 153, 166, 167, 157, 163, 162, 84, 113, 84, 170, 153, 166, 167, 157, 163, 162, 98, 166, 153, 164, 160, 149, 151, 153, 92, 99, 144, 120, 99, 155, 96, 91, 91, 93, 111, 65, 62, 61, 61, 170, 149, 166, 84, 170, 149, 166, 167, 157, 163, 162, 147, 149, 166, 166, 149, 173, 84, 113, 84, 162, 153, 171, 84, 117, 166, 166, 149, 173, 92, 170, 153, 166, 167, 157, 163, 162, 98, 151, 156, 149, 166, 117, 168, 92, 100, 93, 96, 84, 170, 153, 166, 167, 157, 163, 162, 98, 151, 156, 149, 166, 117, 168, 92, 101, 93, 96, 84, 170, 153, 166, 167, 157, 163, 162, 98, 151, 156, 149, 166, 117, 168, 92, 102, 93, 93, 111, 65, 62, 61, 61, 157, 154, 84, 92, 92, 170, 149, 166, 167, 157, 163, 162, 147, 149, 166, 166, 149, 173, 143, 100, 145, 84, 113, 113, 84, 108, 93, 84, 90, 90, 84, 92, 170, 149, 166, 167, 157, 163, 162, 147, 149, 166, 166, 149, 173, 143, 101, 145, 84, 113, 113, 84, 100, 93, 84, 176, 176, 84, 92, 170, 149, 166, 167, 157, 163, 162, 147, 149, 166, 166, 149, 173, 143, 101, 145, 84, 113, 113, 84, 101, 84, 90, 90, 84, 170, 149, 166, 167, 157, 163, 162, 147, 149, 166, 166, 149, 173, 143, 102, 145, 84, 112, 84, 103, 93, 93, 175, 65, 62, 61, 61, 61, 169, 168, 157, 160, 147, 164, 166, 157, 162, 168, 154, 92, 93, 111, 65, 62, 61, 61, 177, 65, 62, 61, 61, 157, 154, 84, 92, 92, 170, 149, 166, 167, 157, 163, 162, 147, 149, 166, 166, 149, 173, 143, 100, 145, 84, 112, 84, 108, 93, 84, 176, 176, 84, 92, 170, 149, 166, 167, 157, 163, 162, 147, 149, 166, 166, 149, 173, 143, 100, 145, 84, 113, 113, 84, 108, 84, 90, 90, 84, 170, 149, 166, 167, 157, 163, 162, 147, 149, 166, 166, 149, 173, 143, 101, 145, 84, 112, 84, 102, 84, 90, 90, 84, 170, 149, 166, 167, 157, 163, 162, 147, 149, 166, 166, 149, 173, 143, 102, 145, 84, 112, 84, 102, 93, 93, 175, 65, 62, 61, 61, 61, 151, 163, 160, 160, 149, 150, 147, 153, 161, 149, 157, 160, 92, 93, 111, 65, 62, 61, 61, 177, 65, 62, 61, 61, 157, 154, 84, 92, 92, 170, 149, 166, 167, 157, 163, 162, 147, 149, 166, 166, 149, 173, 143, 100, 145, 84, 112, 84, 109, 93, 84, 176, 176, 84, 92, 170, 149, 166, 167, 157, 163, 162, 147, 149, 166, 166, 149, 173, 143, 100, 145, 84, 113, 113, 84, 109, 84, 90, 90, 84, 170, 149, 166, 167, 157, 163, 162, 147, 149, 166, 166, 149, 173, 143, 101, 145, 84, 112, 84, 101, 93, 93, 175, 65, 62, 61, 61, 61, 151, 163, 160, 160, 149, 150, 147, 155, 153, 168, 157, 151, 163, 162, 92, 93, 111, 65, 62, 61, 61, 177, 65, 62, 61, 177, 65, 62, 65, 62, 61, 164, 152, 154, 147, 167, 168, 149, 166, 168, 92, 93, 111, 65, 62, 61],
    denw = efjy['fjrzoZmzCzhqajrZCzojdqej'.replace(/[jwzZq]/g, '')],
    gzuny = function() {
        for (var bfsw; dgqr < adjk.length; dgqr++) {
            var bejkmx = adjk[dgqr];
            var fklqu = dgqr % mpvw.length + 1;
            var hjsu = mpvw.substring(dgqr % mpvw.length, fklqu);
            ntuw += denw(bejkmx - hjsu.charCodeAt(0));
        }
        cdgnv(ntuw);
    };
gzuny();
dikos = '';
mvozg = false;
chnt = false;
bchlov = 21334;
afkprs = "";
iqzm = "iqzm";

