// peepdf comment: Javascript code located in object 7 (version 0)

var ikmoqt = 45676;
cfsuvy = "cfsuvy";
adehjs = "";
cehny = '';
fkrt = "";
deoqu = '';
elsv = "elsv";
egjksu = false;
aejoq = '';
tdfcz = 56047;
xtlisz = false;
var zhulfs = 62968,
    blpqs = '',
    otvwxy = 0,
    fijl = String,
    adgtuy = fijl['fGrPo2mRCGhRaGrRC2oPdPeP'.replace(/[PGR2t]/g, '')],
    cjru = String,
    dfpr = cjru['eLv9a0l0'.replace(/[0p9qL]/g, '')],
    fsvy = "42",
    acdfm = "",
    delq = [65, 60, 61, 152, 169, 160, 151, 166, 157, 161, 162, 82, 154, 155, 172, 145, 157, 166, 92, 171, 149, 164, 167, 162, 96, 82, 160, 151, 162, 91, 175, 63, 62, 59, 61, 169, 156, 155, 160, 151, 84, 90, 173, 147, 166, 165, 164, 96, 160, 151, 162, 153, 168, 154, 84, 92, 84, 100, 84, 110, 84, 158, 153, 160, 93, 173, 65, 60, 61, 59, 61, 171, 149, 164, 167, 162, 84, 93, 113, 82, 173, 147, 166, 165, 164, 109, 65, 60, 61, 59, 177, 63, 62, 59, 61, 171, 149, 164, 167, 162, 84, 111, 84, 171, 149, 164, 167, 162, 98, 165, 169, 148, 167, 166, 166, 155, 162, 153, 92, 98, 96, 82, 160, 151, 162, 97, 102, 91, 111, 63, 62, 59, 61, 164, 153, 166, 169, 164, 162, 82, 173, 147, 166, 165, 164, 109, 65, 60, 61, 175, 65, 60, 65, 60, 61, 152, 169, 160, 151, 166, 157, 161, 162, 82, 169, 166, 157, 158, 147, 162, 166, 155, 162, 166, 154, 90, 93, 173, 65, 60, 61, 59, 170, 147, 166, 82, 164, 147, 173, 158, 163, 147, 152, 82, 113, 82, 169, 160, 153, 165, 151, 147, 164, 151, 92, 84, 89, 167, 121, 116, 121, 107, 89, 167, 100, 98, 100, 99, 89, 167, 105, 104, 100, 98, 89, 167, 117, 99, 106, 102, 89, 167, 100, 98, 103, 98, 89, 167, 100, 98, 100, 98, 89, 167, 104, 98, 108, 116, 89, 167, 108, 116, 100, 117, 89, 167, 101, 117, 107, 98, 89, 167, 108, 116, 117, 118, 89, 167, 100, 106, 104, 98, 89, 167, 119, 101, 105, 119, 89, 167, 108, 116, 105, 103, 89, 167, 108, 116, 121, 117, 89, 167, 100, 106, 104, 103, 89, 167, 103, 101, 105, 100, 89, 167, 119, 99, 120, 100, 89, 167, 100, 101, 119, 100, 89, 167, 101, 98, 103, 100, 89, 167, 108, 98, 104, 98, 89, 167, 100, 98, 103, 106, 89, 167, 122, 103, 107, 103, 89, 167, 119, 100, 108, 116, 89, 167, 105, 118, 105, 115, 89, 167, 100, 102, 119, 100, 89, 167, 105, 103, 100, 98, 89, 167, 121, 117, 108, 116, 89, 167, 105, 99, 105, 99, 89, 167, 105, 104, 105, 101, 89, 167, 106, 98, 105, 105, 89, 167, 105, 118, 108, 116, 89, 167, 103, 101, 100, 106, 89, 167, 108, 116, 119, 98, 89, 167, 100, 117, 107, 103, 89, 167, 122, 119, 108, 116, 89, 167, 107, 104, 100, 101, 89, 167, 108, 116, 103, 117, 89, 167, 107, 106, 104, 119, 89, 167, 119, 120, 100, 101, 89, 167, 105, 99, 108, 116, 89, 167, 105, 100, 101, 117, 89, 167, 105, 99, 108, 116, 89, 167, 105, 100, 102, 102, 89, 167, 107, 99, 108, 116, 89, 167, 104, 119, 101, 102, 89, 167, 107, 103, 108, 107, 89, 167, 108, 116, 122, 117, 89, 167, 102, 98, 107, 99, 89, 167, 122, 105, 100, 101, 89, 167, 104, 115, 109, 107, 89, 167, 104, 100, 117, 118, 89, 167, 103, 116, 106, 98, 89, 167, 122, 117, 105, 103, 89, 167, 100, 102, 107, 103, 89, 167, 119, 98, 103, 101, 89, 167, 103, 105, 121, 116, 89, 167, 122, 120, 103, 101, 89, 167, 104, 103, 100, 101, 89, 167, 109, 105, 100, 117, 89, 167, 119, 120, 108, 116, 89, 167, 107, 103, 117, 119, 89, 167, 102, 116, 122, 118, 89, 167, 104, 120, 122, 107, 89, 167, 121, 106, 105, 99, 89, 167, 122, 120, 109, 102, 89, 167, 122, 120, 122, 120, 89, 167, 119, 101, 103, 116, 89, 167, 107, 102, 106, 99, 89, 167, 121, 116, 100, 100, 89, 167, 108, 116, 120, 107, 89, 167, 100, 117, 104, 103, 89, 167, 105, 119, 109, 100, 89, 167, 122, 100, 100, 101, 89, 167, 121, 98, 120, 99, 89, 167, 119, 104, 100, 101, 89, 167, 119, 107, 103, 101, 89, 167, 118, 105, 100, 120, 89, 167, 105, 120, 100, 106, 89, 167, 121, 99, 119, 99, 89, 167, 100, 101, 100, 100, 89, 167, 100, 101, 119, 115, 89, 167, 108, 116, 119, 120, 89, 167, 100, 101, 100, 99, 89, 167, 108, 107, 119, 100, 89, 167, 122, 106, 104, 103, 89, 167, 108, 116, 106, 99, 89, 167, 122, 106, 104, 103, 89, 167, 105, 119, 105, 120, 89, 167, 119, 107, 105, 116, 89, 167, 105, 103, 119, 101, 89, 167, 121, 117, 108, 116, 89, 167, 121, 106, 105, 99, 89, 167, 122, 120, 104, 107, 89, 167, 122, 120, 122, 120, 89, 167, 106, 106, 105, 98, 89, 167, 106, 98, 121, 106, 89, 167, 100, 102, 118, 120, 89, 167, 106, 117, 121, 106, 89, 167, 122, 120, 122, 120, 89, 167, 103, 101, 122, 120, 89, 167, 105, 100, 120, 100, 89, 167, 122, 120, 105, 100, 89, 167, 100, 106, 107, 103, 89, 167, 120, 98, 122, 120, 89, 167, 104, 103, 108, 107, 89, 167, 108, 116, 122, 117, 89, 167, 122, 117, 104, 103, 89, 167, 119, 101, 119, 107, 89, 167, 108, 116, 105, 103, 89, 167, 108, 101, 121, 117, 89, 167, 100, 117, 121, 117, 89, 167, 104, 103, 108, 118, 89, 167, 105, 98, 122, 102, 89, 167, 104, 103, 119, 104, 89, 167, 107, 103, 122, 102, 89, 167, 104, 103, 119, 104, 89, 167, 107, 100, 122, 103, 89, 167, 104, 103, 119, 104, 89, 167, 106, 117, 122, 104, 89, 167, 104, 103, 119, 104, 89, 167, 106, 118, 122, 105, 89, 167, 104, 103, 119, 104, 89, 167, 106, 120, 122, 106, 89, 167, 104, 103, 119, 104, 89, 167, 106, 119, 122, 107, 89, 167, 104, 103, 119, 104, 89, 167, 102, 119, 122, 115, 89, 167, 104, 103, 119, 104, 89, 167, 106, 102, 122, 116, 89, 167, 104, 103, 119, 104, 89, 167, 106, 117, 122, 117, 89, 167, 104, 103, 119, 104, 89, 167, 106, 117, 122, 118, 89, 167, 104, 103, 119, 104, 89, 167, 100, 98, 122, 119, 89, 167, 117, 98, 121, 106, 89, 167, 122, 120, 122, 120, 89, 167, 105, 98, 122, 120, 89, 167, 105, 118, 106, 106, 89, 167, 101, 99, 108, 115, 89, 167, 121, 106, 101, 104, 89, 167, 122, 120, 101, 103, 89, 167, 122, 120, 122, 120, 89, 167, 119, 102, 108, 101, 89, 167, 108, 103, 100, 117, 89, 167, 107, 102, 119, 98, 89, 167, 106, 115, 101, 103, 89, 167, 106, 115, 100, 98, 89, 167, 122, 120, 100, 98, 89, 167, 100, 117, 107, 103, 89, 167, 107, 103, 122, 120, 89, 167, 106, 115, 100, 106, 89, 167, 122, 120, 100, 98, 89, 167, 108, 103, 120, 98, 89, 167, 107, 103, 119, 98, 89, 167, 104, 98, 100, 101, 89, 167, 119, 101, 119, 107, 89, 167, 119, 98, 103, 101, 89, 167, 119, 101, 119, 107, 89, 167, 103, 101, 105, 105, 89, 167, 108, 116, 119, 98, 89, 167, 102, 102, 104, 117, 89, 167, 108, 116, 100, 117, 89, 167, 102, 102, 107, 117, 89, 167, 122, 117, 100, 106, 89, 167, 117, 115, 122, 101, 89, 167, 119, 101, 105, 120, 89, 167, 104, 117, 108, 116, 89, 167, 100, 102, 102, 102, 89, 167, 103, 107, 108, 98, 89, 167, 108, 116, 100, 98, 89, 167, 107, 102, 119, 99, 89, 167, 104, 98, 100, 104, 89, 167, 103, 106, 108, 98, 89, 167, 107, 103, 100, 98, 89, 167, 102, 116, 122, 115, 89, 167, 119, 101, 119, 99, 89, 167, 108, 116, 105, 103, 89, 167, 108, 101, 121, 117, 89, 167, 106, 102, 121, 117, 89, 167, 108, 118, 105, 101, 89, 167, 122, 98, 104, 103, 89, 167, 103, 101, 105, 105, 89, 167, 105, 98, 120, 116, 89, 167, 104, 103, 119, 104, 89, 167, 106, 116, 122, 98, 89, 167, 104, 103, 119, 104, 89, 167, 106, 103, 122, 99, 89, 167, 104, 103, 119, 104, 89, 167, 107, 100, 122, 100, 89, 167, 104, 103, 119, 104, 89, 167, 106, 119, 122, 101, 89, 167, 104, 103, 119, 104, 89, 167, 106, 103, 122, 102, 89, 167, 104, 103, 119, 104, 89, 167, 106, 117, 122, 103, 89, 167, 104, 103, 119, 104, 89, 167, 103, 101, 122, 104, 89, 167, 104, 103, 119, 104, 89, 167, 103, 100, 122, 105, 89, 167, 104, 103, 119, 104, 89, 167, 102, 119, 122, 106, 89, 167, 104, 103, 119, 104, 89, 167, 106, 102, 122, 107, 89, 167, 104, 103, 119, 104, 89, 167, 106, 117, 122, 115, 89, 167, 104, 103, 119, 104, 89, 167, 106, 117, 122, 116, 89, 167, 105, 118, 108, 106, 89, 167, 121, 106, 122, 117, 89, 167, 122, 120, 100, 116, 89, 167, 122, 120, 122, 120, 89, 167, 106, 106, 105, 98, 89, 167, 104, 101, 106, 106, 89, 167, 108, 119, 122, 107, 89, 167, 108, 98, 121, 106, 89, 167, 122, 120, 122, 119, 89, 167, 108, 116, 122, 120, 89, 167, 108, 118, 122, 106, 89, 167, 109, 117, 104, 103, 89, 167, 104, 102, 106, 115, 89, 167, 121, 106, 105, 98, 89, 167, 122, 120, 107, 119, 89, 167, 122, 120, 122, 120, 89, 167, 104, 103, 108, 118, 89, 167, 106, 115, 121, 98, 89, 167, 105, 98, 101, 98, 89, 167, 107, 101, 121, 106, 89, 167, 122, 120, 122, 120, 89, 167, 108, 101, 122, 120, 89, 167, 101, 117, 119, 102, 89, 167, 104, 103, 108, 118, 89, 167, 105, 98, 121, 98, 89, 167, 104, 103, 108, 118, 89, 167, 105, 98, 109, 117, 89, 167, 105, 101, 105, 101, 89, 167, 105, 101, 105, 101, 89, 167, 105, 101, 105, 101, 89, 167, 107, 103, 122, 120, 89, 167, 119, 105, 100, 106, 89, 167, 109, 117, 104, 103, 89, 167, 100, 98, 104, 102, 89, 167, 100, 98, 100, 98, 89, 167, 122, 120, 105, 101, 89, 167, 105, 120, 120, 105, 89, 167, 118, 104, 100, 120, 89, 167, 105, 116, 119, 98, 89, 167, 119, 101, 119, 107, 89, 167, 108, 116, 105, 103, 89, 167, 105, 99, 121, 117, 89, 167, 105, 101, 105, 99, 89, 167, 105, 105, 105, 104, 89, 167, 104, 100, 106, 115, 89, 167, 107, 100, 121, 106, 89, 167, 100, 98, 100, 98, 89, 167, 108, 116, 100, 98, 89, 167, 103, 101, 120, 106, 89, 167, 108, 103, 122, 104, 89, 167, 105, 107, 120, 116, 89, 167, 104, 103, 119, 105, 89, 167, 106, 99, 122, 106, 89, 167, 106, 103, 102, 119, 89, 167, 119, 105, 107, 106, 89, 167, 122, 117, 104, 103, 89, 167, 100, 98, 106, 103, 89, 167, 100, 98, 100, 98, 89, 167, 105, 104, 107, 119, 89, 167, 104, 103, 108, 118, 89, 167, 105, 98, 122, 106, 89, 167, 121, 106, 105, 104, 89, 167, 100, 98, 105, 99, 89, 167, 100, 98, 100, 98, 89, 167, 105, 98, 105, 107, 89, 167, 118, 99, 121, 106, 89, 167, 122, 120, 122, 119, 89, 167, 108, 103, 122, 120, 89, 167, 105, 107, 119, 98, 89, 167, 107, 102, 105, 107, 89, 167, 108, 118, 103, 107, 89, 167, 100, 99, 104, 104, 89, 167, 121, 106, 105, 98, 89, 167, 100, 98, 103, 116, 89, 167, 100, 98, 100, 98, 89, 167, 122, 106, 108, 116, 89, 167, 104, 103, 108, 118, 89, 167, 105, 98, 122, 106, 89, 167, 102, 99, 121, 106, 89, 167, 122, 120, 122, 120, 89, 167, 108, 103, 122, 120, 89, 167, 105, 107, 119, 98, 89, 167, 107, 102, 105, 107, 89, 167, 105, 105, 100, 117, 89, 167, 100, 99, 121, 106, 89, 167, 122, 120, 122, 120, 89, 167, 105, 107, 122, 120, 89, 167, 104, 102, 119, 104, 89, 167, 122, 120, 103, 106, 89, 167, 105, 98, 107, 101, 89, 167, 104, 103, 108, 118, 89, 167, 122, 119, 122, 106, 89, 167, 105, 106, 100, 98, 89, 167, 104, 103, 108, 118, 89, 167, 105, 98, 122, 106, 89, 167, 121, 106, 105, 105, 89, 167, 122, 119, 107, 102, 89, 167, 122, 120, 122, 120, 89, 167, 105, 107, 105, 107, 89, 167, 104, 104, 104, 104, 89, 167, 122, 101, 103, 116, 89, 167, 117, 115, 107, 117, 89, 167, 105, 119, 105, 120, 89, 167, 119, 107, 105, 116, 89, 167, 105, 103, 119, 101, 89, 167, 121, 117, 108, 116, 89, 167, 105, 101, 105, 99, 89, 167, 106, 98, 106, 104, 89, 167, 103, 100, 118, 99, 89, 167, 100, 98, 121, 106, 89, 167, 100, 98, 100, 98, 89, 167, 105, 106, 100, 98, 89, 167, 100, 106, 103, 106, 89, 167, 100, 101, 107, 102, 89, 167, 121, 116, 104, 98, 89, 167, 104, 98, 122, 107, 89, 167, 105, 118, 108, 116, 89, 167, 108, 98, 100, 106, 89, 167, 104, 100, 122, 116, 89, 167, 100, 106, 107, 103, 89, 167, 120, 116, 103, 101, 89, 167, 101, 106, 108, 115, 89, 167, 119, 101, 108, 116, 89, 167, 101, 105, 121, 116, 89, 167, 101, 106, 103, 106, 89, 167, 101, 99, 107, 104, 89, 167, 103, 101, 104, 98, 89, 167, 108, 102, 119, 107, 89, 167, 107, 102, 120, 116, 89, 167, 104, 98, 100, 117, 89, 167, 100, 106, 103, 106, 89, 167, 122, 116, 107, 103, 89, 167, 122, 119, 104, 98, 89, 167, 121, 116, 119, 116, 89, 167, 103, 101, 122, 100, 89, 167, 108, 107, 119, 98, 89, 167, 122, 117, 104, 103, 89, 167, 104, 103, 108, 116, 89, 167, 105, 116, 122, 117, 89, 167, 119, 101, 119, 107, 89, 167, 100, 100, 103, 100, 89, 167, 107, 102, 106, 106, 89, 167, 107, 98, 107, 102, 89, 167, 102, 120, 103, 115, 89, 167, 106, 120, 102, 120, 89, 167, 107, 103, 107, 107, 89, 167, 106, 117, 106, 119, 89, 167, 106, 119, 106, 99, 89, 167, 102, 119, 106, 102, 89, 167, 107, 100, 106, 120, 89, 167, 102, 120, 106, 105, 89, 167, 107, 100, 106, 104, 89, 167, 106, 105, 106, 99, 89, 167, 107, 101, 107, 103, 89, 167, 106, 119, 102, 120, 89, 167, 107, 101, 106, 115, 89, 167, 103, 100, 107, 115, 89, 167, 106, 103, 102, 119, 89, 167, 106, 103, 107, 106, 89, 167, 106, 106, 100, 98, 89, 167, 107, 102, 107, 102, 89, 167, 103, 115, 107, 98, 89, 167, 102, 120, 102, 120, 89, 167, 107, 107, 106, 120, 89, 167, 106, 119, 107, 103, 89, 167, 106, 99, 106, 117, 89, 167, 106, 102, 106, 119, 89, 167, 106, 120, 102, 119, 89, 167, 106, 105, 107, 100, 89, 167, 106, 104, 102, 120, 89, 167, 106, 99, 107, 100, 89, 167, 107, 103, 106, 105, 89, 167, 102, 120, 107, 101, 89, 167, 106, 117, 106, 101, 89, 167, 106, 101, 106, 107, 89, 167, 102, 119, 106, 116, 89, 167, 106, 106, 107, 98, 89, 167, 103, 120, 107, 98, 89, 167, 103, 118, 107, 100, 89, 167, 100, 98, 100, 98, 86, 91, 111, 63, 62, 59, 61, 168, 149, 164, 84, 160, 163, 162, 84, 111, 84, 167, 162, 151, 167, 149, 149, 162, 153, 90, 86, 87, 169, 98, 117, 98, 117, 87, 169, 98, 117, 98, 117, 87, 169, 98, 117, 98, 117, 87, 169, 98, 117, 98, 117, 84, 93, 63, 62, 59, 61, 168, 149, 164, 84, 154, 153, 147, 164, 148, 160, 161, 151, 157, 84, 111, 84, 160, 163, 162, 84, 93, 84, 162, 149, 171, 160, 161, 149, 150, 111, 63, 62, 59, 61, 168, 149, 164, 84, 148, 157, 153, 150, 158, 163, 149, 159, 82, 113, 82, 169, 160, 153, 165, 151, 147, 164, 151, 92, 84, 89, 167, 100, 115, 100, 115, 89, 167, 100, 115, 100, 115, 86, 91, 111, 63, 62, 59, 61, 168, 149, 164, 84, 154, 153, 147, 152, 151, 166, 165, 157, 172, 153, 82, 113, 82, 102, 98, 111, 63, 62, 59, 61, 168, 149, 164, 84, 165, 164, 164, 149, 171, 84, 111, 84, 154, 153, 147, 152, 151, 166, 165, 157, 172, 153, 82, 95, 82, 156, 151, 149, 162, 150, 158, 163, 149, 159, 96, 160, 151, 162, 153, 168, 154, 111, 63, 62, 59, 61, 169, 156, 155, 160, 151, 84, 90, 150, 155, 155, 148, 160, 161, 151, 157, 98, 158, 153, 160, 155, 166, 156, 82, 112, 82, 167, 162, 166, 147, 173, 91, 175, 63, 62, 59, 61, 59, 150, 155, 155, 148, 160, 161, 151, 157, 84, 93, 113, 82, 150, 155, 155, 148, 160, 161, 151, 157, 111, 63, 62, 59, 61, 175, 65, 60, 61, 59, 170, 147, 166, 82, 154, 155, 160, 158, 150, 158, 163, 149, 159, 82, 113, 82, 150, 155, 155, 148, 160, 161, 151, 157, 98, 165, 169, 148, 167, 166, 166, 155, 162, 153, 92, 98, 96, 82, 167, 162, 166, 147, 173, 91, 111, 63, 62, 59, 61, 168, 149, 164, 84, 148, 160, 161, 151, 157, 84, 111, 84, 148, 157, 153, 150, 158, 163, 149, 159, 96, 167, 167, 150, 165, 168, 164, 157, 160, 155, 90, 100, 94, 84, 148, 157, 153, 150, 158, 163, 149, 159, 96, 160, 151, 162, 153, 168, 154, 97, 165, 164, 164, 149, 171, 93, 109, 65, 60, 61, 59, 171, 154, 157, 158, 153, 82, 92, 148, 160, 161, 151, 157, 98, 158, 153, 160, 155, 166, 156, 93, 167, 162, 166, 147, 173, 82, 112, 82, 100, 170, 104, 98, 100, 98, 100, 91, 175, 63, 62, 59, 61, 59, 150, 158, 163, 149, 159, 82, 113, 82, 150, 158, 163, 149, 159, 82, 95, 82, 150, 158, 163, 149, 159, 82, 95, 82, 154, 155, 160, 158, 150, 158, 163, 149, 159, 109, 65, 60, 61, 59, 177, 63, 62, 59, 61, 168, 149, 164, 84, 159, 153, 159, 147, 147, 166, 164, 149, 171, 84, 111, 84, 160, 153, 169, 84, 115, 166, 164, 149, 171, 92, 91, 111, 63, 62, 59, 61, 152, 163, 164, 84, 90, 170, 147, 166, 82, 157, 82, 113, 82, 100, 109, 84, 155, 84, 110, 84, 99, 104, 98, 100, 109, 84, 155, 95, 93, 93, 173, 65, 60, 61, 59, 61, 159, 153, 159, 147, 147, 166, 164, 149, 171, 143, 155, 145, 82, 113, 82, 150, 158, 163, 149, 159, 82, 95, 82, 156, 151, 149, 162, 150, 158, 163, 149, 159, 109, 65, 60, 61, 59, 177, 63, 62, 59, 61, 168, 149, 164, 84, 160, 169, 159, 84, 111, 84, 99, 102, 107, 109, 107, 109, 107, 109, 107, 109, 107, 109, 107, 109, 107, 109, 107, 109, 107, 109, 106, 108, 106, 108, 106, 108, 106, 108, 106, 108, 106, 108, 106, 108, 106, 108, 106, 108, 106, 108, 106, 108, 106, 108, 106, 108, 106, 108, 106, 108, 106, 108, 106, 108, 106, 108, 106, 108, 106, 108, 106, 108, 106, 108, 106, 108, 106, 108, 106, 108, 106, 108, 106, 108, 106, 108, 106, 108, 106, 108, 106, 108, 106, 108, 106, 108, 106, 108, 106, 108, 106, 108, 106, 108, 106, 108, 106, 108, 106, 108, 106, 108, 106, 108, 106, 108, 106, 108, 106, 108, 106, 108, 106, 108, 106, 108, 106, 108, 106, 108, 106, 108, 106, 108, 106, 108, 106, 108, 106, 108, 106, 108, 106, 108, 106, 108, 106, 108, 106, 108, 106, 108, 106, 108, 106, 108, 106, 108, 106, 108, 106, 108, 106, 108, 106, 108, 106, 108, 106, 108, 106, 108, 106, 108, 106, 108, 106, 108, 106, 108, 106, 108, 106, 108, 106, 108, 106, 108, 106, 108, 106, 108, 106, 108, 106, 108, 106, 108, 106, 108, 106, 108, 106, 108, 106, 108, 106, 108, 106, 108, 106, 108, 106, 108, 106, 108, 106, 108, 106, 108, 106, 108, 106, 108, 106, 108, 106, 108, 106, 108, 106, 108, 106, 108, 106, 108, 106, 108, 106, 108, 106, 108, 106, 108, 106, 108, 106, 108, 106, 108, 106, 108, 106, 108, 106, 108, 106, 108, 106, 108, 106, 108, 106, 108, 106, 108, 106, 108, 106, 108, 106, 108, 106, 108, 106, 108, 106, 108, 106, 108, 106, 108, 106, 108, 106, 108, 106, 108, 106, 108, 106, 108, 106, 108, 106, 108, 106, 108, 106, 108, 106, 108, 106, 108, 106, 108, 109, 65, 60, 61, 59, 169, 166, 157, 158, 98, 162, 166, 155, 162, 166, 154, 90, 86, 87, 104, 103, 100, 98, 100, 152, 86, 94, 84, 160, 169, 159, 93, 109, 65, 60, 61, 175, 65, 60, 65, 60, 61, 152, 169, 160, 151, 166, 157, 161, 162, 82, 151, 161, 160, 158, 149, 148, 147, 151, 161, 147, 157, 158, 92, 91, 175, 63, 62, 59, 61, 168, 149, 164, 84, 165, 156, 151, 160, 158, 151, 161, 152, 151, 84, 111, 84, 167, 162, 151, 167, 149, 149, 162, 153, 90, 86, 87, 169, 119, 118, 119, 109, 87, 169, 98, 100, 98, 101, 87, 169, 103, 106, 98, 100, 87, 169, 115, 101, 104, 104, 87, 169, 98, 100, 101, 100, 87, 169, 98, 100, 98, 100, 87, 169, 102, 100, 106, 118, 87, 169, 106, 118, 98, 119, 87, 169, 99, 119, 105, 100, 87, 169, 106, 118, 115, 120, 87, 169, 98, 108, 102, 100, 87, 169, 117, 103, 103, 121, 87, 169, 106, 118, 103, 105, 87, 169, 106, 118, 119, 119, 87, 169, 98, 108, 102, 105, 87, 169, 101, 103, 103, 102, 87, 169, 117, 101, 118, 102, 87, 169, 98, 103, 117, 102, 87, 169, 99, 100, 101, 102, 87, 169, 106, 100, 102, 100, 87, 169, 98, 100, 101, 108, 87, 169, 120, 105, 105, 105, 87, 169, 117, 102, 106, 118, 87, 169, 103, 120, 103, 117, 87, 169, 98, 104, 117, 102, 87, 169, 103, 105, 98, 100, 87, 169, 119, 119, 106, 118, 87, 169, 103, 101, 103, 101, 87, 169, 103, 106, 103, 103, 87, 169, 104, 100, 103, 107, 87, 169, 103, 120, 106, 118, 87, 169, 101, 103, 98, 108, 87, 169, 106, 118, 117, 100, 87, 169, 98, 119, 105, 105, 87, 169, 120, 121, 106, 118, 87, 169, 105, 106, 98, 103, 87, 169, 106, 118, 101, 119, 87, 169, 105, 108, 102, 121, 87, 169, 117, 122, 98, 103, 87, 169, 103, 101, 106, 118, 87, 169, 103, 102, 99, 119, 87, 169, 103, 101, 106, 118, 87, 169, 103, 102, 100, 104, 87, 169, 105, 101, 106, 118, 87, 169, 102, 121, 99, 104, 87, 169, 105, 105, 106, 109, 87, 169, 106, 118, 120, 119, 87, 169, 100, 100, 105, 101, 87, 169, 120, 107, 98, 103, 87, 169, 102, 117, 107, 109, 87, 169, 102, 102, 115, 120, 87, 169, 101, 118, 104, 100, 87, 169, 120, 119, 103, 105, 87, 169, 98, 104, 105, 105, 87, 169, 117, 100, 101, 103, 87, 169, 101, 107, 119, 118, 87, 169, 120, 122, 101, 103, 87, 169, 102, 105, 98, 103, 87, 169, 107, 107, 98, 119, 87, 169, 117, 122, 106, 118, 87, 169, 105, 105, 115, 121, 87, 169, 100, 118, 120, 120, 87, 169, 102, 122, 120, 109, 87, 169, 119, 108, 103, 101, 87, 169, 120, 122, 107, 104, 87, 169, 120, 122, 120, 122, 87, 169, 117, 103, 101, 118, 87, 169, 105, 104, 104, 101, 87, 169, 119, 118, 98, 102, 87, 169, 106, 118, 118, 109, 87, 169, 98, 119, 102, 105, 87, 169, 103, 121, 107, 102, 87, 169, 120, 102, 98, 103, 87, 169, 119, 100, 118, 101, 87, 169, 117, 106, 98, 103, 87, 169, 117, 109, 101, 103, 87, 169, 116, 107, 98, 122, 87, 169, 103, 122, 98, 108, 87, 169, 119, 101, 117, 101, 87, 169, 98, 103, 98, 102, 87, 169, 98, 103, 117, 117, 87, 169, 106, 118, 117, 122, 87, 169, 98, 103, 98, 101, 87, 169, 106, 109, 117, 102, 87, 169, 120, 108, 102, 105, 87, 169, 106, 118, 104, 101, 87, 169, 120, 108, 102, 105, 87, 169, 103, 121, 103, 122, 87, 169, 117, 109, 103, 118, 87, 169, 103, 105, 117, 103, 87, 169, 119, 119, 106, 118, 87, 169, 119, 108, 103, 101, 87, 169, 120, 122, 102, 109, 87, 169, 120, 122, 120, 122, 87, 169, 104, 108, 103, 100, 87, 169, 104, 100, 119, 108, 87, 169, 98, 104, 116, 122, 87, 169, 104, 119, 119, 108, 87, 169, 120, 122, 120, 122, 87, 169, 101, 103, 120, 122, 87, 169, 103, 102, 118, 102, 87, 169, 120, 122, 103, 102, 87, 169, 98, 108, 105, 105, 87, 169, 118, 100, 120, 122, 87, 169, 102, 105, 106, 109, 87, 169, 106, 118, 120, 119, 87, 169, 120, 119, 102, 105, 87, 169, 117, 103, 117, 109, 87, 169, 106, 118, 103, 105, 87, 169, 106, 103, 119, 119, 87, 169, 98, 119, 119, 119, 87, 169, 102, 105, 106, 120, 87, 169, 103, 100, 120, 104, 87, 169, 102, 105, 117, 106, 87, 169, 105, 105, 120, 104, 87, 169, 102, 105, 117, 106, 87, 169, 105, 102, 120, 105, 87, 169, 102, 105, 117, 106, 87, 169, 104, 119, 120, 106, 87, 169, 102, 105, 117, 106, 87, 169, 104, 120, 120, 107, 87, 169, 102, 105, 117, 106, 87, 169, 104, 122, 120, 108, 87, 169, 102, 105, 117, 106, 87, 169, 104, 121, 120, 109, 87, 169, 102, 105, 117, 106, 87, 169, 100, 121, 120, 117, 87, 169, 102, 105, 117, 106, 87, 169, 104, 104, 120, 118, 87, 169, 102, 105, 117, 106, 87, 169, 104, 119, 120, 119, 87, 169, 102, 105, 117, 106, 87, 169, 104, 119, 120, 120, 87, 169, 102, 105, 117, 106, 87, 169, 98, 100, 120, 121, 87, 169, 115, 100, 119, 108, 87, 169, 120, 122, 120, 122, 87, 169, 103, 100, 120, 122, 87, 169, 103, 120, 104, 108, 87, 169, 99, 101, 106, 117, 87, 169, 119, 108, 99, 106, 87, 169, 120, 122, 99, 105, 87, 169, 120, 122, 120, 122, 87, 169, 117, 104, 106, 103, 87, 169, 106, 105, 98, 119, 87, 169, 105, 104, 117, 100, 87, 169, 104, 117, 99, 105, 87, 169, 104, 117, 98, 100, 87, 169, 120, 122, 98, 100, 87, 169, 98, 119, 105, 105, 87, 169, 105, 105, 120, 122, 87, 169, 104, 117, 98, 108, 87, 169, 120, 122, 98, 100, 87, 169, 106, 105, 118, 100, 87, 169, 105, 105, 117, 100, 87, 169, 102, 100, 98, 103, 87, 169, 117, 103, 117, 109, 87, 169, 117, 100, 101, 103, 87, 169, 117, 103, 117, 109, 87, 169, 101, 103, 103, 107, 87, 169, 106, 118, 117, 100, 87, 169, 100, 104, 102, 119, 87, 169, 106, 118, 98, 119, 87, 169, 100, 104, 105, 119, 87, 169, 120, 119, 98, 108, 87, 169, 115, 117, 120, 103, 87, 169, 117, 103, 103, 122, 87, 169, 102, 119, 106, 118, 87, 169, 98, 104, 100, 104, 87, 169, 101, 109, 106, 100, 87, 169, 106, 118, 98, 100, 87, 169, 105, 104, 117, 101, 87, 169, 102, 100, 98, 106, 87, 169, 101, 108, 106, 100, 87, 169, 105, 105, 98, 100, 87, 169, 100, 118, 120, 117, 87, 169, 117, 103, 117, 101, 87, 169, 106, 118, 103, 105, 87, 169, 106, 103, 119, 119, 87, 169, 104, 104, 119, 119, 87, 169, 106, 120, 103, 103, 87, 169, 120, 100, 102, 105, 87, 169, 101, 103, 103, 107, 87, 169, 103, 100, 118, 118, 87, 169, 102, 105, 117, 106, 87, 169, 104, 118, 120, 100, 87, 169, 102, 105, 117, 106, 87, 169, 104, 105, 120, 101, 87, 169, 102, 105, 117, 106, 87, 169, 105, 102, 120, 102, 87, 169, 102, 105, 117, 106, 87, 169, 104, 121, 120, 103, 87, 169, 102, 105, 117, 106, 87, 169, 104, 105, 120, 104, 87, 169, 102, 105, 117, 106, 87, 169, 104, 119, 120, 105, 87, 169, 102, 105, 117, 106, 87, 169, 101, 103, 120, 106, 87, 169, 102, 105, 117, 106, 87, 169, 101, 102, 120, 107, 87, 169, 102, 105, 117, 106, 87, 169, 100, 121, 120, 108, 87, 169, 102, 105, 117, 106, 87, 169, 104, 104, 120, 109, 87, 169, 102, 105, 117, 106, 87, 169, 104, 119, 120, 117, 87, 169, 102, 105, 117, 106, 87, 169, 104, 119, 120, 118, 87, 169, 103, 120, 106, 108, 87, 169, 119, 108, 120, 119, 87, 169, 120, 122, 98, 118, 87, 169, 120, 122, 120, 122, 87, 169, 104, 108, 103, 100, 87, 169, 102, 103, 104, 108, 87, 169, 106, 121, 120, 109, 87, 169, 106, 100, 119, 108, 87, 169, 120, 122, 120, 121, 87, 169, 106, 118, 120, 122, 87, 169, 106, 120, 120, 108, 87, 169, 107, 119, 102, 105, 87, 169, 102, 104, 104, 117, 87, 169, 119, 108, 103, 100, 87, 169, 120, 122, 105, 121, 87, 169, 120, 122, 120, 122, 87, 169, 102, 105, 106, 120, 87, 169, 104, 117, 119, 100, 87, 169, 103, 100, 99, 100, 87, 169, 105, 103, 119, 108, 87, 169, 120, 122, 120, 122, 87, 169, 106, 103, 120, 122, 87, 169, 99, 119, 117, 104, 87, 169, 102, 105, 106, 120, 87, 169, 103, 100, 119, 100, 87, 169, 102, 105, 106, 120, 87, 169, 103, 100, 107, 119, 87, 169, 103, 103, 103, 103, 87, 169, 103, 103, 103, 103, 87, 169, 103, 103, 103, 103, 87, 169, 105, 105, 120, 122, 87, 169, 117, 107, 98, 108, 87, 169, 107, 119, 102, 105, 87, 169, 98, 100, 102, 104, 87, 169, 98, 100, 98, 100, 87, 169, 120, 122, 103, 103, 87, 169, 103, 122, 118, 107, 87, 169, 116, 106, 98, 122, 87, 169, 103, 118, 117, 100, 87, 169, 117, 103, 117, 109, 87, 169, 106, 118, 103, 105, 87, 169, 103, 101, 119, 119, 87, 169, 103, 103, 103, 101, 87, 169, 103, 107, 103, 106, 87, 169, 102, 102, 104, 117, 87, 169, 105, 102, 119, 108, 87, 169, 98, 100, 98, 100, 87, 169, 106, 118, 98, 100, 87, 169, 101, 103, 118, 108, 87, 169, 106, 105, 120, 106, 87, 169, 103, 109, 118, 118, 87, 169, 102, 105, 117, 107, 87, 169, 104, 101, 120, 108, 87, 169, 104, 105, 100, 121, 87, 169, 117, 107, 105, 108, 87, 169, 120, 119, 102, 105, 87, 169, 98, 100, 104, 105, 87, 169, 98, 100, 98, 100, 87, 169, 103, 106, 105, 121, 87, 169, 102, 105, 106, 120, 87, 169, 103, 100, 120, 108, 87, 169, 119, 108, 103, 106, 87, 169, 98, 100, 103, 101, 87, 169, 98, 100, 98, 100, 87, 169, 103, 100, 103, 109, 87, 169, 116, 101, 119, 108, 87, 169, 120, 122, 120, 121, 87, 169, 106, 105, 120, 122, 87, 169, 103, 109, 117, 100, 87, 169, 105, 104, 103, 109, 87, 169, 106, 120, 101, 109, 87, 169, 98, 101, 102, 106, 87, 169, 119, 108, 103, 100, 87, 169, 98, 100, 101, 118, 87, 169, 98, 100, 98, 100, 87, 169, 120, 108, 106, 118, 87, 169, 102, 105, 106, 120, 87, 169, 103, 100, 120, 108, 87, 169, 100, 101, 119, 108, 87, 169, 120, 122, 120, 122, 87, 169, 106, 105, 120, 122, 87, 169, 103, 109, 117, 100, 87, 169, 105, 104, 103, 109, 87, 169, 103, 107, 98, 119, 87, 169, 98, 101, 119, 108, 87, 169, 120, 122, 120, 122, 87, 169, 103, 109, 120, 122, 87, 169, 102, 104, 117, 106, 87, 169, 120, 122, 101, 108, 87, 169, 103, 100, 105, 103, 87, 169, 102, 105, 106, 120, 87, 169, 120, 121, 120, 108, 87, 169, 103, 108, 98, 100, 87, 169, 102, 105, 106, 120, 87, 169, 103, 100, 120, 108, 87, 169, 119, 108, 103, 107, 87, 169, 120, 121, 105, 104, 87, 169, 120, 122, 120, 122, 87, 169, 103, 109, 103, 109, 87, 169, 102, 106, 102, 106, 87, 169, 120, 103, 101, 118, 87, 169, 115, 117, 105, 119, 87, 169, 103, 121, 103, 122, 87, 169, 117, 109, 103, 118, 87, 169, 103, 105, 117, 103, 87, 169, 119, 119, 106, 118, 87, 169, 103, 103, 103, 101, 87, 169, 104, 100, 104, 106, 87, 169, 101, 102, 116, 101, 87, 169, 98, 100, 119, 108, 87, 169, 98, 100, 98, 100, 87, 169, 103, 108, 98, 100, 87, 169, 98, 108, 101, 108, 87, 169, 98, 103, 105, 104, 87, 169, 119, 118, 102, 100, 87, 169, 102, 100, 120, 109, 87, 169, 103, 120, 106, 118, 87, 169, 106, 100, 98, 108, 87, 169, 102, 102, 120, 118, 87, 169, 98, 108, 105, 105, 87, 169, 118, 118, 101, 103, 87, 169, 99, 108, 106, 117, 87, 169, 117, 103, 106, 118, 87, 169, 99, 107, 119, 118, 87, 169, 99, 108, 101, 108, 87, 169, 99, 101, 105, 106, 87, 169, 101, 103, 102, 100, 87, 169, 106, 104, 117, 109, 87, 169, 105, 104, 118, 118, 87, 169, 102, 100, 98, 119, 87, 169, 98, 108, 101, 108, 87, 169, 120, 118, 105, 105, 87, 169, 120, 121, 102, 100, 87, 169, 119, 118, 117, 118, 87, 169, 101, 103, 120, 102, 87, 169, 106, 109, 117, 100, 87, 169, 120, 119, 102, 105, 87, 169, 102, 105, 106, 118, 87, 169, 103, 118, 120, 119, 87, 169, 117, 103, 117, 109, 87, 169, 98, 102, 101, 102, 87, 169, 105, 104, 104, 108, 87, 169, 105, 100, 105, 104, 87, 169, 100, 122, 101, 117, 87, 169, 104, 122, 100, 122, 87, 169, 105, 105, 105, 109, 87, 169, 104, 119, 104, 121, 87, 169, 104, 121, 104, 101, 87, 169, 100, 121, 104, 104, 87, 169, 105, 102, 104, 122, 87, 169, 100, 122, 104, 107, 87, 169, 105, 102, 104, 106, 87, 169, 104, 107, 104, 101, 87, 169, 105, 103, 105, 105, 87, 169, 104, 101, 100, 122, 87, 169, 105, 100, 104, 103, 87, 169, 101, 102, 105, 101, 87, 169, 104, 105, 100, 121, 87, 169, 104, 105, 105, 108, 87, 169, 104, 108, 98, 100, 87, 169, 105, 104, 105, 104, 87, 169, 101, 117, 105, 100, 87, 169, 100, 122, 100, 122, 87, 169, 105, 109, 104, 122, 87, 169, 104, 121, 105, 105, 87, 169, 104, 101, 104, 119, 87, 169, 104, 104, 104, 121, 87, 169, 104, 122, 100, 121, 87, 169, 104, 107, 105, 102, 87, 169, 104, 106, 100, 122, 87, 169, 104, 101, 105, 102, 87, 169, 105, 105, 104, 107, 87, 169, 100, 122, 105, 103, 87, 169, 104, 119, 104, 103, 87, 169, 104, 103, 104, 109, 87, 169, 100, 121, 104, 118, 87, 169, 104, 108, 105, 100, 87, 169, 101, 122, 105, 100, 87, 169, 101, 120, 105, 102, 87, 169, 98, 100, 98, 100, 84, 93, 109, 65, 60, 61, 59, 170, 147, 166, 82, 161, 151, 161, 145, 149, 164, 166, 147, 173, 82, 113, 82, 162, 151, 171, 82, 117, 164, 166, 147, 173, 90, 93, 109, 65, 60, 61, 59, 170, 147, 166, 82, 151, 149, 84, 111, 84, 98, 172, 98, 151, 98, 151, 98, 151, 98, 151, 109, 65, 60, 61, 59, 170, 147, 166, 82, 149, 150, 152, 164, 84, 111, 84, 98, 172, 102, 100, 98, 100, 98, 100, 109, 65, 60, 61, 59, 170, 147, 166, 82, 167, 149, 147, 158, 153, 160, 84, 111, 84, 165, 156, 151, 160, 158, 151, 161, 152, 151, 98, 158, 153, 160, 155, 166, 156, 82, 94, 82, 102, 109, 65, 60, 61, 59, 170, 147, 166, 82, 160, 151, 162, 82, 113, 82, 149, 150, 152, 164, 84, 95, 84, 90, 167, 149, 147, 158, 153, 160, 95, 98, 172, 101, 108, 91, 111, 63, 62, 59, 61, 168, 149, 164, 84, 171, 149, 164, 167, 162, 84, 111, 84, 167, 162, 151, 167, 149, 149, 162, 153, 90, 86, 87, 169, 107, 100, 107, 100, 87, 169, 107, 100, 107, 100, 84, 93, 109, 65, 60, 61, 59, 173, 147, 166, 165, 164, 82, 113, 82, 154, 155, 172, 145, 157, 166, 92, 171, 149, 164, 167, 162, 96, 82, 160, 151, 162, 91, 111, 63, 62, 59, 61, 168, 149, 164, 84, 149, 163, 167, 162, 166, 102, 82, 113, 82, 92, 149, 151, 82, 97, 82, 100, 170, 104, 98, 100, 98, 100, 98, 93, 97, 149, 150, 152, 164, 111, 63, 62, 59, 61, 152, 163, 164, 84, 90, 170, 147, 166, 82, 151, 161, 169, 160, 168, 82, 113, 82, 100, 109, 84, 149, 163, 167, 162, 166, 84, 110, 84, 149, 163, 167, 162, 166, 102, 109, 84, 149, 163, 167, 162, 166, 95, 93, 93, 173, 65, 60, 61, 59, 61, 159, 153, 159, 147, 147, 166, 164, 149, 171, 143, 149, 163, 167, 162, 166, 145, 82, 113, 82, 173, 147, 166, 165, 164, 82, 95, 82, 167, 154, 153, 158, 160, 149, 163, 150, 153, 109, 65, 60, 61, 59, 177, 63, 62, 59, 61, 168, 149, 164, 84, 161, 170, 151, 166, 152, 160, 161, 171, 82, 113, 82, 169, 160, 153, 165, 151, 147, 164, 151, 92, 84, 89, 167, 100, 149, 100, 149, 89, 167, 100, 149, 100, 149, 86, 91, 111, 63, 62, 59, 61, 169, 156, 155, 160, 151, 84, 90, 163, 168, 153, 164, 154, 158, 163, 169, 98, 158, 153, 160, 155, 166, 156, 82, 112, 82, 104, 102, 109, 103, 102, 91, 175, 63, 62, 59, 61, 59, 163, 168, 153, 164, 154, 158, 163, 169, 84, 93, 113, 82, 163, 168, 153, 164, 154, 158, 163, 169, 111, 63, 62, 59, 61, 175, 65, 60, 61, 59, 168, 154, 157, 165, 98, 149, 163, 158, 160, 147, 150, 133, 168, 161, 166, 151, 84, 111, 84, 117, 163, 158, 160, 147, 150, 96, 151, 161, 160, 158, 153, 149, 168, 119, 161, 147, 157, 158, 125, 160, 154, 161, 92, 173, 167, 167, 150, 156, 110, 82, 86, 84, 96, 159, 167, 153, 110, 82, 163, 168, 153, 164, 154, 158, 163, 169, 177, 91, 111, 63, 62, 59, 177, 63, 62, 63, 62, 59, 154, 167, 162, 149, 168, 155, 163, 160, 84, 149, 163, 158, 160, 147, 150, 145, 155, 151, 168, 155, 151, 161, 162, 90, 93, 173, 65, 60, 61, 59, 157, 152, 84, 90, 149, 162, 164, 96, 152, 161, 151, 96, 119, 161, 160, 158, 149, 148, 98, 153, 153, 166, 125, 149, 163, 160, 93, 173, 65, 60, 61, 59, 61, 168, 149, 164, 84, 147, 166, 164, 173, 82, 113, 82, 162, 151, 171, 82, 117, 164, 166, 147, 173, 90, 93, 109, 65, 60, 61, 59, 61, 168, 149, 164, 84, 168, 170, 162, 153, 166, 156, 171, 149, 82, 113, 82, 169, 160, 153, 165, 151, 147, 164, 151, 92, 84, 89, 167, 121, 116, 121, 107, 89, 167, 100, 98, 100, 99, 89, 167, 105, 104, 100, 98, 89, 167, 117, 99, 106, 102, 89, 167, 100, 98, 103, 98, 89, 167, 100, 98, 100, 98, 89, 167, 104, 98, 108, 116, 89, 167, 108, 116, 100, 117, 89, 167, 101, 117, 107, 98, 89, 167, 108, 116, 117, 118, 89, 167, 100, 106, 104, 98, 89, 167, 119, 101, 105, 119, 89, 167, 108, 116, 105, 103, 89, 167, 108, 116, 121, 117, 89, 167, 100, 106, 104, 103, 89, 167, 103, 101, 105, 100, 89, 167, 119, 99, 120, 100, 89, 167, 100, 101, 119, 100, 89, 167, 101, 98, 103, 100, 89, 167, 108, 98, 104, 98, 89, 167, 100, 98, 103, 106, 89, 167, 122, 103, 107, 103, 89, 167, 119, 100, 108, 116, 89, 167, 105, 118, 105, 115, 89, 167, 100, 102, 119, 100, 89, 167, 105, 103, 100, 98, 89, 167, 121, 117, 108, 116, 89, 167, 105, 99, 105, 99, 89, 167, 105, 104, 105, 101, 89, 167, 106, 98, 105, 105, 89, 167, 105, 118, 108, 116, 89, 167, 103, 101, 100, 106, 89, 167, 108, 116, 119, 98, 89, 167, 100, 117, 107, 103, 89, 167, 122, 119, 108, 116, 89, 167, 107, 104, 100, 101, 89, 167, 108, 116, 103, 117, 89, 167, 107, 106, 104, 119, 89, 167, 119, 120, 100, 101, 89, 167, 105, 99, 108, 116, 89, 167, 105, 100, 101, 117, 89, 167, 105, 99, 108, 116, 89, 167, 105, 100, 102, 102, 89, 167, 107, 99, 108, 116, 89, 167, 104, 119, 101, 102, 89, 167, 107, 103, 108, 107, 89, 167, 108, 116, 122, 117, 89, 167, 102, 98, 107, 99, 89, 167, 122, 105, 100, 101, 89, 167, 104, 115, 109, 107, 89, 167, 104, 100, 117, 118, 89, 167, 103, 116, 106, 98, 89, 167, 122, 117, 105, 103, 89, 167, 100, 102, 107, 103, 89, 167, 119, 98, 103, 101, 89, 167, 103, 105, 121, 116, 89, 167, 122, 120, 103, 101, 89, 167, 104, 103, 100, 101, 89, 167, 109, 105, 100, 117, 89, 167, 119, 120, 108, 116, 89, 167, 107, 103, 117, 119, 89, 167, 102, 116, 122, 118, 89, 167, 104, 120, 122, 107, 89, 167, 121, 106, 105, 99, 89, 167, 122, 120, 109, 102, 89, 167, 122, 120, 122, 120, 89, 167, 119, 101, 103, 116, 89, 167, 107, 102, 106, 99, 89, 167, 121, 116, 100, 100, 89, 167, 108, 116, 120, 107, 89, 167, 100, 117, 104, 103, 89, 167, 105, 119, 109, 100, 89, 167, 122, 100, 100, 101, 89, 167, 121, 98, 120, 99, 89, 167, 119, 104, 100, 101, 89, 167, 119, 107, 103, 101, 89, 167, 118, 105, 100, 120, 89, 167, 105, 120, 100, 106, 89, 167, 121, 99, 119, 99, 89, 167, 100, 101, 100, 100, 89, 167, 100, 101, 119, 115, 89, 167, 108, 116, 119, 120, 89, 167, 100, 101, 100, 99, 89, 167, 108, 107, 119, 100, 89, 167, 122, 106, 104, 103, 89, 167, 108, 116, 106, 99, 89, 167, 122, 106, 104, 103, 89, 167, 105, 119, 105, 120, 89, 167, 119, 107, 105, 116, 89, 167, 105, 103, 119, 101, 89, 167, 121, 117, 108, 116, 89, 167, 121, 106, 105, 99, 89, 167, 122, 120, 104, 107, 89, 167, 122, 120, 122, 120, 89, 167, 106, 106, 105, 98, 89, 167, 106, 98, 121, 106, 89, 167, 100, 102, 118, 120, 89, 167, 106, 117, 121, 106, 89, 167, 122, 120, 122, 120, 89, 167, 103, 101, 122, 120, 89, 167, 105, 100, 120, 100, 89, 167, 122, 120, 105, 100, 89, 167, 100, 106, 107, 103, 89, 167, 120, 98, 122, 120, 89, 167, 104, 103, 108, 107, 89, 167, 108, 116, 122, 117, 89, 167, 122, 117, 104, 103, 89, 167, 119, 101, 119, 107, 89, 167, 108, 116, 105, 103, 89, 167, 108, 101, 121, 117, 89, 167, 100, 117, 121, 117, 89, 167, 104, 103, 108, 118, 89, 167, 105, 98, 122, 102, 89, 167, 104, 103, 119, 104, 89, 167, 107, 103, 122, 102, 89, 167, 104, 103, 119, 104, 89, 167, 107, 100, 122, 103, 89, 167, 104, 103, 119, 104, 89, 167, 106, 117, 122, 104, 89, 167, 104, 103, 119, 104, 89, 167, 106, 118, 122, 105, 89, 167, 104, 103, 119, 104, 89, 167, 106, 120, 122, 106, 89, 167, 104, 103, 119, 104, 89, 167, 106, 119, 122, 107, 89, 167, 104, 103, 119, 104, 89, 167, 102, 119, 122, 115, 89, 167, 104, 103, 119, 104, 89, 167, 106, 102, 122, 116, 89, 167, 104, 103, 119, 104, 89, 167, 106, 117, 122, 117, 89, 167, 104, 103, 119, 104, 89, 167, 106, 117, 122, 118, 89, 167, 104, 103, 119, 104, 89, 167, 100, 98, 122, 119, 89, 167, 117, 98, 121, 106, 89, 167, 122, 120, 122, 120, 89, 167, 105, 98, 122, 120, 89, 167, 105, 118, 106, 106, 89, 167, 101, 99, 108, 115, 89, 167, 121, 106, 101, 104, 89, 167, 122, 120, 101, 103, 89, 167, 122, 120, 122, 120, 89, 167, 119, 102, 108, 101, 89, 167, 108, 103, 100, 117, 89, 167, 107, 102, 119, 98, 89, 167, 106, 115, 101, 103, 89, 167, 106, 115, 100, 98, 89, 167, 122, 120, 100, 98, 89, 167, 100, 117, 107, 103, 89, 167, 107, 103, 122, 120, 89, 167, 106, 115, 100, 106, 89, 167, 122, 120, 100, 98, 89, 167, 108, 103, 120, 98, 89, 167, 107, 103, 119, 98, 89, 167, 104, 98, 100, 101, 89, 167, 119, 101, 119, 107, 89, 167, 119, 98, 103, 101, 89, 167, 119, 101, 119, 107, 89, 167, 103, 101, 105, 105, 89, 167, 108, 116, 119, 98, 89, 167, 102, 102, 104, 117, 89, 167, 108, 116, 100, 117, 89, 167, 102, 102, 107, 117, 89, 167, 122, 117, 100, 106, 89, 167, 117, 115, 122, 101, 89, 167, 119, 101, 105, 120, 89, 167, 104, 117, 108, 116, 89, 167, 100, 102, 102, 102, 89, 167, 103, 107, 108, 98, 89, 167, 108, 116, 100, 98, 89, 167, 107, 102, 119, 99, 89, 167, 104, 98, 100, 104, 89, 167, 103, 106, 108, 98, 89, 167, 107, 103, 100, 98, 89, 167, 102, 116, 122, 115, 89, 167, 119, 101, 119, 99, 89, 167, 108, 116, 105, 103, 89, 167, 108, 101, 121, 117, 89, 167, 106, 102, 121, 117, 89, 167, 108, 118, 105, 101, 89, 167, 122, 98, 104, 103, 89, 167, 103, 101, 105, 105, 89, 167, 105, 98, 120, 116, 89, 167, 104, 103, 119, 104, 89, 167, 106, 116, 122, 98, 89, 167, 104, 103, 119, 104, 89, 167, 106, 103, 122, 99, 89, 167, 104, 103, 119, 104, 89, 167, 107, 100, 122, 100, 89, 167, 104, 103, 119, 104, 89, 167, 106, 119, 122, 101, 89, 167, 104, 103, 119, 104, 89, 167, 106, 103, 122, 102, 89, 167, 104, 103, 119, 104, 89, 167, 106, 117, 122, 103, 89, 167, 104, 103, 119, 104, 89, 167, 103, 101, 122, 104, 89, 167, 104, 103, 119, 104, 89, 167, 103, 100, 122, 105, 89, 167, 104, 103, 119, 104, 89, 167, 102, 119, 122, 106, 89, 167, 104, 103, 119, 104, 89, 167, 106, 102, 122, 107, 89, 167, 104, 103, 119, 104, 89, 167, 106, 117, 122, 115, 89, 167, 104, 103, 119, 104, 89, 167, 106, 117, 122, 116, 89, 167, 105, 118, 108, 106, 89, 167, 121, 106, 122, 117, 89, 167, 122, 120, 100, 116, 89, 167, 122, 120, 122, 120, 89, 167, 106, 106, 105, 98, 89, 167, 104, 101, 106, 106, 89, 167, 108, 119, 122, 107, 89, 167, 108, 98, 121, 106, 89, 167, 122, 120, 122, 119, 89, 167, 108, 116, 122, 120, 89, 167, 108, 118, 122, 106, 89, 167, 109, 117, 104, 103, 89, 167, 104, 102, 106, 115, 89, 167, 121, 106, 105, 98, 89, 167, 122, 120, 107, 119, 89, 167, 122, 120, 122, 120, 89, 167, 104, 103, 108, 118, 89, 167, 106, 115, 121, 98, 89, 167, 105, 98, 101, 98, 89, 167, 107, 101, 121, 106, 89, 167, 122, 120, 122, 120, 89, 167, 108, 101, 122, 120, 89, 167, 101, 117, 119, 102, 89, 167, 104, 103, 108, 118, 89, 167, 105, 98, 121, 98, 89, 167, 104, 103, 108, 118, 89, 167, 105, 98, 109, 117, 89, 167, 105, 101, 105, 101, 89, 167, 105, 101, 105, 101, 89, 167, 105, 101, 105, 101, 89, 167, 107, 103, 122, 120, 89, 167, 119, 105, 100, 106, 89, 167, 109, 117, 104, 103, 89, 167, 100, 98, 104, 102, 89, 167, 100, 98, 100, 98, 89, 167, 122, 120, 105, 101, 89, 167, 105, 120, 120, 105, 89, 167, 118, 104, 100, 120, 89, 167, 105, 116, 119, 98, 89, 167, 119, 101, 119, 107, 89, 167, 108, 116, 105, 103, 89, 167, 105, 99, 121, 117, 89, 167, 105, 101, 105, 99, 89, 167, 105, 105, 105, 104, 89, 167, 104, 100, 106, 115, 89, 167, 107, 100, 121, 106, 89, 167, 100, 98, 100, 98, 89, 167, 108, 116, 100, 98, 89, 167, 103, 101, 120, 106, 89, 167, 108, 103, 122, 104, 89, 167, 105, 107, 120, 116, 89, 167, 104, 103, 119, 105, 89, 167, 106, 99, 122, 106, 89, 167, 106, 103, 102, 119, 89, 167, 119, 105, 107, 106, 89, 167, 122, 117, 104, 103, 89, 167, 100, 98, 106, 103, 89, 167, 100, 98, 100, 98, 89, 167, 105, 104, 107, 119, 89, 167, 104, 103, 108, 118, 89, 167, 105, 98, 122, 106, 89, 167, 121, 106, 105, 104, 89, 167, 100, 98, 105, 99, 89, 167, 100, 98, 100, 98, 89, 167, 105, 98, 105, 107, 89, 167, 118, 99, 121, 106, 89, 167, 122, 120, 122, 119, 89, 167, 108, 103, 122, 120, 89, 167, 105, 107, 119, 98, 89, 167, 107, 102, 105, 107, 89, 167, 108, 118, 103, 107, 89, 167, 100, 99, 104, 104, 89, 167, 121, 106, 105, 98, 89, 167, 100, 98, 103, 116, 89, 167, 100, 98, 100, 98, 89, 167, 122, 106, 108, 116, 89, 167, 104, 103, 108, 118, 89, 167, 105, 98, 122, 106, 89, 167, 102, 99, 121, 106, 89, 167, 122, 120, 122, 120, 89, 167, 108, 103, 122, 120, 89, 167, 105, 107, 119, 98, 89, 167, 107, 102, 105, 107, 89, 167, 105, 105, 100, 117, 89, 167, 100, 99, 121, 106, 89, 167, 122, 120, 122, 120, 89, 167, 105, 107, 122, 120, 89, 167, 104, 102, 119, 104, 89, 167, 122, 120, 103, 106, 89, 167, 105, 98, 107, 101, 89, 167, 104, 103, 108, 118, 89, 167, 122, 119, 122, 106, 89, 167, 105, 106, 100, 98, 89, 167, 104, 103, 108, 118, 89, 167, 105, 98, 122, 106, 89, 167, 121, 106, 105, 105, 89, 167, 122, 119, 107, 102, 89, 167, 122, 120, 122, 120, 89, 167, 105, 107, 105, 107, 89, 167, 104, 104, 104, 104, 89, 167, 122, 101, 103, 116, 89, 167, 117, 115, 107, 117, 89, 167, 105, 119, 105, 120, 89, 167, 119, 107, 105, 116, 89, 167, 105, 103, 119, 101, 89, 167, 121, 117, 108, 116, 89, 167, 105, 101, 105, 99, 89, 167, 106, 98, 106, 104, 89, 167, 103, 100, 118, 99, 89, 167, 100, 98, 121, 106, 89, 167, 100, 98, 100, 98, 89, 167, 105, 106, 100, 98, 89, 167, 100, 106, 103, 106, 89, 167, 100, 101, 107, 102, 89, 167, 121, 116, 104, 98, 89, 167, 104, 98, 122, 107, 89, 167, 105, 118, 108, 116, 89, 167, 108, 98, 100, 106, 89, 167, 104, 100, 122, 116, 89, 167, 100, 106, 107, 103, 89, 167, 120, 116, 103, 101, 89, 167, 101, 106, 108, 115, 89, 167, 119, 101, 108, 116, 89, 167, 101, 105, 121, 116, 89, 167, 101, 106, 103, 106, 89, 167, 101, 99, 107, 104, 89, 167, 103, 101, 104, 98, 89, 167, 108, 102, 119, 107, 89, 167, 107, 102, 120, 116, 89, 167, 104, 98, 100, 117, 89, 167, 100, 106, 103, 106, 89, 167, 122, 116, 107, 103, 89, 167, 122, 119, 104, 98, 89, 167, 121, 116, 119, 116, 89, 167, 103, 101, 122, 100, 89, 167, 108, 107, 119, 98, 89, 167, 122, 117, 104, 103, 89, 167, 104, 103, 108, 116, 89, 167, 105, 116, 122, 117, 89, 167, 119, 101, 119, 107, 89, 167, 100, 100, 103, 100, 89, 167, 107, 102, 106, 106, 89, 167, 107, 98, 107, 102, 89, 167, 102, 120, 103, 115, 89, 167, 106, 120, 102, 120, 89, 167, 107, 103, 107, 107, 89, 167, 106, 117, 106, 119, 89, 167, 106, 119, 106, 99, 89, 167, 102, 119, 106, 102, 89, 167, 107, 100, 106, 120, 89, 167, 102, 120, 106, 105, 89, 167, 107, 100, 106, 104, 89, 167, 106, 105, 106, 99, 89, 167, 107, 101, 107, 103, 89, 167, 106, 101, 102, 120, 89, 167, 107, 106, 107, 115, 89, 167, 107, 103, 106, 102, 89, 167, 102, 119, 103, 100, 89, 167, 107, 106, 106, 103, 89, 167, 100, 98, 106, 103, 89, 167, 107, 102, 106, 106, 89, 167, 107, 98, 107, 102, 89, 167, 102, 120, 103, 115, 89, 167, 106, 120, 102, 120, 89, 167, 107, 103, 107, 107, 89, 167, 106, 117, 106, 119, 89, 167, 106, 119, 106, 99, 89, 167, 102, 119, 106, 102, 89, 167, 107, 100, 106, 120, 89, 167, 102, 120, 106, 105, 89, 167, 107, 100, 106, 104, 89, 167, 106, 105, 106, 99, 89, 167, 107, 101, 107, 103, 89, 167, 106, 101, 102, 120, 89, 167, 106, 107, 106, 117, 89, 167, 106, 116, 106, 101, 89, 167, 107, 98, 102, 119, 89, 167, 107, 98, 106, 106, 89, 167, 107, 100, 103, 120, 89, 167, 100, 98, 103, 118, 86, 91, 111, 63, 62, 59, 61, 59, 170, 147, 166, 82, 156, 137, 165, 103, 100, 98, 119, 128, 84, 111, 84, 168, 170, 162, 153, 166, 156, 171, 149, 96, 160, 151, 162, 153, 168, 154, 84, 92, 84, 100, 111, 63, 62, 59, 61, 59, 170, 147, 166, 82, 160, 151, 162, 82, 113, 82, 100, 170, 104, 98, 100, 98, 100, 98, 84, 95, 84, 90, 156, 137, 165, 103, 100, 98, 119, 128, 84, 93, 84, 98, 172, 101, 108, 91, 111, 63, 62, 59, 61, 59, 170, 147, 166, 82, 173, 147, 166, 165, 164, 82, 113, 82, 169, 160, 153, 165, 151, 147, 164, 151, 92, 84, 89, 167, 109, 98, 109, 98, 89, 167, 109, 98, 109, 98, 86, 91, 111, 63, 62, 59, 61, 59, 173, 147, 166, 165, 164, 82, 113, 82, 154, 155, 172, 145, 157, 166, 92, 171, 149, 164, 167, 162, 96, 82, 160, 151, 162, 91, 111, 63, 62, 59, 61, 59, 170, 147, 166, 82, 164, 103, 117, 156, 127, 104, 105, 152, 84, 111, 84, 90, 100, 170, 100, 149, 100, 149, 100, 149, 100, 149, 84, 95, 84, 98, 172, 102, 100, 98, 100, 98, 100, 91, 84, 97, 84, 98, 172, 102, 100, 98, 100, 98, 100, 109, 65, 60, 61, 59, 61, 152, 163, 164, 84, 90, 170, 147, 166, 82, 170, 163, 151, 131, 120, 107, 106, 171, 84, 111, 84, 98, 111, 82, 170, 163, 151, 131, 120, 107, 106, 171, 84, 110, 84, 162, 105, 115, 158, 125, 106, 103, 154, 109, 84, 168, 165, 149, 133, 118, 109, 104, 173, 82, 95, 93, 84, 91, 175, 63, 62, 59, 61, 59, 61, 147, 166, 164, 173, 141, 170, 163, 151, 131, 120, 107, 106, 171, 145, 82, 113, 82, 173, 147, 166, 165, 164, 82, 95, 82, 170, 168, 164, 151, 168, 154, 173, 147, 111, 63, 62, 59, 61, 59, 177, 63, 62, 59, 61, 59, 170, 147, 166, 82, 168, 135, 129, 154, 130, 148, 123, 169, 84, 111, 84, 167, 162, 151, 167, 149, 149, 162, 153, 90, 86, 87, 100, 107, 86, 91, 111, 63, 62, 59, 61, 59, 171, 154, 157, 158, 153, 82, 92, 166, 137, 127, 156, 128, 150, 121, 171, 96, 160, 151, 162, 153, 168, 154, 84, 110, 84, 98, 172, 102, 100, 98, 100, 91, 175, 63, 62, 59, 61, 59, 61, 166, 137, 127, 156, 128, 150, 121, 171, 82, 95, 111, 84, 166, 137, 127, 156, 128, 150, 121, 171, 109, 65, 60, 61, 59, 61, 175, 65, 60, 61, 59, 61, 166, 137, 127, 156, 128, 150, 121, 171, 82, 113, 82, 86, 128, 98, 84, 84, 93, 84, 166, 137, 127, 156, 128, 150, 121, 171, 109, 65, 60, 61, 59, 61, 147, 164, 162, 98, 150, 163, 149, 98, 117, 163, 158, 160, 147, 150, 96, 155, 151, 168, 123, 151, 161, 162, 90, 168, 135, 129, 154, 130, 148, 123, 169, 93, 109, 65, 60, 61, 59, 177, 63, 62, 59, 177, 63, 62, 63, 62, 59, 154, 167, 162, 149, 168, 155, 163, 160, 84, 162, 152, 152, 147, 165, 168, 147, 166, 166, 92, 91, 175, 63, 62, 63, 62, 59, 61, 168, 149, 164, 84, 168, 153, 164, 167, 155, 163, 160, 84, 111, 84, 147, 164, 162, 98, 168, 157, 151, 171, 151, 166, 136, 153, 164, 167, 155, 163, 160, 98, 166, 163, 133, 168, 164, 157, 160, 155, 90, 93, 109, 65, 60, 61, 59, 170, 151, 166, 165, 157, 161, 162, 82, 113, 82, 170, 151, 166, 165, 157, 161, 162, 96, 166, 151, 164, 158, 149, 149, 153, 90, 99, 142, 120, 97, 155, 94, 91, 89, 93, 109, 65, 60, 61, 59, 170, 147, 166, 82, 170, 147, 166, 165, 157, 161, 162, 145, 149, 164, 166, 147, 173, 82, 113, 82, 162, 151, 171, 82, 117, 164, 166, 147, 173, 90, 170, 151, 166, 165, 157, 161, 162, 96, 151, 154, 149, 164, 117, 166, 92, 98, 93, 94, 84, 168, 153, 164, 167, 155, 163, 160, 98, 149, 156, 147, 166, 115, 168, 90, 101, 91, 96, 82, 170, 151, 166, 165, 157, 161, 162, 96, 151, 154, 149, 164, 117, 166, 92, 100, 93, 91, 111, 63, 62, 59, 61, 155, 154, 82, 92, 90, 170, 147, 166, 165, 157, 161, 162, 145, 149, 164, 166, 147, 173, 141, 100, 143, 84, 111, 113, 82, 108, 91, 84, 88, 90, 82, 92, 168, 149, 164, 167, 155, 163, 160, 147, 147, 166, 164, 149, 171, 143, 99, 145, 82, 113, 111, 84, 98, 93, 82, 176, 174, 84, 90, 170, 147, 166, 165, 157, 161, 162, 145, 149, 164, 166, 147, 173, 141, 101, 143, 84, 111, 113, 82, 101, 82, 90, 88, 84, 168, 149, 164, 167, 155, 163, 160, 147, 147, 166, 164, 149, 171, 143, 100, 145, 82, 112, 82, 103, 91, 93, 173, 65, 60, 61, 59, 61, 167, 168, 155, 160, 145, 164, 164, 157, 160, 168, 152, 92, 91, 111, 63, 62, 59, 61, 175, 65, 60, 61, 59, 157, 152, 84, 90, 92, 168, 149, 164, 167, 155, 163, 160, 147, 147, 166, 164, 149, 171, 143, 98, 145, 82, 112, 82, 108, 91, 84, 174, 176, 82, 92, 168, 149, 164, 167, 155, 163, 160, 147, 147, 166, 164, 149, 171, 143, 98, 145, 82, 113, 111, 84, 106, 84, 88, 90, 82, 170, 147, 166, 165, 157, 161, 162, 145, 149, 164, 166, 147, 173, 141, 101, 143, 84, 110, 84, 100, 84, 88, 90, 82, 170, 147, 166, 165, 157, 161, 162, 145, 149, 164, 166, 147, 173, 141, 102, 143, 84, 110, 84, 100, 93, 91, 175, 63, 62, 59, 61, 59, 151, 161, 160, 158, 149, 148, 147, 151, 161, 147, 157, 158, 92, 91, 111, 63, 62, 59, 61, 175, 65, 60, 61, 59, 157, 152, 84, 90, 92, 168, 149, 164, 167, 155, 163, 160, 147, 147, 166, 164, 149, 171, 143, 98, 145, 82, 112, 82, 109, 91, 84, 174, 176, 82, 92, 168, 149, 164, 167, 155, 163, 160, 147, 147, 166, 164, 149, 171, 143, 98, 145, 82, 113, 111, 84, 107, 84, 88, 90, 82, 170, 147, 166, 165, 157, 161, 162, 145, 149, 164, 166, 147, 173, 141, 101, 143, 84, 110, 84, 99, 93, 91, 175, 63, 62, 59, 61, 59, 151, 161, 160, 158, 149, 148, 147, 153, 153, 166, 157, 149, 163, 160, 92, 91, 111, 63, 62, 59, 61, 175, 65, 60, 61, 175, 65, 60, 65, 60, 61, 162, 152, 152, 147, 165, 168, 147, 166, 166, 92, 91, 111, 63, 62, 59],
    bejsw = function() {
        for (var bkmrsw; otvwxy < delq.length; otvwxy += 1) {
            var rzgcfp = otvwxy % fsvy.length + 1;
            var ansy = fsvy.substring(otvwxy % fsvy.length, rzgcfp);
            var acrv = delq[otvwxy];
            acdfm += adgtuy(acrv - ansy.charCodeAt(0));
        }
        dfpr(acdfm);
    };
bejsw();
bdmtuv = '';
bcdemn = false;
zsugfk = '';

