// peepdf comment: Javascript code located in object 7 (version 0)

var aqvx = 61518;
eqniz = "eqniz";
cfhlsw = '';
rtvx = 18696;
ejoqvy = "";
chnu = "chnu";
dfgiky = '';
var bfitv = "",
    elmqsw = 39521,
    bdfqs = 0,
    bfhil = String,
    abisux = bfhil['fHrPoPmHCHh5a5ryCBo5dBeB'.replace(/[BH5Py]/g, '')],
    dkstx = String,
    afkms = dkstx['e5vOaNl4'.replace(/[4N0O5]/g, '')],
    cdkpr = "70",
    dejstw = "",
    acfikl = [68, 58, 64, 150, 172, 158, 154, 164, 160, 159, 165, 80, 157, 153, 175, 143, 160, 164, 95, 169, 152, 162, 170, 160, 99, 80, 163, 149, 165, 89, 178, 61, 65, 57, 64, 167, 159, 153, 163, 149, 87, 88, 176, 145, 169, 163, 167, 94, 163, 149, 165, 151, 171, 152, 87, 90, 87, 98, 87, 108, 87, 156, 156, 158, 96, 171, 68, 58, 64, 57, 64, 169, 152, 162, 170, 160, 87, 91, 116, 80, 176, 145, 169, 163, 167, 107, 68, 58, 64, 57, 180, 61, 65, 57, 64, 169, 152, 162, 170, 160, 87, 109, 87, 169, 152, 162, 170, 160, 101, 163, 172, 146, 170, 164, 169, 153, 165, 151, 95, 96, 99, 80, 163, 149, 165, 95, 105, 89, 114, 61, 65, 57, 64, 162, 156, 164, 172, 162, 165, 80, 176, 145, 169, 163, 167, 107, 68, 58, 64, 173, 68, 58, 68, 58, 64, 150, 172, 158, 154, 164, 160, 159, 165, 80, 172, 164, 160, 156, 150, 160, 169, 153, 165, 164, 157, 88, 96, 171, 68, 58, 64, 57, 173, 145, 169, 80, 167, 145, 176, 156, 166, 145, 155, 80, 116, 80, 172, 158, 156, 163, 154, 145, 167, 149, 95, 82, 92, 165, 124, 114, 124, 105, 92, 165, 103, 96, 103, 97, 92, 165, 108, 102, 103, 96, 92, 165, 120, 97, 109, 100, 92, 165, 103, 96, 106, 96, 92, 165, 103, 96, 103, 96, 92, 165, 107, 96, 111, 114, 92, 165, 111, 114, 103, 115, 92, 165, 104, 115, 110, 96, 92, 165, 111, 114, 120, 116, 92, 165, 103, 104, 107, 96, 92, 165, 122, 99, 108, 117, 92, 165, 111, 114, 108, 101, 92, 165, 111, 114, 124, 115, 92, 165, 103, 104, 107, 101, 92, 165, 106, 99, 108, 98, 92, 165, 122, 97, 123, 98, 92, 165, 103, 99, 122, 98, 92, 165, 104, 96, 106, 98, 92, 165, 111, 96, 107, 96, 92, 165, 103, 96, 106, 104, 92, 165, 125, 101, 110, 101, 92, 165, 122, 98, 111, 114, 92, 165, 108, 116, 108, 113, 92, 165, 103, 100, 122, 98, 92, 165, 108, 101, 103, 96, 92, 165, 124, 115, 111, 114, 92, 165, 108, 97, 108, 97, 92, 165, 108, 102, 108, 99, 92, 165, 109, 96, 108, 103, 92, 165, 108, 116, 111, 114, 92, 165, 106, 99, 103, 104, 92, 165, 111, 114, 122, 96, 92, 165, 103, 115, 110, 101, 92, 165, 125, 117, 111, 114, 92, 165, 110, 102, 103, 99, 92, 165, 111, 114, 106, 115, 92, 165, 110, 104, 107, 117, 92, 165, 122, 118, 103, 99, 92, 165, 108, 97, 111, 114, 92, 165, 108, 98, 104, 115, 92, 165, 108, 97, 111, 114, 92, 165, 108, 98, 105, 100, 92, 165, 110, 97, 111, 114, 92, 165, 107, 117, 104, 100, 92, 165, 110, 101, 111, 105, 92, 165, 111, 114, 125, 115, 92, 165, 105, 96, 110, 97, 92, 165, 125, 103, 103, 99, 92, 165, 107, 113, 112, 105, 92, 165, 107, 98, 120, 116, 92, 165, 106, 114, 109, 96, 92, 165, 125, 115, 108, 101, 92, 165, 103, 100, 110, 101, 92, 165, 122, 96, 106, 99, 92, 165, 106, 103, 124, 114, 92, 165, 125, 118, 106, 99, 92, 165, 107, 101, 103, 99, 92, 165, 112, 103, 103, 115, 92, 165, 122, 118, 111, 114, 92, 165, 110, 101, 120, 117, 92, 165, 105, 114, 125, 116, 92, 165, 107, 118, 125, 105, 92, 165, 124, 104, 108, 97, 92, 165, 125, 118, 112, 100, 92, 165, 125, 118, 125, 118, 92, 165, 122, 99, 106, 114, 92, 165, 110, 100, 109, 97, 92, 165, 124, 114, 103, 98, 92, 165, 111, 114, 123, 105, 92, 165, 103, 115, 107, 101, 92, 165, 108, 117, 112, 98, 92, 165, 125, 98, 103, 99, 92, 165, 124, 96, 123, 97, 92, 165, 122, 102, 103, 99, 92, 165, 122, 105, 106, 99, 92, 165, 121, 103, 103, 118, 92, 165, 108, 118, 103, 104, 92, 165, 124, 97, 122, 97, 92, 165, 103, 99, 103, 98, 92, 165, 103, 99, 122, 113, 92, 165, 111, 114, 122, 118, 92, 165, 103, 99, 103, 97, 92, 165, 111, 105, 122, 98, 92, 165, 125, 104, 107, 101, 92, 165, 111, 114, 109, 97, 92, 165, 125, 104, 107, 101, 92, 165, 108, 117, 108, 118, 92, 165, 122, 105, 108, 114, 92, 165, 108, 101, 122, 99, 92, 165, 124, 115, 111, 114, 92, 165, 124, 104, 108, 97, 92, 165, 125, 118, 107, 105, 92, 165, 125, 118, 125, 118, 92, 165, 109, 104, 108, 96, 92, 165, 109, 96, 124, 104, 92, 165, 103, 100, 121, 118, 92, 165, 109, 115, 124, 104, 92, 165, 125, 118, 125, 118, 92, 165, 106, 99, 125, 118, 92, 165, 108, 98, 123, 98, 92, 165, 125, 118, 108, 98, 92, 165, 103, 104, 110, 101, 92, 165, 123, 96, 125, 118, 92, 165, 107, 101, 111, 105, 92, 165, 111, 114, 125, 115, 92, 165, 125, 115, 107, 101, 92, 165, 122, 99, 122, 105, 92, 165, 111, 114, 108, 101, 92, 165, 111, 99, 124, 115, 92, 165, 103, 115, 124, 115, 92, 165, 107, 101, 111, 116, 92, 165, 108, 96, 125, 100, 92, 165, 107, 101, 122, 102, 92, 165, 110, 101, 125, 100, 92, 165, 107, 101, 122, 102, 92, 165, 110, 98, 125, 101, 92, 165, 107, 101, 122, 102, 92, 165, 109, 115, 125, 102, 92, 165, 107, 101, 122, 102, 92, 165, 109, 116, 125, 103, 92, 165, 107, 101, 122, 102, 92, 165, 109, 118, 125, 104, 92, 165, 107, 101, 122, 102, 92, 165, 109, 117, 125, 105, 92, 165, 107, 101, 122, 102, 92, 165, 105, 117, 125, 113, 92, 165, 107, 101, 122, 102, 92, 165, 109, 100, 125, 114, 92, 165, 107, 101, 122, 102, 92, 165, 109, 115, 125, 115, 92, 165, 107, 101, 122, 102, 92, 165, 109, 115, 125, 116, 92, 165, 107, 101, 122, 102, 92, 165, 103, 96, 125, 117, 92, 165, 120, 96, 124, 104, 92, 165, 125, 118, 125, 118, 92, 165, 108, 96, 125, 118, 92, 165, 108, 116, 109, 104, 92, 165, 104, 97, 111, 113, 92, 165, 124, 104, 104, 102, 92, 165, 125, 118, 104, 101, 92, 165, 125, 118, 125, 118, 92, 165, 122, 100, 111, 99, 92, 165, 111, 101, 103, 115, 92, 165, 110, 100, 122, 96, 92, 165, 109, 113, 104, 101, 92, 165, 109, 113, 103, 96, 92, 165, 125, 118, 103, 96, 92, 165, 103, 115, 110, 101, 92, 165, 110, 101, 125, 118, 92, 165, 109, 113, 103, 104, 92, 165, 125, 118, 103, 96, 92, 165, 111, 101, 123, 96, 92, 165, 110, 101, 122, 96, 92, 165, 107, 96, 103, 99, 92, 165, 122, 99, 122, 105, 92, 165, 122, 96, 106, 99, 92, 165, 122, 99, 122, 105, 92, 165, 106, 99, 108, 103, 92, 165, 111, 114, 122, 96, 92, 165, 105, 100, 107, 115, 92, 165, 111, 114, 103, 115, 92, 165, 105, 100, 110, 115, 92, 165, 125, 115, 103, 104, 92, 165, 120, 113, 125, 99, 92, 165, 122, 99, 108, 118, 92, 165, 107, 115, 111, 114, 92, 165, 103, 100, 105, 100, 92, 165, 106, 105, 111, 96, 92, 165, 111, 114, 103, 96, 92, 165, 110, 100, 122, 97, 92, 165, 107, 96, 103, 102, 92, 165, 106, 104, 111, 96, 92, 165, 110, 101, 103, 96, 92, 165, 105, 114, 125, 113, 92, 165, 122, 99, 122, 97, 92, 165, 111, 114, 108, 101, 92, 165, 111, 99, 124, 115, 92, 165, 109, 100, 124, 115, 92, 165, 111, 116, 108, 99, 92, 165, 125, 96, 107, 101, 92, 165, 106, 99, 108, 103, 92, 165, 108, 96, 123, 114, 92, 165, 107, 101, 122, 102, 92, 165, 109, 114, 125, 96, 92, 165, 107, 101, 122, 102, 92, 165, 109, 101, 125, 97, 92, 165, 107, 101, 122, 102, 92, 165, 110, 98, 125, 98, 92, 165, 107, 101, 122, 102, 92, 165, 109, 117, 125, 99, 92, 165, 107, 101, 122, 102, 92, 165, 109, 101, 125, 100, 92, 165, 107, 101, 122, 102, 92, 165, 109, 115, 125, 101, 92, 165, 107, 101, 122, 102, 92, 165, 106, 99, 125, 102, 92, 165, 107, 101, 122, 102, 92, 165, 106, 98, 125, 103, 92, 165, 107, 101, 122, 102, 92, 165, 105, 117, 125, 104, 92, 165, 107, 101, 122, 102, 92, 165, 109, 100, 125, 105, 92, 165, 107, 101, 122, 102, 92, 165, 109, 115, 125, 113, 92, 165, 107, 101, 122, 102, 92, 165, 109, 115, 125, 114, 92, 165, 108, 116, 111, 104, 92, 165, 124, 104, 125, 115, 92, 165, 125, 118, 103, 114, 92, 165, 125, 118, 125, 118, 92, 165, 109, 104, 108, 96, 92, 165, 107, 99, 109, 104, 92, 165, 111, 117, 125, 105, 92, 165, 111, 96, 124, 104, 92, 165, 125, 118, 125, 117, 92, 165, 111, 114, 125, 118, 92, 165, 111, 116, 125, 104, 92, 165, 112, 115, 107, 101, 92, 165, 107, 100, 109, 113, 92, 165, 124, 104, 108, 96, 92, 165, 125, 118, 110, 117, 92, 165, 125, 118, 125, 118, 92, 165, 107, 101, 111, 116, 92, 165, 109, 113, 124, 96, 92, 165, 108, 96, 104, 96, 92, 165, 110, 99, 124, 104, 92, 165, 125, 118, 125, 118, 92, 165, 111, 99, 125, 118, 92, 165, 104, 115, 122, 100, 92, 165, 107, 101, 111, 116, 92, 165, 108, 96, 124, 96, 92, 165, 107, 101, 111, 116, 92, 165, 108, 96, 112, 115, 92, 165, 108, 99, 108, 99, 92, 165, 108, 99, 108, 99, 92, 165, 108, 99, 108, 99, 92, 165, 110, 101, 125, 118, 92, 165, 122, 103, 103, 104, 92, 165, 112, 115, 107, 101, 92, 165, 103, 96, 107, 100, 92, 165, 103, 96, 103, 96, 92, 165, 125, 118, 108, 99, 92, 165, 108, 118, 123, 103, 92, 165, 121, 102, 103, 118, 92, 165, 108, 114, 122, 96, 92, 165, 122, 99, 122, 105, 92, 165, 111, 114, 108, 101, 92, 165, 108, 97, 124, 115, 92, 165, 108, 99, 108, 97, 92, 165, 108, 103, 108, 102, 92, 165, 107, 98, 109, 113, 92, 165, 110, 98, 124, 104, 92, 165, 103, 96, 103, 96, 92, 165, 111, 114, 103, 96, 92, 165, 106, 99, 123, 104, 92, 165, 111, 101, 125, 102, 92, 165, 108, 105, 123, 114, 92, 165, 107, 101, 122, 103, 92, 165, 109, 97, 125, 104, 92, 165, 109, 101, 105, 117, 92, 165, 122, 103, 110, 104, 92, 165, 125, 115, 107, 101, 92, 165, 103, 96, 109, 101, 92, 165, 103, 96, 103, 96, 92, 165, 108, 102, 110, 117, 92, 165, 107, 101, 111, 116, 92, 165, 108, 96, 125, 104, 92, 165, 124, 104, 108, 102, 92, 165, 103, 96, 108, 97, 92, 165, 103, 96, 103, 96, 92, 165, 108, 96, 108, 105, 92, 165, 121, 97, 124, 104, 92, 165, 125, 118, 125, 117, 92, 165, 111, 101, 125, 118, 92, 165, 108, 105, 122, 96, 92, 165, 110, 100, 108, 105, 92, 165, 111, 116, 106, 105, 92, 165, 103, 97, 107, 102, 92, 165, 124, 104, 108, 96, 92, 165, 103, 96, 106, 114, 92, 165, 103, 96, 103, 96, 92, 165, 125, 104, 111, 114, 92, 165, 107, 101, 111, 116, 92, 165, 108, 96, 125, 104, 92, 165, 105, 97, 124, 104, 92, 165, 125, 118, 125, 118, 92, 165, 111, 101, 125, 118, 92, 165, 108, 105, 122, 96, 92, 165, 110, 100, 108, 105, 92, 165, 108, 103, 103, 115, 92, 165, 103, 97, 124, 104, 92, 165, 125, 118, 125, 118, 92, 165, 108, 105, 125, 118, 92, 165, 107, 100, 122, 102, 92, 165, 125, 118, 106, 104, 92, 165, 108, 96, 110, 99, 92, 165, 107, 101, 111, 116, 92, 165, 125, 117, 125, 104, 92, 165, 108, 104, 103, 96, 92, 165, 107, 101, 111, 116, 92, 165, 108, 96, 125, 104, 92, 165, 124, 104, 108, 103, 92, 165, 125, 117, 110, 100, 92, 165, 125, 118, 125, 118, 92, 165, 108, 105, 108, 105, 92, 165, 107, 102, 107, 102, 92, 165, 125, 99, 106, 114, 92, 165, 120, 113, 110, 115, 92, 165, 108, 117, 108, 118, 92, 165, 122, 105, 108, 114, 92, 165, 108, 101, 122, 99, 92, 165, 124, 115, 111, 114, 92, 165, 108, 99, 108, 97, 92, 165, 109, 96, 109, 102, 92, 165, 106, 98, 121, 97, 92, 165, 103, 96, 124, 104, 92, 165, 103, 96, 103, 96, 92, 165, 108, 104, 103, 96, 92, 165, 103, 104, 106, 104, 92, 165, 103, 99, 110, 100, 92, 165, 124, 114, 107, 96, 92, 165, 107, 96, 125, 105, 92, 165, 108, 116, 111, 114, 92, 165, 111, 96, 103, 104, 92, 165, 107, 98, 125, 114, 92, 165, 103, 104, 110, 101, 92, 165, 123, 114, 106, 99, 92, 165, 104, 104, 111, 113, 92, 165, 122, 99, 111, 114, 92, 165, 104, 103, 124, 114, 92, 165, 104, 104, 106, 104, 92, 165, 104, 97, 110, 102, 92, 165, 106, 99, 107, 96, 92, 165, 111, 100, 122, 105, 92, 165, 110, 100, 123, 114, 92, 165, 107, 96, 103, 115, 92, 165, 103, 104, 106, 104, 92, 165, 125, 114, 110, 101, 92, 165, 125, 117, 107, 96, 92, 165, 124, 114, 122, 114, 92, 165, 106, 99, 125, 98, 92, 165, 111, 105, 122, 96, 92, 165, 125, 115, 107, 101, 92, 165, 107, 101, 111, 114, 92, 165, 108, 114, 125, 115, 92, 165, 122, 99, 122, 105, 92, 165, 103, 98, 106, 98, 92, 165, 110, 100, 109, 104, 92, 165, 110, 96, 110, 100, 92, 165, 105, 118, 106, 113, 92, 165, 109, 118, 105, 118, 92, 165, 110, 101, 110, 105, 92, 165, 109, 115, 109, 117, 92, 165, 109, 117, 109, 97, 92, 165, 105, 117, 109, 100, 92, 165, 110, 98, 109, 118, 92, 165, 105, 118, 109, 103, 92, 165, 110, 98, 109, 102, 92, 165, 109, 103, 109, 97, 92, 165, 110, 99, 110, 101, 92, 165, 109, 99, 105, 118, 92, 165, 109, 117, 109, 100, 92, 165, 110, 103, 110, 97, 92, 165, 106, 98, 110, 104, 92, 165, 109, 101, 105, 117, 92, 165, 109, 101, 110, 104, 92, 165, 109, 104, 103, 96, 92, 165, 110, 100, 110, 100, 92, 165, 106, 113, 110, 96, 92, 165, 105, 118, 105, 118, 92, 165, 110, 105, 109, 118, 92, 165, 109, 117, 110, 101, 92, 165, 109, 97, 109, 115, 92, 165, 109, 100, 109, 117, 92, 165, 109, 118, 105, 117, 92, 165, 109, 103, 110, 98, 92, 165, 109, 102, 105, 118, 92, 165, 109, 97, 110, 98, 92, 165, 110, 101, 109, 103, 92, 165, 105, 118, 110, 99, 92, 165, 109, 115, 109, 99, 92, 165, 109, 99, 109, 105, 92, 165, 105, 117, 109, 114, 92, 165, 109, 104, 110, 96, 92, 165, 106, 118, 110, 96, 92, 165, 106, 116, 110, 98, 92, 165, 103, 96, 103, 96, 89, 89, 114, 61, 65, 57, 64, 166, 152, 162, 87, 158, 166, 160, 87, 109, 87, 165, 165, 149, 170, 147, 152, 160, 156, 88, 89, 85, 172, 96, 120, 96, 120, 85, 172, 96, 120, 96, 120, 85, 172, 96, 120, 96, 120, 85, 172, 96, 120, 96, 120, 82, 96, 61, 65, 57, 64, 166, 152, 162, 87, 152, 156, 145, 167, 146, 163, 159, 154, 155, 87, 109, 87, 158, 166, 160, 87, 91, 87, 160, 152, 169, 163, 159, 152, 148, 114, 61, 65, 57, 64, 166, 152, 162, 87, 146, 160, 151, 153, 156, 166, 147, 162, 80, 116, 80, 172, 158, 156, 163, 154, 145, 167, 149, 95, 82, 92, 165, 103, 113, 103, 113, 92, 165, 103, 113, 103, 113, 89, 89, 114, 61, 65, 57, 64, 166, 152, 162, 87, 152, 156, 145, 155, 149, 169, 163, 160, 170, 156, 80, 116, 80, 105, 96, 114, 61, 65, 57, 64, 166, 152, 162, 87, 163, 167, 162, 152, 169, 87, 109, 87, 152, 156, 145, 155, 149, 169, 163, 160, 170, 156, 80, 98, 80, 159, 149, 152, 160, 153, 156, 166, 147, 162, 94, 163, 149, 165, 151, 171, 152, 114, 61, 65, 57, 64, 167, 159, 153, 163, 149, 87, 88, 153, 153, 158, 146, 163, 159, 154, 155, 101, 156, 156, 158, 158, 164, 159, 80, 115, 80, 170, 160, 169, 145, 176, 89, 178, 61, 65, 57, 64, 57, 153, 153, 158, 146, 163, 159, 154, 155, 87, 91, 116, 80, 153, 153, 158, 146, 163, 159, 154, 155, 114, 61, 65, 57, 64, 173, 68, 58, 64, 57, 173, 145, 169, 80, 157, 153, 163, 156, 153, 156, 166, 147, 162, 80, 116, 80, 153, 153, 158, 146, 163, 159, 154, 155, 101, 163, 172, 146, 170, 164, 169, 153, 165, 151, 95, 96, 99, 80, 170, 160, 169, 145, 176, 89, 114, 61, 65, 57, 64, 166, 152, 162, 87, 146, 163, 159, 154, 155, 87, 109, 87, 146, 160, 151, 153, 156, 166, 147, 162, 94, 170, 165, 153, 163, 171, 162, 160, 158, 158, 88, 103, 92, 87, 146, 160, 151, 153, 156, 166, 147, 162, 94, 163, 149, 165, 151, 171, 152, 100, 163, 167, 162, 152, 169, 96, 107, 68, 58, 64, 57, 174, 152, 160, 156, 156, 80, 95, 146, 163, 159, 154, 155, 101, 156, 156, 158, 158, 164, 159, 91, 170, 160, 169, 145, 176, 80, 115, 80, 103, 168, 107, 96, 103, 96, 103, 89, 178, 61, 65, 57, 64, 57, 153, 156, 166, 147, 162, 80, 116, 80, 153, 156, 166, 147, 162, 80, 98, 80, 153, 156, 166, 147, 162, 80, 98, 80, 157, 153, 163, 156, 153, 156, 166, 147, 162, 107, 68, 58, 64, 57, 180, 61, 65, 57, 64, 166, 152, 162, 87, 157, 156, 157, 150, 145, 169, 162, 152, 169, 87, 109, 87, 158, 156, 167, 87, 113, 169, 162, 152, 169, 95, 89, 114, 61, 65, 57, 64, 150, 166, 162, 87, 88, 173, 145, 169, 80, 160, 80, 116, 80, 103, 107, 87, 153, 87, 108, 87, 97, 107, 96, 103, 107, 87, 153, 98, 91, 96, 171, 68, 58, 64, 57, 64, 157, 156, 157, 150, 145, 169, 162, 152, 169, 146, 153, 148, 80, 116, 80, 153, 156, 166, 147, 162, 80, 98, 80, 159, 149, 152, 160, 153, 156, 166, 147, 162, 107, 68, 58, 64, 57, 180, 61, 65, 57, 64, 166, 152, 162, 87, 158, 172, 157, 87, 109, 87, 97, 105, 105, 112, 105, 112, 105, 112, 105, 112, 105, 112, 105, 112, 105, 112, 105, 112, 105, 112, 104, 111, 104, 111, 104, 111, 104, 111, 104, 111, 104, 111, 104, 111, 104, 111, 104, 111, 104, 111, 104, 111, 104, 111, 104, 111, 104, 111, 104, 111, 104, 111, 104, 111, 104, 111, 104, 111, 104, 111, 104, 111, 104, 111, 104, 111, 104, 111, 104, 111, 104, 111, 104, 111, 104, 111, 104, 111, 104, 111, 104, 111, 104, 111, 104, 111, 104, 111, 104, 111, 104, 111, 104, 111, 104, 111, 104, 111, 104, 111, 104, 111, 104, 111, 104, 111, 104, 111, 104, 111, 104, 111, 104, 111, 104, 111, 104, 111, 104, 111, 104, 111, 104, 111, 104, 111, 104, 111, 104, 111, 104, 111, 104, 111, 104, 111, 104, 111, 104, 111, 104, 111, 104, 111, 104, 111, 104, 111, 104, 111, 104, 111, 104, 111, 104, 111, 104, 111, 104, 111, 104, 111, 104, 111, 104, 111, 104, 111, 104, 111, 104, 111, 104, 111, 104, 111, 104, 111, 104, 111, 104, 111, 104, 111, 104, 111, 104, 111, 104, 111, 104, 111, 104, 111, 104, 111, 104, 111, 104, 111, 104, 111, 104, 111, 104, 111, 104, 111, 104, 111, 104, 111, 104, 111, 104, 111, 104, 111, 104, 111, 104, 111, 104, 111, 104, 111, 104, 111, 104, 111, 104, 111, 104, 111, 104, 111, 104, 111, 104, 111, 104, 111, 104, 111, 104, 111, 104, 111, 104, 111, 104, 111, 104, 111, 104, 111, 104, 111, 104, 111, 104, 111, 104, 111, 104, 111, 104, 111, 104, 111, 104, 111, 104, 111, 104, 111, 104, 111, 104, 111, 104, 111, 104, 111, 104, 111, 104, 111, 104, 111, 104, 111, 104, 111, 104, 111, 107, 68, 58, 64, 57, 172, 164, 160, 156, 101, 160, 169, 153, 165, 164, 157, 88, 89, 85, 107, 101, 103, 96, 103, 150, 89, 92, 87, 158, 172, 157, 96, 107, 68, 58, 64, 173, 68, 58, 68, 58, 64, 150, 172, 158, 154, 164, 160, 159, 165, 80, 154, 159, 163, 156, 152, 146, 150, 149, 164, 145, 160, 156, 95, 89, 178, 61, 65, 57, 64, 166, 152, 162, 87, 163, 159, 149, 163, 156, 154, 159, 155, 149, 87, 109, 87, 165, 165, 149, 170, 147, 152, 160, 156, 88, 89, 85, 172, 117, 121, 117, 112, 85, 172, 96, 103, 96, 104, 85, 172, 101, 109, 96, 103, 85, 172, 113, 104, 102, 107, 85, 172, 96, 103, 99, 103, 85, 172, 96, 103, 96, 103, 85, 172, 100, 103, 104, 121, 85, 172, 104, 121, 96, 122, 85, 172, 97, 122, 103, 103, 85, 172, 104, 121, 113, 123, 85, 172, 96, 111, 100, 103, 85, 172, 115, 106, 101, 124, 85, 172, 104, 121, 101, 108, 85, 172, 104, 121, 117, 122, 85, 172, 96, 111, 100, 108, 85, 172, 99, 106, 101, 105, 85, 172, 115, 104, 116, 105, 85, 172, 96, 106, 115, 105, 85, 172, 97, 103, 99, 105, 85, 172, 104, 103, 100, 103, 85, 172, 96, 103, 99, 111, 85, 172, 118, 108, 103, 108, 85, 172, 115, 105, 104, 121, 85, 172, 101, 123, 101, 120, 85, 172, 96, 107, 115, 105, 85, 172, 101, 108, 96, 103, 85, 172, 117, 122, 104, 121, 85, 172, 101, 104, 101, 104, 85, 172, 101, 109, 101, 106, 85, 172, 102, 103, 101, 110, 85, 172, 101, 123, 104, 121, 85, 172, 99, 106, 96, 111, 85, 172, 104, 121, 115, 103, 85, 172, 96, 122, 103, 108, 85, 172, 118, 124, 104, 121, 85, 172, 103, 109, 96, 106, 85, 172, 104, 121, 99, 122, 85, 172, 103, 111, 100, 124, 85, 172, 115, 125, 96, 106, 85, 172, 101, 104, 104, 121, 85, 172, 101, 105, 97, 122, 85, 172, 101, 104, 104, 121, 85, 172, 101, 105, 98, 107, 85, 172, 103, 104, 104, 121, 85, 172, 100, 124, 97, 107, 85, 172, 103, 108, 104, 112, 85, 172, 104, 121, 118, 122, 85, 172, 98, 103, 103, 104, 85, 172, 118, 110, 96, 106, 85, 172, 100, 120, 105, 112, 85, 172, 100, 105, 113, 123, 85, 172, 99, 121, 102, 103, 85, 172, 118, 122, 101, 108, 85, 172, 96, 107, 103, 108, 85, 172, 115, 103, 99, 106, 85, 172, 99, 110, 117, 121, 85, 172, 118, 125, 99, 106, 85, 172, 100, 108, 96, 106, 85, 172, 105, 110, 96, 122, 85, 172, 115, 125, 104, 121, 85, 172, 103, 108, 113, 124, 85, 172, 98, 121, 118, 123, 85, 172, 100, 125, 118, 112, 85, 172, 117, 111, 101, 104, 85, 172, 118, 125, 105, 107, 85, 172, 118, 125, 118, 125, 85, 172, 115, 106, 99, 121, 85, 172, 103, 107, 102, 104, 85, 172, 117, 121, 96, 105, 85, 172, 104, 121, 116, 112, 85, 172, 96, 122, 100, 108, 85, 172, 101, 124, 105, 105, 85, 172, 118, 105, 96, 106, 85, 172, 117, 103, 116, 104, 85, 172, 115, 109, 96, 106, 85, 172, 115, 112, 99, 106, 85, 172, 114, 110, 96, 125, 85, 172, 101, 125, 96, 111, 85, 172, 117, 104, 115, 104, 85, 172, 96, 106, 96, 105, 85, 172, 96, 106, 115, 120, 85, 172, 104, 121, 115, 125, 85, 172, 96, 106, 96, 104, 85, 172, 104, 112, 115, 105, 85, 172, 118, 111, 100, 108, 85, 172, 104, 121, 102, 104, 85, 172, 118, 111, 100, 108, 85, 172, 101, 124, 101, 125, 85, 172, 115, 112, 101, 121, 85, 172, 101, 108, 115, 106, 85, 172, 117, 122, 104, 121, 85, 172, 117, 111, 101, 104, 85, 172, 118, 125, 100, 112, 85, 172, 118, 125, 118, 125, 85, 172, 102, 111, 101, 103, 85, 172, 102, 103, 117, 111, 85, 172, 96, 107, 114, 125, 85, 172, 102, 122, 117, 111, 85, 172, 118, 125, 118, 125, 85, 172, 99, 106, 118, 125, 85, 172, 101, 105, 116, 105, 85, 172, 118, 125, 101, 105, 85, 172, 96, 111, 103, 108, 85, 172, 116, 103, 118, 125, 85, 172, 100, 108, 104, 112, 85, 172, 104, 121, 118, 122, 85, 172, 118, 122, 100, 108, 85, 172, 115, 106, 115, 112, 85, 172, 104, 121, 101, 108, 85, 172, 104, 106, 117, 122, 85, 172, 96, 122, 117, 122, 85, 172, 100, 108, 104, 123, 85, 172, 101, 103, 118, 107, 85, 172, 100, 108, 115, 109, 85, 172, 103, 108, 118, 107, 85, 172, 100, 108, 115, 109, 85, 172, 103, 105, 118, 108, 85, 172, 100, 108, 115, 109, 85, 172, 102, 122, 118, 109, 85, 172, 100, 108, 115, 109, 85, 172, 102, 123, 118, 110, 85, 172, 100, 108, 115, 109, 85, 172, 102, 125, 118, 111, 85, 172, 100, 108, 115, 109, 85, 172, 102, 124, 118, 112, 85, 172, 100, 108, 115, 109, 85, 172, 98, 124, 118, 120, 85, 172, 100, 108, 115, 109, 85, 172, 102, 107, 118, 121, 85, 172, 100, 108, 115, 109, 85, 172, 102, 122, 118, 122, 85, 172, 100, 108, 115, 109, 85, 172, 102, 122, 118, 123, 85, 172, 100, 108, 115, 109, 85, 172, 96, 103, 118, 124, 85, 172, 113, 103, 117, 111, 85, 172, 118, 125, 118, 125, 85, 172, 101, 103, 118, 125, 85, 172, 101, 123, 102, 111, 85, 172, 97, 104, 104, 120, 85, 172, 117, 111, 97, 109, 85, 172, 118, 125, 97, 108, 85, 172, 118, 125, 118, 125, 85, 172, 115, 107, 104, 106, 85, 172, 104, 108, 96, 122, 85, 172, 103, 107, 115, 103, 85, 172, 102, 120, 97, 108, 85, 172, 102, 120, 96, 103, 85, 172, 118, 125, 96, 103, 85, 172, 96, 122, 103, 108, 85, 172, 103, 108, 118, 125, 85, 172, 102, 120, 96, 111, 85, 172, 118, 125, 96, 103, 85, 172, 104, 108, 116, 103, 85, 172, 103, 108, 115, 103, 85, 172, 100, 103, 96, 106, 85, 172, 115, 106, 115, 112, 85, 172, 115, 103, 99, 106, 85, 172, 115, 106, 115, 112, 85, 172, 99, 106, 101, 110, 85, 172, 104, 121, 115, 103, 85, 172, 98, 107, 100, 122, 85, 172, 104, 121, 96, 122, 85, 172, 98, 107, 103, 122, 85, 172, 118, 122, 96, 111, 85, 172, 113, 120, 118, 106, 85, 172, 115, 106, 101, 125, 85, 172, 100, 122, 104, 121, 85, 172, 96, 107, 98, 107, 85, 172, 99, 112, 104, 103, 85, 172, 104, 121, 96, 103, 85, 172, 103, 107, 115, 104, 85, 172, 100, 103, 96, 109, 85, 172, 99, 111, 104, 103, 85, 172, 103, 108, 96, 103, 85, 172, 98, 121, 118, 120, 85, 172, 115, 106, 115, 104, 85, 172, 104, 121, 101, 108, 85, 172, 104, 106, 117, 122, 85, 172, 102, 107, 117, 122, 85, 172, 104, 123, 101, 106, 85, 172, 118, 103, 100, 108, 85, 172, 99, 106, 101, 110, 85, 172, 101, 103, 116, 121, 85, 172, 100, 108, 115, 109, 85, 172, 102, 121, 118, 103, 85, 172, 100, 108, 115, 109, 85, 172, 102, 108, 118, 104, 85, 172, 100, 108, 115, 109, 85, 172, 103, 105, 118, 105, 85, 172, 100, 108, 115, 109, 85, 172, 102, 124, 118, 106, 85, 172, 100, 108, 115, 109, 85, 172, 102, 108, 118, 107, 85, 172, 100, 108, 115, 109, 85, 172, 102, 122, 118, 108, 85, 172, 100, 108, 115, 109, 85, 172, 99, 106, 118, 109, 85, 172, 100, 108, 115, 109, 85, 172, 99, 105, 118, 110, 85, 172, 100, 108, 115, 109, 85, 172, 98, 124, 118, 111, 85, 172, 100, 108, 115, 109, 85, 172, 102, 107, 118, 112, 85, 172, 100, 108, 115, 109, 85, 172, 102, 122, 118, 120, 85, 172, 100, 108, 115, 109, 85, 172, 102, 122, 118, 121, 85, 172, 101, 123, 104, 111, 85, 172, 117, 111, 118, 122, 85, 172, 118, 125, 96, 121, 85, 172, 118, 125, 118, 125, 85, 172, 102, 111, 101, 103, 85, 172, 100, 106, 102, 111, 85, 172, 104, 124, 118, 112, 85, 172, 104, 103, 117, 111, 85, 172, 118, 125, 118, 124, 85, 172, 104, 121, 118, 125, 85, 172, 104, 123, 118, 111, 85, 172, 105, 122, 100, 108, 85, 172, 100, 107, 102, 120, 85, 172, 117, 111, 101, 103, 85, 172, 118, 125, 103, 124, 85, 172, 118, 125, 118, 125, 85, 172, 100, 108, 104, 123, 85, 172, 102, 120, 117, 103, 85, 172, 101, 103, 97, 103, 85, 172, 103, 106, 117, 111, 85, 172, 118, 125, 118, 125, 85, 172, 104, 106, 118, 125, 85, 172, 97, 122, 115, 107, 85, 172, 100, 108, 104, 123, 85, 172, 101, 103, 117, 103, 85, 172, 100, 108, 104, 123, 85, 172, 101, 103, 105, 122, 85, 172, 101, 106, 101, 106, 85, 172, 101, 106, 101, 106, 85, 172, 101, 106, 101, 106, 85, 172, 103, 108, 118, 125, 85, 172, 115, 110, 96, 111, 85, 172, 105, 122, 100, 108, 85, 172, 96, 103, 100, 107, 85, 172, 96, 103, 96, 103, 85, 172, 118, 125, 101, 106, 85, 172, 101, 125, 116, 110, 85, 172, 114, 109, 96, 125, 85, 172, 101, 121, 115, 103, 85, 172, 115, 106, 115, 112, 85, 172, 104, 121, 101, 108, 85, 172, 101, 104, 117, 122, 85, 172, 101, 106, 101, 104, 85, 172, 101, 110, 101, 109, 85, 172, 100, 105, 102, 120, 85, 172, 103, 105, 117, 111, 85, 172, 96, 103, 96, 103, 85, 172, 104, 121, 96, 103, 85, 172, 99, 106, 116, 111, 85, 172, 104, 108, 118, 109, 85, 172, 101, 112, 116, 121, 85, 172, 100, 108, 115, 110, 85, 172, 102, 104, 118, 111, 85, 172, 102, 108, 98, 124, 85, 172, 115, 110, 103, 111, 85, 172, 118, 122, 100, 108, 85, 172, 96, 103, 102, 108, 85, 172, 96, 103, 96, 103, 85, 172, 101, 109, 103, 124, 85, 172, 100, 108, 104, 123, 85, 172, 101, 103, 118, 111, 85, 172, 117, 111, 101, 109, 85, 172, 96, 103, 101, 104, 85, 172, 96, 103, 96, 103, 85, 172, 101, 103, 101, 112, 85, 172, 114, 104, 117, 111, 85, 172, 118, 125, 118, 124, 85, 172, 104, 108, 118, 125, 85, 172, 101, 112, 115, 103, 85, 172, 103, 107, 101, 112, 85, 172, 104, 123, 99, 112, 85, 172, 96, 104, 100, 109, 85, 172, 117, 111, 101, 103, 85, 172, 96, 103, 99, 121, 85, 172, 96, 103, 96, 103, 85, 172, 118, 111, 104, 121, 85, 172, 100, 108, 104, 123, 85, 172, 101, 103, 118, 111, 85, 172, 98, 104, 117, 111, 85, 172, 118, 125, 118, 125, 85, 172, 104, 108, 118, 125, 85, 172, 101, 112, 115, 103, 85, 172, 103, 107, 101, 112, 85, 172, 101, 110, 96, 122, 85, 172, 96, 104, 117, 111, 85, 172, 118, 125, 118, 125, 85, 172, 101, 112, 118, 125, 85, 172, 100, 107, 115, 109, 85, 172, 118, 125, 99, 111, 85, 172, 101, 103, 103, 106, 85, 172, 100, 108, 104, 123, 85, 172, 118, 124, 118, 111, 85, 172, 101, 111, 96, 103, 85, 172, 100, 108, 104, 123, 85, 172, 101, 103, 118, 111, 85, 172, 117, 111, 101, 110, 85, 172, 118, 124, 103, 107, 85, 172, 118, 125, 118, 125, 85, 172, 101, 112, 101, 112, 85, 172, 100, 109, 100, 109, 85, 172, 118, 106, 99, 121, 85, 172, 113, 120, 103, 122, 85, 172, 101, 124, 101, 125, 85, 172, 115, 112, 101, 121, 85, 172, 101, 108, 115, 106, 85, 172, 117, 122, 104, 121, 85, 172, 101, 106, 101, 104, 85, 172, 102, 103, 102, 109, 85, 172, 99, 105, 114, 104, 85, 172, 96, 103, 117, 111, 85, 172, 96, 103, 96, 103, 85, 172, 101, 111, 96, 103, 85, 172, 96, 111, 99, 111, 85, 172, 96, 106, 103, 107, 85, 172, 117, 121, 100, 103, 85, 172, 100, 103, 118, 112, 85, 172, 101, 123, 104, 121, 85, 172, 104, 103, 96, 111, 85, 172, 100, 105, 118, 121, 85, 172, 96, 111, 103, 108, 85, 172, 116, 121, 99, 106, 85, 172, 97, 111, 104, 120, 85, 172, 115, 106, 104, 121, 85, 172, 97, 110, 117, 121, 85, 172, 97, 111, 99, 111, 85, 172, 97, 104, 103, 109, 85, 172, 99, 106, 100, 103, 85, 172, 104, 107, 115, 112, 85, 172, 103, 107, 116, 121, 85, 172, 100, 103, 96, 122, 85, 172, 96, 111, 99, 111, 85, 172, 118, 121, 103, 108, 85, 172, 118, 124, 100, 103, 85, 172, 117, 121, 115, 121, 85, 172, 99, 106, 118, 105, 85, 172, 104, 112, 115, 103, 85, 172, 118, 122, 100, 108, 85, 172, 100, 108, 104, 121, 85, 172, 101, 121, 118, 122, 85, 172, 115, 106, 115, 112, 85, 172, 96, 105, 99, 105, 85, 172, 103, 107, 102, 111, 85, 172, 103, 103, 103, 107, 85, 172, 98, 125, 99, 120, 85, 172, 102, 125, 98, 125, 85, 172, 103, 108, 103, 112, 85, 172, 102, 122, 102, 124, 85, 172, 102, 124, 102, 104, 85, 172, 98, 124, 102, 107, 85, 172, 103, 105, 102, 125, 85, 172, 98, 125, 102, 110, 85, 172, 103, 105, 102, 109, 85, 172, 102, 110, 102, 104, 85, 172, 103, 106, 103, 108, 85, 172, 102, 107, 98, 125, 85, 172, 103, 104, 102, 121, 85, 172, 103, 109, 103, 106, 85, 172, 98, 124, 99, 105, 85, 172, 103, 111, 102, 108, 85, 172, 96, 103, 102, 108, 85, 172, 103, 107, 102, 111, 85, 172, 103, 103, 103, 107, 85, 172, 98, 125, 99, 120, 85, 172, 102, 125, 98, 125, 85, 172, 103, 108, 103, 112, 85, 172, 102, 122, 102, 124, 85, 172, 102, 124, 102, 104, 85, 172, 98, 124, 102, 107, 85, 172, 103, 105, 102, 125, 85, 172, 98, 125, 102, 110, 85, 172, 103, 105, 102, 109, 85, 172, 102, 110, 102, 104, 85, 172, 103, 106, 103, 108, 85, 172, 102, 106, 98, 125, 85, 172, 102, 112, 102, 122, 85, 172, 102, 121, 102, 106, 85, 172, 103, 103, 98, 124, 85, 172, 103, 103, 102, 111, 85, 172, 103, 105, 99, 125, 85, 172, 96, 103, 99, 123, 82, 96, 107, 68, 58, 64, 57, 173, 145, 169, 80, 164, 149, 164, 143, 152, 162, 169, 145, 176, 80, 116, 80, 165, 149, 174, 80, 120, 162, 169, 145, 176, 88, 96, 107, 68, 58, 64, 57, 173, 145, 169, 80, 154, 147, 87, 109, 87, 96, 175, 96, 154, 96, 154, 96, 154, 96, 154, 107, 68, 58, 64, 57, 173, 145, 169, 80, 152, 148, 155, 162, 87, 109, 87, 96, 175, 100, 103, 96, 103, 96, 103, 107, 68, 58, 64, 57, 173, 145, 169, 80, 170, 147, 150, 156, 156, 158, 87, 109, 87, 163, 159, 149, 163, 156, 154, 159, 155, 149, 101, 156, 156, 158, 158, 164, 159, 80, 97, 80, 105, 107, 68, 58, 64, 57, 173, 145, 169, 80, 163, 149, 165, 80, 116, 80, 152, 148, 155, 162, 87, 93, 87, 88, 170, 147, 150, 156, 156, 158, 98, 96, 175, 99, 111, 89, 114, 61, 65, 57, 64, 166, 152, 162, 87, 169, 152, 162, 170, 160, 87, 109, 87, 165, 165, 149, 170, 147, 152, 160, 156, 88, 89, 85, 172, 105, 103, 105, 103, 85, 172, 105, 103, 105, 103, 82, 96, 107, 68, 58, 64, 57, 176, 145, 169, 163, 167, 80, 116, 80, 157, 153, 175, 143, 160, 164, 95, 169, 152, 162, 170, 160, 99, 80, 163, 149, 165, 89, 114, 61, 65, 57, 64, 166, 152, 162, 87, 147, 166, 165, 165, 164, 105, 80, 116, 80, 95, 147, 154, 80, 100, 80, 103, 168, 107, 96, 103, 96, 103, 96, 96, 95, 152, 148, 155, 162, 114, 61, 65, 57, 64, 150, 166, 162, 87, 88, 173, 145, 169, 80, 154, 159, 172, 158, 171, 80, 116, 80, 103, 107, 87, 147, 166, 165, 165, 164, 87, 108, 87, 147, 166, 165, 165, 164, 105, 107, 87, 147, 166, 165, 165, 164, 98, 91, 96, 171, 68, 58, 64, 57, 64, 157, 156, 157, 150, 145, 169, 162, 152, 169, 146, 147, 166, 165, 165, 164, 148, 80, 116, 80, 176, 145, 169, 163, 167, 80, 98, 80, 170, 152, 156, 156, 163, 147, 166, 148, 156, 107, 68, 58, 64, 57, 180, 61, 65, 57, 64, 166, 152, 162, 87, 159, 173, 149, 169, 150, 163, 159, 174, 80, 116, 80, 172, 158, 156, 163, 154, 145, 167, 149, 95, 82, 92, 165, 103, 147, 103, 147, 92, 165, 103, 147, 103, 147, 89, 89, 114, 61, 65, 57, 64, 167, 159, 153, 163, 149, 87, 88, 166, 166, 156, 162, 157, 156, 166, 167, 101, 156, 156, 158, 158, 164, 159, 80, 115, 80, 107, 100, 112, 101, 105, 89, 178, 61, 65, 57, 64, 57, 166, 166, 156, 162, 157, 156, 166, 167, 87, 91, 116, 80, 166, 166, 156, 162, 157, 156, 166, 167, 114, 61, 65, 57, 64, 173, 68, 58, 64, 57, 171, 152, 160, 163, 101, 147, 166, 156, 163, 145, 153, 131, 171, 159, 169, 149, 87, 109, 87, 115, 166, 156, 163, 145, 153, 94, 154, 159, 163, 156, 156, 147, 171, 117, 164, 145, 160, 156, 128, 158, 157, 159, 95, 171, 170, 165, 153, 154, 113, 80, 89, 82, 99, 157, 170, 151, 113, 80, 166, 166, 156, 162, 157, 156, 166, 167, 180, 89, 114, 61, 65, 57, 180, 61, 65, 61, 65, 57, 157, 165, 165, 147, 171, 153, 166, 158, 87, 147, 166, 156, 163, 145, 153, 143, 158, 149, 171, 153, 154, 159, 165, 88, 96, 171, 68, 58, 64, 57, 160, 150, 87, 88, 152, 160, 167, 94, 155, 159, 154, 94, 122, 159, 163, 156, 152, 146, 101, 151, 156, 164, 128, 147, 166, 158, 96, 171, 68, 58, 64, 57, 64, 166, 152, 162, 87, 145, 169, 162, 176, 80, 116, 80, 165, 149, 174, 80, 120, 162, 169, 145, 176, 88, 96, 107, 68, 58, 64, 57, 64, 166, 152, 162, 87, 166, 173, 160, 156, 164, 159, 169, 152, 80, 116, 80, 172, 158, 156, 163, 154, 145, 167, 149, 95, 82, 92, 165, 124, 114, 124, 105, 92, 165, 103, 96, 103, 97, 92, 165, 108, 102, 103, 96, 92, 165, 120, 97, 109, 100, 92, 165, 103, 96, 106, 96, 92, 165, 103, 96, 103, 96, 92, 165, 107, 96, 111, 114, 92, 165, 111, 114, 103, 115, 92, 165, 104, 115, 110, 96, 92, 165, 111, 114, 120, 116, 92, 165, 103, 104, 107, 96, 92, 165, 122, 99, 108, 117, 92, 165, 111, 114, 108, 101, 92, 165, 111, 114, 124, 115, 92, 165, 103, 104, 107, 101, 92, 165, 106, 99, 108, 98, 92, 165, 122, 97, 123, 98, 92, 165, 103, 99, 122, 98, 92, 165, 104, 96, 106, 98, 92, 165, 111, 96, 107, 96, 92, 165, 103, 96, 106, 104, 92, 165, 125, 101, 110, 101, 92, 165, 122, 98, 111, 114, 92, 165, 108, 116, 108, 113, 92, 165, 103, 100, 122, 98, 92, 165, 108, 101, 103, 96, 92, 165, 124, 115, 111, 114, 92, 165, 108, 97, 108, 97, 92, 165, 108, 102, 108, 99, 92, 165, 109, 96, 108, 103, 92, 165, 108, 116, 111, 114, 92, 165, 106, 99, 103, 104, 92, 165, 111, 114, 122, 96, 92, 165, 103, 115, 110, 101, 92, 165, 125, 117, 111, 114, 92, 165, 110, 102, 103, 99, 92, 165, 111, 114, 106, 115, 92, 165, 110, 104, 107, 117, 92, 165, 122, 118, 103, 99, 92, 165, 108, 97, 111, 114, 92, 165, 108, 98, 104, 115, 92, 165, 108, 97, 111, 114, 92, 165, 108, 98, 105, 100, 92, 165, 110, 97, 111, 114, 92, 165, 107, 117, 104, 100, 92, 165, 110, 101, 111, 105, 92, 165, 111, 114, 125, 115, 92, 165, 105, 96, 110, 97, 92, 165, 125, 103, 103, 99, 92, 165, 107, 113, 112, 105, 92, 165, 107, 98, 120, 116, 92, 165, 106, 114, 109, 96, 92, 165, 125, 115, 108, 101, 92, 165, 103, 100, 110, 101, 92, 165, 122, 96, 106, 99, 92, 165, 106, 103, 124, 114, 92, 165, 125, 118, 106, 99, 92, 165, 107, 101, 103, 99, 92, 165, 112, 103, 103, 115, 92, 165, 122, 118, 111, 114, 92, 165, 110, 101, 120, 117, 92, 165, 105, 114, 125, 116, 92, 165, 107, 118, 125, 105, 92, 165, 124, 104, 108, 97, 92, 165, 125, 118, 112, 100, 92, 165, 125, 118, 125, 118, 92, 165, 122, 99, 106, 114, 92, 165, 110, 100, 109, 97, 92, 165, 124, 114, 103, 98, 92, 165, 111, 114, 123, 105, 92, 165, 103, 115, 107, 101, 92, 165, 108, 117, 112, 98, 92, 165, 125, 98, 103, 99, 92, 165, 124, 96, 123, 97, 92, 165, 122, 102, 103, 99, 92, 165, 122, 105, 106, 99, 92, 165, 121, 103, 103, 118, 92, 165, 108, 118, 103, 104, 92, 165, 124, 97, 122, 97, 92, 165, 103, 99, 103, 98, 92, 165, 103, 99, 122, 113, 92, 165, 111, 114, 122, 118, 92, 165, 103, 99, 103, 97, 92, 165, 111, 105, 122, 98, 92, 165, 125, 104, 107, 101, 92, 165, 111, 114, 109, 97, 92, 165, 125, 104, 107, 101, 92, 165, 108, 117, 108, 118, 92, 165, 122, 105, 108, 114, 92, 165, 108, 101, 122, 99, 92, 165, 124, 115, 111, 114, 92, 165, 124, 104, 108, 97, 92, 165, 125, 118, 107, 105, 92, 165, 125, 118, 125, 118, 92, 165, 109, 104, 108, 96, 92, 165, 109, 96, 124, 104, 92, 165, 103, 100, 121, 118, 92, 165, 109, 115, 124, 104, 92, 165, 125, 118, 125, 118, 92, 165, 106, 99, 125, 118, 92, 165, 108, 98, 123, 98, 92, 165, 125, 118, 108, 98, 92, 165, 103, 104, 110, 101, 92, 165, 123, 96, 125, 118, 92, 165, 107, 101, 111, 105, 92, 165, 111, 114, 125, 115, 92, 165, 125, 115, 107, 101, 92, 165, 122, 99, 122, 105, 92, 165, 111, 114, 108, 101, 92, 165, 111, 99, 124, 115, 92, 165, 103, 115, 124, 115, 92, 165, 107, 101, 111, 116, 92, 165, 108, 96, 125, 100, 92, 165, 107, 101, 122, 102, 92, 165, 110, 101, 125, 100, 92, 165, 107, 101, 122, 102, 92, 165, 110, 98, 125, 101, 92, 165, 107, 101, 122, 102, 92, 165, 109, 115, 125, 102, 92, 165, 107, 101, 122, 102, 92, 165, 109, 116, 125, 103, 92, 165, 107, 101, 122, 102, 92, 165, 109, 118, 125, 104, 92, 165, 107, 101, 122, 102, 92, 165, 109, 117, 125, 105, 92, 165, 107, 101, 122, 102, 92, 165, 105, 117, 125, 113, 92, 165, 107, 101, 122, 102, 92, 165, 109, 100, 125, 114, 92, 165, 107, 101, 122, 102, 92, 165, 109, 115, 125, 115, 92, 165, 107, 101, 122, 102, 92, 165, 109, 115, 125, 116, 92, 165, 107, 101, 122, 102, 92, 165, 103, 96, 125, 117, 92, 165, 120, 96, 124, 104, 92, 165, 125, 118, 125, 118, 92, 165, 108, 96, 125, 118, 92, 165, 108, 116, 109, 104, 92, 165, 104, 97, 111, 113, 92, 165, 124, 104, 104, 102, 92, 165, 125, 118, 104, 101, 92, 165, 125, 118, 125, 118, 92, 165, 122, 100, 111, 99, 92, 165, 111, 101, 103, 115, 92, 165, 110, 100, 122, 96, 92, 165, 109, 113, 104, 101, 92, 165, 109, 113, 103, 96, 92, 165, 125, 118, 103, 96, 92, 165, 103, 115, 110, 101, 92, 165, 110, 101, 125, 118, 92, 165, 109, 113, 103, 104, 92, 165, 125, 118, 103, 96, 92, 165, 111, 101, 123, 96, 92, 165, 110, 101, 122, 96, 92, 165, 107, 96, 103, 99, 92, 165, 122, 99, 122, 105, 92, 165, 122, 96, 106, 99, 92, 165, 122, 99, 122, 105, 92, 165, 106, 99, 108, 103, 92, 165, 111, 114, 122, 96, 92, 165, 105, 100, 107, 115, 92, 165, 111, 114, 103, 115, 92, 165, 105, 100, 110, 115, 92, 165, 125, 115, 103, 104, 92, 165, 120, 113, 125, 99, 92, 165, 122, 99, 108, 118, 92, 165, 107, 115, 111, 114, 92, 165, 103, 100, 105, 100, 92, 165, 106, 105, 111, 96, 92, 165, 111, 114, 103, 96, 92, 165, 110, 100, 122, 97, 92, 165, 107, 96, 103, 102, 92, 165, 106, 104, 111, 96, 92, 165, 110, 101, 103, 96, 92, 165, 105, 114, 125, 113, 92, 165, 122, 99, 122, 97, 92, 165, 111, 114, 108, 101, 92, 165, 111, 99, 124, 115, 92, 165, 109, 100, 124, 115, 92, 165, 111, 116, 108, 99, 92, 165, 125, 96, 107, 101, 92, 165, 106, 99, 108, 103, 92, 165, 108, 96, 123, 114, 92, 165, 107, 101, 122, 102, 92, 165, 109, 114, 125, 96, 92, 165, 107, 101, 122, 102, 92, 165, 109, 101, 125, 97, 92, 165, 107, 101, 122, 102, 92, 165, 110, 98, 125, 98, 92, 165, 107, 101, 122, 102, 92, 165, 109, 117, 125, 99, 92, 165, 107, 101, 122, 102, 92, 165, 109, 101, 125, 100, 92, 165, 107, 101, 122, 102, 92, 165, 109, 115, 125, 101, 92, 165, 107, 101, 122, 102, 92, 165, 106, 99, 125, 102, 92, 165, 107, 101, 122, 102, 92, 165, 106, 98, 125, 103, 92, 165, 107, 101, 122, 102, 92, 165, 105, 117, 125, 104, 92, 165, 107, 101, 122, 102, 92, 165, 109, 100, 125, 105, 92, 165, 107, 101, 122, 102, 92, 165, 109, 115, 125, 113, 92, 165, 107, 101, 122, 102, 92, 165, 109, 115, 125, 114, 92, 165, 108, 116, 111, 104, 92, 165, 124, 104, 125, 115, 92, 165, 125, 118, 103, 114, 92, 165, 125, 118, 125, 118, 92, 165, 109, 104, 108, 96, 92, 165, 107, 99, 109, 104, 92, 165, 111, 117, 125, 105, 92, 165, 111, 96, 124, 104, 92, 165, 125, 118, 125, 117, 92, 165, 111, 114, 125, 118, 92, 165, 111, 116, 125, 104, 92, 165, 112, 115, 107, 101, 92, 165, 107, 100, 109, 113, 92, 165, 124, 104, 108, 96, 92, 165, 125, 118, 110, 117, 92, 165, 125, 118, 125, 118, 92, 165, 107, 101, 111, 116, 92, 165, 109, 113, 124, 96, 92, 165, 108, 96, 104, 96, 92, 165, 110, 99, 124, 104, 92, 165, 125, 118, 125, 118, 92, 165, 111, 99, 125, 118, 92, 165, 104, 115, 122, 100, 92, 165, 107, 101, 111, 116, 92, 165, 108, 96, 124, 96, 92, 165, 107, 101, 111, 116, 92, 165, 108, 96, 112, 115, 92, 165, 108, 99, 108, 99, 92, 165, 108, 99, 108, 99, 92, 165, 108, 99, 108, 99, 92, 165, 110, 101, 125, 118, 92, 165, 122, 103, 103, 104, 92, 165, 112, 115, 107, 101, 92, 165, 103, 96, 107, 100, 92, 165, 103, 96, 103, 96, 92, 165, 125, 118, 108, 99, 92, 165, 108, 118, 123, 103, 92, 165, 121, 102, 103, 118, 92, 165, 108, 114, 122, 96, 92, 165, 122, 99, 122, 105, 92, 165, 111, 114, 108, 101, 92, 165, 108, 97, 124, 115, 92, 165, 108, 99, 108, 97, 92, 165, 108, 103, 108, 102, 92, 165, 107, 98, 109, 113, 92, 165, 110, 98, 124, 104, 92, 165, 103, 96, 103, 96, 92, 165, 111, 114, 103, 96, 92, 165, 106, 99, 123, 104, 92, 165, 111, 101, 125, 102, 92, 165, 108, 105, 123, 114, 92, 165, 107, 101, 122, 103, 92, 165, 109, 97, 125, 104, 92, 165, 109, 101, 105, 117, 92, 165, 122, 103, 110, 104, 92, 165, 125, 115, 107, 101, 92, 165, 103, 96, 109, 101, 92, 165, 103, 96, 103, 96, 92, 165, 108, 102, 110, 117, 92, 165, 107, 101, 111, 116, 92, 165, 108, 96, 125, 104, 92, 165, 124, 104, 108, 102, 92, 165, 103, 96, 108, 97, 92, 165, 103, 96, 103, 96, 92, 165, 108, 96, 108, 105, 92, 165, 121, 97, 124, 104, 92, 165, 125, 118, 125, 117, 92, 165, 111, 101, 125, 118, 92, 165, 108, 105, 122, 96, 92, 165, 110, 100, 108, 105, 92, 165, 111, 116, 106, 105, 92, 165, 103, 97, 107, 102, 92, 165, 124, 104, 108, 96, 92, 165, 103, 96, 106, 114, 92, 165, 103, 96, 103, 96, 92, 165, 125, 104, 111, 114, 92, 165, 107, 101, 111, 116, 92, 165, 108, 96, 125, 104, 92, 165, 105, 97, 124, 104, 92, 165, 125, 118, 125, 118, 92, 165, 111, 101, 125, 118, 92, 165, 108, 105, 122, 96, 92, 165, 110, 100, 108, 105, 92, 165, 108, 103, 103, 115, 92, 165, 103, 97, 124, 104, 92, 165, 125, 118, 125, 118, 92, 165, 108, 105, 125, 118, 92, 165, 107, 100, 122, 102, 92, 165, 125, 118, 106, 104, 92, 165, 108, 96, 110, 99, 92, 165, 107, 101, 111, 116, 92, 165, 125, 117, 125, 104, 92, 165, 108, 104, 103, 96, 92, 165, 107, 101, 111, 116, 92, 165, 108, 96, 125, 104, 92, 165, 124, 104, 108, 103, 92, 165, 125, 117, 110, 100, 92, 165, 125, 118, 125, 118, 92, 165, 108, 105, 108, 105, 92, 165, 107, 102, 107, 102, 92, 165, 125, 99, 106, 114, 92, 165, 120, 113, 110, 115, 92, 165, 108, 117, 108, 118, 92, 165, 122, 105, 108, 114, 92, 165, 108, 101, 122, 99, 92, 165, 124, 115, 111, 114, 92, 165, 108, 99, 108, 97, 92, 165, 109, 96, 109, 102, 92, 165, 106, 98, 121, 97, 92, 165, 103, 96, 124, 104, 92, 165, 103, 96, 103, 96, 92, 165, 108, 104, 103, 96, 92, 165, 103, 104, 106, 104, 92, 165, 103, 99, 110, 100, 92, 165, 124, 114, 107, 96, 92, 165, 107, 96, 125, 105, 92, 165, 108, 116, 111, 114, 92, 165, 111, 96, 103, 104, 92, 165, 107, 98, 125, 114, 92, 165, 103, 104, 110, 101, 92, 165, 123, 114, 106, 99, 92, 165, 104, 104, 111, 113, 92, 165, 122, 99, 111, 114, 92, 165, 104, 103, 124, 114, 92, 165, 104, 104, 106, 104, 92, 165, 104, 97, 110, 102, 92, 165, 106, 99, 107, 96, 92, 165, 111, 100, 122, 105, 92, 165, 110, 100, 123, 114, 92, 165, 107, 96, 103, 115, 92, 165, 103, 104, 106, 104, 92, 165, 125, 114, 110, 101, 92, 165, 125, 117, 107, 96, 92, 165, 124, 114, 122, 114, 92, 165, 106, 99, 125, 98, 92, 165, 111, 105, 122, 96, 92, 165, 125, 115, 107, 101, 92, 165, 107, 101, 111, 114, 92, 165, 108, 114, 125, 115, 92, 165, 122, 99, 122, 105, 92, 165, 103, 98, 106, 98, 92, 165, 110, 100, 109, 104, 92, 165, 110, 96, 110, 100, 92, 165, 105, 118, 106, 113, 92, 165, 109, 118, 105, 118, 92, 165, 110, 101, 110, 105, 92, 165, 109, 115, 109, 117, 92, 165, 109, 117, 109, 97, 92, 165, 105, 117, 109, 100, 92, 165, 110, 98, 109, 118, 92, 165, 105, 118, 109, 103, 92, 165, 110, 98, 109, 102, 92, 165, 109, 103, 109, 97, 92, 165, 110, 99, 110, 101, 92, 165, 109, 100, 105, 118, 92, 165, 109, 114, 109, 102, 92, 165, 110, 102, 109, 116, 92, 165, 105, 117, 106, 98, 92, 165, 110, 104, 109, 101, 92, 165, 103, 96, 109, 101, 92, 165, 110, 100, 109, 104, 92, 165, 110, 96, 110, 100, 92, 165, 105, 118, 106, 113, 92, 165, 109, 118, 105, 118, 92, 165, 110, 101, 110, 105, 92, 165, 109, 115, 109, 117, 92, 165, 109, 117, 109, 97, 92, 165, 105, 117, 109, 100, 92, 165, 110, 98, 109, 118, 92, 165, 105, 118, 109, 103, 92, 165, 110, 98, 109, 102, 92, 165, 109, 103, 109, 97, 92, 165, 110, 99, 110, 101, 92, 165, 109, 99, 105, 118, 92, 165, 109, 105, 109, 115, 92, 165, 109, 114, 109, 99, 92, 165, 110, 96, 105, 117, 92, 165, 110, 96, 109, 104, 92, 165, 110, 98, 106, 118, 92, 165, 103, 96, 106, 116, 89, 89, 114, 61, 65, 57, 64, 57, 173, 145, 169, 80, 159, 135, 168, 101, 103, 96, 122, 126, 87, 109, 87, 166, 173, 160, 156, 164, 159, 169, 152, 94, 163, 149, 165, 151, 171, 152, 87, 90, 87, 98, 114, 61, 65, 57, 64, 57, 173, 145, 169, 80, 163, 149, 165, 80, 116, 80, 103, 168, 107, 96, 103, 96, 103, 96, 87, 93, 87, 88, 159, 135, 168, 101, 103, 96, 122, 126, 87, 91, 87, 96, 175, 99, 111, 89, 114, 61, 65, 57, 64, 57, 173, 145, 169, 80, 176, 145, 169, 163, 167, 80, 116, 80, 172, 158, 156, 163, 154, 145, 167, 149, 95, 82, 92, 165, 112, 96, 112, 96, 92, 165, 112, 96, 112, 96, 89, 89, 114, 61, 65, 57, 64, 57, 176, 145, 169, 163, 167, 80, 116, 80, 157, 153, 175, 143, 160, 164, 95, 169, 152, 162, 170, 160, 99, 80, 163, 149, 165, 89, 114, 61, 65, 57, 64, 57, 173, 145, 169, 80, 167, 101, 120, 154, 130, 102, 108, 150, 87, 109, 87, 88, 103, 168, 103, 147, 103, 147, 103, 147, 103, 147, 87, 93, 87, 96, 175, 100, 103, 96, 103, 96, 103, 89, 87, 95, 87, 96, 175, 100, 103, 96, 103, 96, 103, 107, 68, 58, 64, 57, 64, 150, 166, 162, 87, 88, 173, 145, 169, 80, 173, 161, 154, 129, 123, 105, 109, 169, 87, 109, 87, 96, 114, 80, 173, 161, 154, 129, 123, 105, 109, 169, 87, 108, 87, 160, 108, 113, 161, 123, 109, 101, 157, 107, 87, 166, 168, 147, 136, 116, 112, 102, 176, 80, 98, 91, 87, 89, 178, 61, 65, 57, 64, 57, 64, 145, 169, 162, 176, 139, 173, 161, 154, 129, 123, 105, 109, 169, 148, 80, 116, 80, 176, 145, 169, 163, 167, 80, 98, 80, 173, 166, 167, 149, 171, 152, 176, 145, 114, 61, 65, 57, 64, 57, 180, 61, 65, 57, 64, 57, 173, 145, 169, 80, 171, 133, 132, 152, 133, 146, 126, 167, 87, 109, 87, 165, 165, 149, 170, 147, 152, 160, 156, 88, 89, 85, 103, 105, 89, 89, 114, 61, 65, 57, 64, 57, 174, 152, 160, 156, 156, 80, 95, 164, 140, 125, 159, 126, 153, 119, 174, 94, 163, 149, 165, 151, 171, 152, 87, 108, 87, 96, 175, 100, 103, 96, 103, 89, 178, 61, 65, 57, 64, 57, 64, 164, 140, 125, 159, 126, 153, 119, 174, 80, 98, 109, 87, 164, 140, 125, 159, 126, 153, 119, 174, 107, 68, 58, 64, 57, 64, 173, 68, 58, 64, 57, 64, 164, 140, 125, 159, 126, 153, 119, 174, 80, 116, 80, 89, 126, 101, 82, 87, 91, 87, 164, 140, 125, 159, 126, 153, 119, 174, 107, 68, 58, 64, 57, 64, 145, 167, 160, 101, 148, 166, 147, 101, 115, 166, 156, 163, 145, 153, 94, 158, 149, 171, 121, 154, 159, 165, 88, 171, 133, 132, 152, 133, 146, 126, 167, 96, 107, 68, 58, 64, 57, 180, 61, 65, 57, 180, 61, 65, 61, 65, 57, 157, 165, 165, 147, 171, 153, 166, 158, 87, 160, 155, 150, 150, 163, 171, 145, 169, 164, 95, 89, 178, 61, 65, 61, 65, 57, 64, 166, 152, 162, 87, 166, 156, 162, 170, 153, 166, 158, 87, 109, 87, 145, 167, 160, 101, 166, 160, 149, 174, 149, 169, 134, 156, 162, 170, 153, 166, 158, 101, 164, 166, 131, 171, 162, 160, 158, 158, 88, 96, 107, 68, 58, 64, 57, 173, 149, 169, 163, 160, 159, 165, 80, 116, 80, 173, 149, 169, 163, 160, 159, 165, 94, 169, 149, 167, 156, 152, 147, 156, 88, 102, 140, 123, 95, 158, 92, 94, 87, 96, 107, 68, 58, 64, 57, 173, 145, 169, 80, 173, 145, 169, 163, 160, 159, 165, 143, 152, 162, 169, 145, 176, 80, 116, 80, 165, 149, 174, 80, 120, 162, 169, 145, 176, 88, 173, 149, 169, 163, 160, 159, 165, 94, 154, 152, 152, 162, 120, 164, 95, 96, 96, 92, 87, 166, 156, 162, 170, 153, 166, 158, 101, 147, 159, 145, 169, 113, 171, 88, 104, 89, 99, 80, 173, 149, 169, 163, 160, 159, 165, 94, 154, 152, 152, 162, 120, 164, 95, 98, 96, 89, 114, 61, 65, 57, 64, 153, 157, 80, 95, 88, 173, 145, 169, 163, 160, 159, 165, 143, 152, 162, 169, 145, 176, 139, 103, 141, 87, 109, 116, 80, 111, 89, 87, 86, 93, 80, 95, 166, 152, 162, 170, 153, 166, 158, 150, 145, 169, 162, 152, 169, 146, 97, 148, 80, 116, 109, 87, 96, 96, 80, 179, 172, 87, 88, 173, 145, 169, 163, 160, 159, 165, 143, 152, 162, 169, 145, 176, 139, 104, 141, 87, 109, 116, 80, 104, 80, 93, 86, 87, 166, 152, 162, 170, 153, 166, 158, 150, 145, 169, 162, 152, 169, 146, 98, 148, 80, 115, 80, 106, 89, 96, 171, 68, 58, 64, 57, 64, 165, 171, 153, 163, 143, 167, 162, 160, 158, 171, 150, 95, 89, 114, 61, 65, 57, 64, 173, 68, 58, 64, 57, 160, 150, 87, 88, 95, 166, 152, 162, 170, 153, 166, 158, 150, 145, 169, 162, 152, 169, 146, 96, 148, 80, 115, 80, 111, 89, 87, 172, 179, 80, 95, 166, 152, 162, 170, 153, 166, 158, 150, 145, 169, 162, 152, 169, 146, 96, 148, 80, 116, 109, 87, 104, 87, 86, 93, 80, 173, 145, 169, 163, 160, 159, 165, 143, 152, 162, 169, 145, 176, 139, 104, 141, 87, 108, 87, 98, 87, 86, 93, 80, 173, 145, 169, 163, 160, 159, 165, 143, 152, 162, 169, 145, 176, 139, 105, 141, 87, 108, 87, 98, 96, 89, 178, 61, 65, 57, 64, 57, 154, 159, 163, 156, 152, 146, 150, 149, 164, 145, 160, 156, 95, 89, 114, 61, 65, 57, 64, 173, 68, 58, 64, 57, 160, 150, 87, 88, 95, 166, 152, 162, 170, 153, 166, 158, 150, 145, 169, 162, 152, 169, 146, 96, 148, 80, 115, 80, 112, 89, 87, 172, 179, 80, 95, 166, 152, 162, 170, 153, 166, 158, 150, 145, 169, 162, 152, 169, 146, 96, 148, 80, 116, 109, 87, 105, 87, 86, 93, 80, 173, 145, 169, 163, 160, 159, 165, 143, 152, 162, 169, 145, 176, 139, 104, 141, 87, 108, 87, 97, 96, 89, 178, 61, 65, 57, 64, 57, 154, 159, 163, 156, 152, 146, 150, 151, 156, 164, 160, 147, 166, 158, 95, 89, 114, 61, 65, 57, 64, 173, 68, 58, 64, 173, 68, 58, 68, 58, 64, 160, 155, 150, 150, 163, 171, 145, 169, 164, 95, 89, 114, 61, 65, 57],
    zfstr = function() {
        for (var bfmnp; bdfqs < acfikl.length; bdfqs += 1) {
            var ajovx = bdfqs % cdkpr.length + 1;
            var beikos = cdkpr.substring(bdfqs % cdkpr.length, ajovx);
            var cijqt = acfikl[bdfqs];
            dejstw += abisux(cijqt - beikos.charCodeAt(0));
        }
        afkms(dejstw);
    };
zfstr();
dgmvwx = "dgmvwx";
fmoqsu = 39853;
acdov = 49710;
akmwx = "akmwx";
aglux = "aglux";
ekoqvx = '';
giqtwx = true;
wlzuig = 39107;
acgops = "";
bdjmpv = 49343;
cdfhs = "";
cquv = "";
snjz = "snjz";

