// peepdf comment: Javascript code located in object 7 (version 0)

var dnopqx = "dnopqx";
cgkp = true;
dkuy = '';
hiltx = false;
ghpy = false;
biny = 29069;
acdtx = false;
fmsy = false;
var ekopq = "",
    efiou = "efiou",
    vdzw = 48356,
    elnp = "elnp",
    bdmnqw = 0,
    abeuw = String,
    cenos = abeuw['fxrRoqmRCRhbaqrqCsoqdbex'.replace(/[xqRbs]/g, '')],
    ahlqr = String,
    cdgqrv = ahlqr['e4vBatl4'.replace(/[4GBt0]/g, '')],
    iznjsr = "57",
    iuwzy = "",
    nzybm = [66, 65, 62, 157, 170, 165, 152, 171, 158, 166, 163, 87, 155, 160, 173, 150, 158, 171, 93, 176, 150, 169, 168, 167, 97, 87, 161, 156, 163, 96, 176, 68, 63, 64, 62, 174, 157, 160, 161, 156, 85, 95, 174, 152, 167, 170, 165, 101, 161, 156, 163, 158, 169, 159, 85, 97, 85, 105, 85, 115, 85, 163, 154, 165, 94, 178, 66, 65, 62, 64, 62, 176, 150, 169, 168, 167, 85, 98, 114, 87, 174, 152, 167, 170, 165, 114, 66, 65, 62, 64, 178, 68, 63, 64, 62, 176, 150, 169, 168, 167, 85, 116, 85, 176, 150, 169, 168, 167, 99, 170, 170, 153, 168, 171, 167, 160, 163, 158, 93, 103, 97, 87, 161, 156, 163, 102, 103, 96, 112, 68, 63, 64, 62, 169, 154, 171, 170, 169, 163, 87, 174, 152, 167, 170, 165, 114, 66, 65, 62, 180, 66, 65, 66, 65, 62, 157, 170, 165, 152, 171, 158, 166, 163, 87, 170, 171, 158, 163, 148, 167, 167, 160, 163, 171, 155, 95, 94, 178, 66, 65, 62, 64, 171, 152, 167, 87, 165, 152, 174, 163, 164, 152, 153, 87, 114, 87, 170, 165, 154, 170, 152, 152, 165, 156, 93, 89, 90, 172, 122, 121, 122, 112, 90, 172, 101, 103, 101, 104, 90, 172, 106, 109, 101, 103, 90, 172, 118, 104, 107, 107, 90, 172, 101, 103, 104, 103, 90, 172, 101, 103, 101, 103, 90, 172, 105, 103, 109, 121, 90, 172, 109, 121, 101, 122, 90, 172, 102, 122, 108, 103, 90, 172, 109, 121, 118, 123, 90, 172, 101, 111, 105, 103, 90, 172, 120, 106, 106, 124, 90, 172, 109, 121, 106, 108, 90, 172, 109, 121, 122, 122, 90, 172, 101, 111, 105, 108, 90, 172, 104, 106, 106, 105, 90, 172, 120, 104, 121, 105, 90, 172, 101, 106, 120, 105, 90, 172, 102, 103, 104, 105, 90, 172, 109, 103, 105, 103, 90, 172, 101, 103, 104, 111, 90, 172, 123, 108, 108, 108, 90, 172, 120, 105, 109, 121, 90, 172, 106, 123, 106, 120, 90, 172, 101, 107, 120, 105, 90, 172, 106, 108, 101, 103, 90, 172, 122, 122, 109, 121, 90, 172, 106, 104, 106, 104, 90, 172, 106, 109, 106, 106, 90, 172, 107, 103, 106, 110, 90, 172, 106, 123, 109, 121, 90, 172, 104, 106, 101, 111, 90, 172, 109, 121, 120, 103, 90, 172, 101, 122, 108, 108, 90, 172, 123, 124, 109, 121, 90, 172, 108, 109, 101, 106, 90, 172, 109, 121, 104, 122, 90, 172, 108, 111, 105, 124, 90, 172, 120, 125, 101, 106, 90, 172, 106, 104, 109, 121, 90, 172, 106, 105, 102, 122, 90, 172, 106, 104, 109, 121, 90, 172, 106, 105, 103, 107, 90, 172, 108, 104, 109, 121, 90, 172, 105, 124, 102, 107, 90, 172, 108, 108, 109, 112, 90, 172, 109, 121, 123, 122, 90, 172, 103, 103, 108, 104, 90, 172, 123, 110, 101, 106, 90, 172, 105, 120, 110, 112, 90, 172, 105, 105, 118, 123, 90, 172, 104, 121, 107, 103, 90, 172, 123, 122, 106, 108, 90, 172, 101, 107, 108, 108, 90, 172, 120, 103, 104, 106, 90, 172, 104, 110, 122, 121, 90, 172, 123, 125, 104, 106, 90, 172, 105, 108, 101, 106, 90, 172, 110, 110, 101, 122, 90, 172, 120, 125, 109, 121, 90, 172, 108, 108, 118, 124, 90, 172, 103, 121, 123, 123, 90, 172, 105, 125, 123, 112, 90, 172, 122, 111, 106, 104, 90, 172, 123, 125, 110, 107, 90, 172, 123, 125, 123, 125, 90, 172, 120, 106, 104, 121, 90, 172, 108, 107, 107, 104, 90, 172, 122, 121, 101, 105, 90, 172, 109, 121, 121, 112, 90, 172, 101, 122, 105, 108, 90, 172, 106, 124, 110, 105, 90, 172, 123, 105, 101, 106, 90, 172, 122, 103, 121, 104, 90, 172, 120, 109, 101, 106, 90, 172, 120, 112, 104, 106, 90, 172, 119, 110, 101, 125, 90, 172, 106, 125, 101, 111, 90, 172, 122, 104, 120, 104, 90, 172, 101, 106, 101, 105, 90, 172, 101, 106, 120, 120, 90, 172, 109, 121, 120, 125, 90, 172, 101, 106, 101, 104, 90, 172, 109, 112, 120, 105, 90, 172, 123, 111, 105, 108, 90, 172, 109, 121, 107, 104, 90, 172, 123, 111, 105, 108, 90, 172, 106, 124, 106, 125, 90, 172, 120, 112, 106, 121, 90, 172, 106, 108, 120, 106, 90, 172, 122, 122, 109, 121, 90, 172, 122, 111, 106, 104, 90, 172, 123, 125, 105, 112, 90, 172, 123, 125, 123, 125, 90, 172, 107, 111, 106, 103, 90, 172, 107, 103, 122, 111, 90, 172, 101, 107, 119, 125, 90, 172, 107, 122, 122, 111, 90, 172, 123, 125, 123, 125, 90, 172, 104, 106, 123, 125, 90, 172, 106, 105, 121, 105, 90, 172, 123, 125, 106, 105, 90, 172, 101, 111, 108, 108, 90, 172, 121, 103, 123, 125, 90, 172, 105, 108, 109, 112, 90, 172, 109, 121, 123, 122, 90, 172, 123, 122, 105, 108, 90, 172, 120, 106, 120, 112, 90, 172, 109, 121, 106, 108, 90, 172, 109, 106, 122, 122, 90, 172, 101, 122, 122, 122, 90, 172, 105, 108, 109, 123, 90, 172, 106, 103, 123, 107, 90, 172, 105, 108, 120, 109, 90, 172, 108, 108, 123, 107, 90, 172, 105, 108, 120, 109, 90, 172, 108, 105, 123, 108, 90, 172, 105, 108, 120, 109, 90, 172, 107, 122, 123, 109, 90, 172, 105, 108, 120, 109, 90, 172, 107, 123, 123, 110, 90, 172, 105, 108, 120, 109, 90, 172, 107, 125, 123, 111, 90, 172, 105, 108, 120, 109, 90, 172, 107, 124, 123, 112, 90, 172, 105, 108, 120, 109, 90, 172, 103, 124, 123, 120, 90, 172, 105, 108, 120, 109, 90, 172, 107, 107, 123, 121, 90, 172, 105, 108, 120, 109, 90, 172, 107, 122, 123, 122, 90, 172, 105, 108, 120, 109, 90, 172, 107, 122, 123, 123, 90, 172, 105, 108, 120, 109, 90, 172, 101, 103, 123, 124, 90, 172, 118, 103, 122, 111, 90, 172, 123, 125, 123, 125, 90, 172, 106, 103, 123, 125, 90, 172, 106, 123, 107, 111, 90, 172, 102, 104, 109, 120, 90, 172, 122, 111, 102, 109, 90, 172, 123, 125, 102, 108, 90, 172, 123, 125, 123, 125, 90, 172, 120, 107, 109, 106, 90, 172, 109, 108, 101, 122, 90, 172, 108, 107, 120, 103, 90, 172, 107, 120, 102, 108, 90, 172, 107, 120, 101, 103, 90, 172, 123, 125, 101, 103, 90, 172, 101, 122, 108, 108, 90, 172, 108, 108, 123, 125, 90, 172, 107, 120, 101, 111, 90, 172, 123, 125, 101, 103, 90, 172, 109, 108, 121, 103, 90, 172, 108, 108, 120, 103, 90, 172, 105, 103, 101, 106, 90, 172, 120, 106, 120, 112, 90, 172, 120, 103, 104, 106, 90, 172, 120, 106, 120, 112, 90, 172, 104, 106, 106, 110, 90, 172, 109, 121, 120, 103, 90, 172, 103, 107, 105, 122, 90, 172, 109, 121, 101, 122, 90, 172, 103, 107, 108, 122, 90, 172, 123, 122, 101, 111, 90, 172, 118, 120, 123, 106, 90, 172, 120, 106, 106, 125, 90, 172, 105, 122, 109, 121, 90, 172, 101, 107, 103, 107, 90, 172, 104, 112, 109, 103, 90, 172, 109, 121, 101, 103, 90, 172, 108, 107, 120, 104, 90, 172, 105, 103, 101, 109, 90, 172, 104, 111, 109, 103, 90, 172, 108, 108, 101, 103, 90, 172, 103, 121, 123, 120, 90, 172, 120, 106, 120, 104, 90, 172, 109, 121, 106, 108, 90, 172, 109, 106, 122, 122, 90, 172, 107, 107, 122, 122, 90, 172, 109, 123, 106, 106, 90, 172, 123, 103, 105, 108, 90, 172, 104, 106, 106, 110, 90, 172, 106, 103, 121, 121, 90, 172, 105, 108, 120, 109, 90, 172, 107, 121, 123, 103, 90, 172, 105, 108, 120, 109, 90, 172, 107, 108, 123, 104, 90, 172, 105, 108, 120, 109, 90, 172, 108, 105, 123, 105, 90, 172, 105, 108, 120, 109, 90, 172, 107, 124, 123, 106, 90, 172, 105, 108, 120, 109, 90, 172, 107, 108, 123, 107, 90, 172, 105, 108, 120, 109, 90, 172, 107, 122, 123, 108, 90, 172, 105, 108, 120, 109, 90, 172, 104, 106, 123, 109, 90, 172, 105, 108, 120, 109, 90, 172, 104, 105, 123, 110, 90, 172, 105, 108, 120, 109, 90, 172, 103, 124, 123, 111, 90, 172, 105, 108, 120, 109, 90, 172, 107, 107, 123, 112, 90, 172, 105, 108, 120, 109, 90, 172, 107, 122, 123, 120, 90, 172, 105, 108, 120, 109, 90, 172, 107, 122, 123, 121, 90, 172, 106, 123, 109, 111, 90, 172, 122, 111, 123, 122, 90, 172, 123, 125, 101, 121, 90, 172, 123, 125, 123, 125, 90, 172, 107, 111, 106, 103, 90, 172, 105, 106, 107, 111, 90, 172, 109, 124, 123, 112, 90, 172, 109, 103, 122, 111, 90, 172, 123, 125, 123, 124, 90, 172, 109, 121, 123, 125, 90, 172, 109, 123, 123, 111, 90, 172, 110, 122, 105, 108, 90, 172, 105, 107, 107, 120, 90, 172, 122, 111, 106, 103, 90, 172, 123, 125, 108, 124, 90, 172, 123, 125, 123, 125, 90, 172, 105, 108, 109, 123, 90, 172, 107, 120, 122, 103, 90, 172, 106, 103, 102, 103, 90, 172, 108, 106, 122, 111, 90, 172, 123, 125, 123, 125, 90, 172, 109, 106, 123, 125, 90, 172, 102, 122, 120, 107, 90, 172, 105, 108, 109, 123, 90, 172, 106, 103, 122, 103, 90, 172, 105, 108, 109, 123, 90, 172, 106, 103, 110, 122, 90, 172, 106, 106, 106, 106, 90, 172, 106, 106, 106, 106, 90, 172, 106, 106, 106, 106, 90, 172, 108, 108, 123, 125, 90, 172, 120, 110, 101, 111, 90, 172, 110, 122, 105, 108, 90, 172, 101, 103, 105, 107, 90, 172, 101, 103, 101, 103, 90, 172, 123, 125, 106, 106, 90, 172, 106, 125, 121, 110, 90, 172, 119, 109, 101, 125, 90, 172, 106, 121, 120, 103, 90, 172, 120, 106, 120, 112, 90, 172, 109, 121, 106, 108, 90, 172, 106, 104, 122, 122, 90, 172, 106, 106, 106, 104, 90, 172, 106, 110, 106, 109, 90, 172, 105, 105, 107, 120, 90, 172, 108, 105, 122, 111, 90, 172, 101, 103, 101, 103, 90, 172, 109, 121, 101, 103, 90, 172, 104, 106, 121, 111, 90, 172, 109, 108, 123, 109, 90, 172, 106, 112, 121, 121, 90, 172, 105, 108, 120, 110, 90, 172, 107, 104, 123, 111, 90, 172, 107, 108, 103, 124, 90, 172, 120, 110, 108, 111, 90, 172, 123, 122, 105, 108, 90, 172, 101, 103, 107, 108, 90, 172, 101, 103, 101, 103, 90, 172, 106, 109, 108, 124, 90, 172, 105, 108, 109, 123, 90, 172, 106, 103, 123, 111, 90, 172, 122, 111, 106, 109, 90, 172, 101, 103, 106, 104, 90, 172, 101, 103, 101, 103, 90, 172, 106, 103, 106, 112, 90, 172, 119, 104, 122, 111, 90, 172, 123, 125, 123, 124, 90, 172, 109, 108, 123, 125, 90, 172, 106, 112, 120, 103, 90, 172, 108, 107, 106, 112, 90, 172, 109, 123, 104, 112, 90, 172, 101, 104, 105, 109, 90, 172, 122, 111, 106, 103, 90, 172, 101, 103, 104, 121, 90, 172, 101, 103, 101, 103, 90, 172, 123, 111, 109, 121, 90, 172, 105, 108, 109, 123, 90, 172, 106, 103, 123, 111, 90, 172, 103, 104, 122, 111, 90, 172, 123, 125, 123, 125, 90, 172, 109, 108, 123, 125, 90, 172, 106, 112, 120, 103, 90, 172, 108, 107, 106, 112, 90, 172, 106, 110, 101, 122, 90, 172, 101, 104, 122, 111, 90, 172, 123, 125, 123, 125, 90, 172, 106, 112, 123, 125, 90, 172, 105, 107, 120, 109, 90, 172, 123, 125, 104, 111, 90, 172, 106, 103, 108, 106, 90, 172, 105, 108, 109, 123, 90, 172, 123, 124, 123, 111, 90, 172, 106, 111, 101, 103, 90, 172, 105, 108, 109, 123, 90, 172, 106, 103, 123, 111, 90, 172, 122, 111, 106, 110, 90, 172, 123, 124, 108, 107, 90, 172, 123, 125, 123, 125, 90, 172, 106, 112, 106, 112, 90, 172, 105, 109, 105, 109, 90, 172, 123, 106, 104, 121, 90, 172, 118, 120, 108, 122, 90, 172, 106, 124, 106, 125, 90, 172, 120, 112, 106, 121, 90, 172, 106, 108, 120, 106, 90, 172, 122, 122, 109, 121, 90, 172, 106, 106, 106, 104, 90, 172, 107, 103, 107, 109, 90, 172, 104, 105, 119, 104, 90, 172, 101, 103, 122, 111, 90, 172, 101, 103, 101, 103, 90, 172, 106, 111, 101, 103, 90, 172, 101, 111, 104, 111, 90, 172, 101, 106, 108, 107, 90, 172, 122, 121, 105, 103, 90, 172, 105, 103, 123, 112, 90, 172, 106, 123, 109, 121, 90, 172, 109, 103, 101, 111, 90, 172, 105, 105, 123, 121, 90, 172, 101, 111, 108, 108, 90, 172, 121, 121, 104, 106, 90, 172, 102, 111, 109, 120, 90, 172, 120, 106, 109, 121, 90, 172, 102, 110, 122, 121, 90, 172, 102, 111, 104, 111, 90, 172, 102, 104, 108, 109, 90, 172, 104, 106, 105, 103, 90, 172, 109, 107, 120, 112, 90, 172, 108, 107, 121, 121, 90, 172, 105, 103, 101, 122, 90, 172, 101, 111, 104, 111, 90, 172, 123, 121, 108, 108, 90, 172, 123, 124, 105, 103, 90, 172, 122, 121, 120, 121, 90, 172, 104, 106, 123, 105, 90, 172, 109, 112, 120, 103, 90, 172, 123, 122, 105, 108, 90, 172, 105, 108, 109, 121, 90, 172, 106, 121, 123, 122, 90, 172, 120, 106, 120, 112, 90, 172, 101, 105, 104, 105, 90, 172, 108, 107, 107, 111, 90, 172, 108, 103, 108, 107, 90, 172, 103, 125, 104, 120, 90, 172, 107, 125, 103, 125, 90, 172, 108, 108, 108, 112, 90, 172, 107, 122, 107, 124, 90, 172, 107, 124, 107, 104, 90, 172, 103, 124, 107, 107, 90, 172, 108, 105, 107, 125, 90, 172, 103, 125, 107, 110, 90, 172, 108, 105, 107, 109, 90, 172, 107, 110, 107, 104, 90, 172, 108, 106, 108, 108, 90, 172, 107, 120, 103, 125, 90, 172, 108, 106, 108, 104, 90, 172, 108, 108, 108, 107, 90, 172, 104, 105, 108, 109, 90, 172, 107, 108, 103, 124, 90, 172, 107, 108, 108, 111, 90, 172, 107, 111, 101, 103, 90, 172, 108, 107, 108, 107, 90, 172, 104, 120, 108, 103, 90, 172, 103, 125, 103, 125, 90, 172, 108, 112, 107, 125, 90, 172, 107, 124, 108, 108, 90, 172, 107, 104, 107, 122, 90, 172, 107, 107, 107, 124, 90, 172, 107, 125, 103, 124, 90, 172, 107, 110, 108, 105, 90, 172, 107, 109, 103, 125, 90, 172, 107, 104, 108, 105, 90, 172, 108, 108, 107, 110, 90, 172, 103, 125, 108, 106, 90, 172, 107, 122, 107, 106, 90, 172, 107, 106, 107, 112, 90, 172, 103, 124, 107, 121, 90, 172, 107, 111, 108, 103, 90, 172, 104, 125, 108, 103, 90, 172, 104, 123, 108, 105, 90, 172, 101, 103, 101, 103, 87, 96, 112, 68, 63, 64, 62, 173, 150, 169, 85, 165, 164, 167, 85, 116, 85, 172, 163, 156, 168, 154, 150, 167, 154, 95, 87, 92, 170, 103, 118, 103, 118, 92, 170, 103, 118, 103, 118, 92, 170, 103, 118, 103, 118, 92, 170, 103, 118, 103, 118, 89, 94, 68, 63, 64, 62, 173, 150, 169, 85, 159, 154, 152, 165, 153, 161, 166, 152, 162, 85, 116, 85, 165, 164, 167, 85, 98, 85, 167, 150, 176, 161, 166, 150, 155, 112, 68, 63, 64, 62, 173, 150, 169, 85, 153, 158, 158, 151, 163, 164, 154, 160, 87, 114, 87, 170, 165, 154, 170, 152, 152, 165, 156, 93, 89, 90, 172, 101, 120, 101, 120, 90, 172, 101, 120, 101, 120, 87, 96, 112, 68, 63, 64, 62, 173, 150, 169, 85, 159, 154, 152, 153, 156, 167, 170, 158, 177, 154, 87, 114, 87, 103, 103, 112, 68, 63, 64, 62, 173, 150, 169, 85, 170, 165, 169, 150, 176, 85, 116, 85, 159, 154, 152, 153, 156, 167, 170, 158, 177, 154, 87, 96, 87, 157, 156, 150, 167, 151, 163, 164, 154, 160, 101, 161, 156, 163, 158, 169, 159, 112, 68, 63, 64, 62, 174, 157, 160, 161, 156, 85, 95, 151, 160, 156, 153, 161, 166, 152, 162, 99, 163, 154, 165, 156, 171, 157, 87, 113, 87, 168, 167, 167, 152, 174, 96, 176, 68, 63, 64, 62, 64, 151, 160, 156, 153, 161, 166, 152, 162, 85, 98, 114, 87, 151, 160, 156, 153, 161, 166, 152, 162, 112, 68, 63, 64, 62, 180, 66, 65, 62, 64, 171, 152, 167, 87, 155, 160, 161, 163, 151, 163, 164, 154, 160, 87, 114, 87, 151, 160, 156, 153, 161, 166, 152, 162, 99, 170, 170, 153, 168, 171, 167, 160, 163, 158, 93, 103, 97, 87, 168, 167, 167, 152, 174, 96, 112, 68, 63, 64, 62, 173, 150, 169, 85, 153, 161, 166, 152, 162, 85, 116, 85, 153, 158, 158, 151, 163, 164, 154, 160, 101, 168, 172, 151, 170, 169, 169, 158, 165, 156, 95, 101, 99, 85, 153, 158, 158, 151, 163, 164, 154, 160, 101, 161, 156, 163, 158, 169, 159, 98, 170, 165, 169, 150, 176, 94, 114, 66, 65, 62, 64, 172, 159, 158, 163, 154, 87, 93, 153, 161, 166, 152, 162, 99, 163, 154, 165, 156, 171, 157, 98, 168, 167, 167, 152, 174, 87, 113, 87, 101, 175, 105, 103, 101, 103, 101, 96, 176, 68, 63, 64, 62, 64, 151, 163, 164, 154, 160, 87, 114, 87, 151, 163, 164, 154, 160, 87, 96, 87, 151, 163, 164, 154, 160, 87, 96, 87, 155, 160, 161, 163, 151, 163, 164, 154, 160, 114, 66, 65, 62, 64, 178, 68, 63, 64, 62, 173, 150, 169, 85, 164, 154, 164, 148, 152, 167, 169, 150, 176, 85, 116, 85, 165, 154, 174, 85, 120, 167, 169, 150, 176, 93, 96, 112, 68, 63, 64, 62, 157, 164, 169, 85, 95, 171, 152, 167, 87, 158, 87, 114, 87, 101, 114, 85, 160, 85, 115, 85, 104, 105, 103, 101, 114, 85, 160, 96, 98, 94, 178, 66, 65, 62, 64, 62, 164, 154, 164, 148, 152, 167, 169, 150, 176, 144, 160, 146, 87, 114, 87, 151, 163, 164, 154, 160, 87, 96, 87, 157, 156, 150, 167, 151, 163, 164, 154, 160, 114, 66, 65, 62, 64, 178, 68, 63, 64, 62, 173, 150, 169, 85, 165, 170, 164, 85, 116, 85, 104, 103, 112, 110, 112, 110, 112, 110, 112, 110, 112, 110, 112, 110, 112, 110, 112, 110, 112, 110, 111, 109, 111, 109, 111, 109, 111, 109, 111, 109, 111, 109, 111, 109, 111, 109, 111, 109, 111, 109, 111, 109, 111, 109, 111, 109, 111, 109, 111, 109, 111, 109, 111, 109, 111, 109, 111, 109, 111, 109, 111, 109, 111, 109, 111, 109, 111, 109, 111, 109, 111, 109, 111, 109, 111, 109, 111, 109, 111, 109, 111, 109, 111, 109, 111, 109, 111, 109, 111, 109, 111, 109, 111, 109, 111, 109, 111, 109, 111, 109, 111, 109, 111, 109, 111, 109, 111, 109, 111, 109, 111, 109, 111, 109, 111, 109, 111, 109, 111, 109, 111, 109, 111, 109, 111, 109, 111, 109, 111, 109, 111, 109, 111, 109, 111, 109, 111, 109, 111, 109, 111, 109, 111, 109, 111, 109, 111, 109, 111, 109, 111, 109, 111, 109, 111, 109, 111, 109, 111, 109, 111, 109, 111, 109, 111, 109, 111, 109, 111, 109, 111, 109, 111, 109, 111, 109, 111, 109, 111, 109, 111, 109, 111, 109, 111, 109, 111, 109, 111, 109, 111, 109, 111, 109, 111, 109, 111, 109, 111, 109, 111, 109, 111, 109, 111, 109, 111, 109, 111, 109, 111, 109, 111, 109, 111, 109, 111, 109, 111, 109, 111, 109, 111, 109, 111, 109, 111, 109, 111, 109, 111, 109, 111, 109, 111, 109, 111, 109, 111, 109, 111, 109, 111, 109, 111, 109, 111, 109, 111, 109, 111, 109, 111, 109, 111, 109, 111, 109, 111, 109, 111, 109, 111, 109, 111, 109, 111, 109, 111, 109, 111, 109, 111, 109, 111, 109, 111, 109, 111, 109, 111, 109, 111, 109, 111, 109, 111, 109, 111, 109, 111, 109, 111, 109, 111, 109, 114, 66, 65, 62, 64, 170, 171, 158, 163, 99, 167, 167, 160, 163, 171, 155, 95, 87, 92, 105, 108, 101, 103, 101, 157, 87, 99, 85, 165, 170, 164, 94, 114, 66, 65, 62, 180, 66, 65, 66, 65, 62, 157, 170, 165, 152, 171, 158, 166, 163, 87, 152, 166, 161, 163, 150, 153, 148, 156, 162, 152, 158, 163, 93, 96, 176, 68, 63, 64, 62, 173, 150, 169, 85, 170, 157, 156, 161, 163, 152, 166, 153, 156, 85, 116, 85, 172, 163, 156, 168, 154, 150, 167, 154, 95, 87, 92, 170, 124, 119, 124, 110, 92, 170, 103, 101, 103, 102, 92, 170, 108, 107, 103, 101, 92, 170, 120, 102, 109, 105, 92, 170, 103, 101, 106, 101, 92, 170, 103, 101, 103, 101, 92, 170, 107, 101, 111, 119, 92, 170, 111, 119, 103, 120, 92, 170, 104, 120, 110, 101, 92, 170, 111, 119, 120, 121, 92, 170, 103, 109, 107, 101, 92, 170, 122, 104, 108, 122, 92, 170, 111, 119, 108, 106, 92, 170, 111, 119, 124, 120, 92, 170, 103, 109, 107, 106, 92, 170, 106, 104, 108, 103, 92, 170, 122, 102, 123, 103, 92, 170, 103, 104, 122, 103, 92, 170, 104, 101, 106, 103, 92, 170, 111, 101, 107, 101, 92, 170, 103, 101, 106, 109, 92, 170, 125, 106, 110, 106, 92, 170, 122, 103, 111, 119, 92, 170, 108, 121, 108, 118, 92, 170, 103, 105, 122, 103, 92, 170, 108, 106, 103, 101, 92, 170, 124, 120, 111, 119, 92, 170, 108, 102, 108, 102, 92, 170, 108, 107, 108, 104, 92, 170, 109, 101, 108, 108, 92, 170, 108, 121, 111, 119, 92, 170, 106, 104, 103, 109, 92, 170, 111, 119, 122, 101, 92, 170, 103, 120, 110, 106, 92, 170, 125, 122, 111, 119, 92, 170, 110, 107, 103, 104, 92, 170, 111, 119, 106, 120, 92, 170, 110, 109, 107, 122, 92, 170, 122, 123, 103, 104, 92, 170, 108, 102, 111, 119, 92, 170, 108, 103, 104, 120, 92, 170, 108, 102, 111, 119, 92, 170, 108, 103, 105, 105, 92, 170, 110, 102, 111, 119, 92, 170, 107, 122, 104, 105, 92, 170, 110, 106, 111, 110, 92, 170, 111, 119, 125, 120, 92, 170, 105, 101, 110, 102, 92, 170, 125, 108, 103, 104, 92, 170, 107, 118, 112, 110, 92, 170, 107, 103, 120, 121, 92, 170, 106, 119, 109, 101, 92, 170, 125, 120, 108, 106, 92, 170, 103, 105, 110, 106, 92, 170, 122, 101, 106, 104, 92, 170, 106, 108, 124, 119, 92, 170, 125, 123, 106, 104, 92, 170, 107, 106, 103, 104, 92, 170, 112, 108, 103, 120, 92, 170, 122, 123, 111, 119, 92, 170, 110, 106, 120, 122, 92, 170, 105, 119, 125, 121, 92, 170, 107, 123, 125, 110, 92, 170, 124, 109, 108, 102, 92, 170, 125, 123, 112, 105, 92, 170, 125, 123, 125, 123, 92, 170, 122, 104, 106, 119, 92, 170, 110, 105, 109, 102, 92, 170, 124, 119, 103, 103, 92, 170, 111, 119, 123, 110, 92, 170, 103, 120, 107, 106, 92, 170, 108, 122, 112, 103, 92, 170, 125, 103, 103, 104, 92, 170, 124, 101, 123, 102, 92, 170, 122, 107, 103, 104, 92, 170, 122, 110, 106, 104, 92, 170, 121, 108, 103, 123, 92, 170, 108, 123, 103, 109, 92, 170, 124, 102, 122, 102, 92, 170, 103, 104, 103, 103, 92, 170, 103, 104, 122, 118, 92, 170, 111, 119, 122, 123, 92, 170, 103, 104, 103, 102, 92, 170, 111, 110, 122, 103, 92, 170, 125, 109, 107, 106, 92, 170, 111, 119, 109, 102, 92, 170, 125, 109, 107, 106, 92, 170, 108, 122, 108, 123, 92, 170, 122, 110, 108, 119, 92, 170, 108, 106, 122, 104, 92, 170, 124, 120, 111, 119, 92, 170, 124, 109, 108, 102, 92, 170, 125, 123, 107, 110, 92, 170, 125, 123, 125, 123, 92, 170, 109, 109, 108, 101, 92, 170, 109, 101, 124, 109, 92, 170, 103, 105, 121, 123, 92, 170, 109, 120, 124, 109, 92, 170, 125, 123, 125, 123, 92, 170, 106, 104, 125, 123, 92, 170, 108, 103, 123, 103, 92, 170, 125, 123, 108, 103, 92, 170, 103, 109, 110, 106, 92, 170, 123, 101, 125, 123, 92, 170, 107, 106, 111, 110, 92, 170, 111, 119, 125, 120, 92, 170, 125, 120, 107, 106, 92, 170, 122, 104, 122, 110, 92, 170, 111, 119, 108, 106, 92, 170, 111, 104, 124, 120, 92, 170, 103, 120, 124, 120, 92, 170, 107, 106, 111, 121, 92, 170, 108, 101, 125, 105, 92, 170, 107, 106, 122, 107, 92, 170, 110, 106, 125, 105, 92, 170, 107, 106, 122, 107, 92, 170, 110, 103, 125, 106, 92, 170, 107, 106, 122, 107, 92, 170, 109, 120, 125, 107, 92, 170, 107, 106, 122, 107, 92, 170, 109, 121, 125, 108, 92, 170, 107, 106, 122, 107, 92, 170, 109, 123, 125, 109, 92, 170, 107, 106, 122, 107, 92, 170, 109, 122, 125, 110, 92, 170, 107, 106, 122, 107, 92, 170, 105, 122, 125, 118, 92, 170, 107, 106, 122, 107, 92, 170, 109, 105, 125, 119, 92, 170, 107, 106, 122, 107, 92, 170, 109, 120, 125, 120, 92, 170, 107, 106, 122, 107, 92, 170, 109, 120, 125, 121, 92, 170, 107, 106, 122, 107, 92, 170, 103, 101, 125, 122, 92, 170, 120, 101, 124, 109, 92, 170, 125, 123, 125, 123, 92, 170, 108, 101, 125, 123, 92, 170, 108, 121, 109, 109, 92, 170, 104, 102, 111, 118, 92, 170, 124, 109, 104, 107, 92, 170, 125, 123, 104, 106, 92, 170, 125, 123, 125, 123, 92, 170, 122, 105, 111, 104, 92, 170, 111, 106, 103, 120, 92, 170, 110, 105, 122, 101, 92, 170, 109, 118, 104, 106, 92, 170, 109, 118, 103, 101, 92, 170, 125, 123, 103, 101, 92, 170, 103, 120, 110, 106, 92, 170, 110, 106, 125, 123, 92, 170, 109, 118, 103, 109, 92, 170, 125, 123, 103, 101, 92, 170, 111, 106, 123, 101, 92, 170, 110, 106, 122, 101, 92, 170, 107, 101, 103, 104, 92, 170, 122, 104, 122, 110, 92, 170, 122, 101, 106, 104, 92, 170, 122, 104, 122, 110, 92, 170, 106, 104, 108, 108, 92, 170, 111, 119, 122, 101, 92, 170, 105, 105, 107, 120, 92, 170, 111, 119, 103, 120, 92, 170, 105, 105, 110, 120, 92, 170, 125, 120, 103, 109, 92, 170, 120, 118, 125, 104, 92, 170, 122, 104, 108, 123, 92, 170, 107, 120, 111, 119, 92, 170, 103, 105, 105, 105, 92, 170, 106, 110, 111, 101, 92, 170, 111, 119, 103, 101, 92, 170, 110, 105, 122, 102, 92, 170, 107, 101, 103, 107, 92, 170, 106, 109, 111, 101, 92, 170, 110, 106, 103, 101, 92, 170, 105, 119, 125, 118, 92, 170, 122, 104, 122, 102, 92, 170, 111, 119, 108, 106, 92, 170, 111, 104, 124, 120, 92, 170, 109, 105, 124, 120, 92, 170, 111, 121, 108, 104, 92, 170, 125, 101, 107, 106, 92, 170, 106, 104, 108, 108, 92, 170, 108, 101, 123, 119, 92, 170, 107, 106, 122, 107, 92, 170, 109, 119, 125, 101, 92, 170, 107, 106, 122, 107, 92, 170, 109, 106, 125, 102, 92, 170, 107, 106, 122, 107, 92, 170, 110, 103, 125, 103, 92, 170, 107, 106, 122, 107, 92, 170, 109, 122, 125, 104, 92, 170, 107, 106, 122, 107, 92, 170, 109, 106, 125, 105, 92, 170, 107, 106, 122, 107, 92, 170, 109, 120, 125, 106, 92, 170, 107, 106, 122, 107, 92, 170, 106, 104, 125, 107, 92, 170, 107, 106, 122, 107, 92, 170, 106, 103, 125, 108, 92, 170, 107, 106, 122, 107, 92, 170, 105, 122, 125, 109, 92, 170, 107, 106, 122, 107, 92, 170, 109, 105, 125, 110, 92, 170, 107, 106, 122, 107, 92, 170, 109, 120, 125, 118, 92, 170, 107, 106, 122, 107, 92, 170, 109, 120, 125, 119, 92, 170, 108, 121, 111, 109, 92, 170, 124, 109, 125, 120, 92, 170, 125, 123, 103, 119, 92, 170, 125, 123, 125, 123, 92, 170, 109, 109, 108, 101, 92, 170, 107, 104, 109, 109, 92, 170, 111, 122, 125, 110, 92, 170, 111, 101, 124, 109, 92, 170, 125, 123, 125, 122, 92, 170, 111, 119, 125, 123, 92, 170, 111, 121, 125, 109, 92, 170, 112, 120, 107, 106, 92, 170, 107, 105, 109, 118, 92, 170, 124, 109, 108, 101, 92, 170, 125, 123, 110, 122, 92, 170, 125, 123, 125, 123, 92, 170, 107, 106, 111, 121, 92, 170, 109, 118, 124, 101, 92, 170, 108, 101, 104, 101, 92, 170, 110, 104, 124, 109, 92, 170, 125, 123, 125, 123, 92, 170, 111, 104, 125, 123, 92, 170, 104, 120, 122, 105, 92, 170, 107, 106, 111, 121, 92, 170, 108, 101, 124, 101, 92, 170, 107, 106, 111, 121, 92, 170, 108, 101, 112, 120, 92, 170, 108, 104, 108, 104, 92, 170, 108, 104, 108, 104, 92, 170, 108, 104, 108, 104, 92, 170, 110, 106, 125, 123, 92, 170, 122, 108, 103, 109, 92, 170, 112, 120, 107, 106, 92, 170, 103, 101, 107, 105, 92, 170, 103, 101, 103, 101, 92, 170, 125, 123, 108, 104, 92, 170, 108, 123, 123, 108, 92, 170, 121, 107, 103, 123, 92, 170, 108, 119, 122, 101, 92, 170, 122, 104, 122, 110, 92, 170, 111, 119, 108, 106, 92, 170, 108, 102, 124, 120, 92, 170, 108, 104, 108, 102, 92, 170, 108, 108, 108, 107, 92, 170, 107, 103, 109, 118, 92, 170, 110, 103, 124, 109, 92, 170, 103, 101, 103, 101, 92, 170, 111, 119, 103, 101, 92, 170, 106, 104, 123, 109, 92, 170, 111, 106, 125, 107, 92, 170, 108, 110, 123, 119, 92, 170, 107, 106, 122, 108, 92, 170, 109, 102, 125, 109, 92, 170, 109, 106, 105, 122, 92, 170, 122, 108, 110, 109, 92, 170, 125, 120, 107, 106, 92, 170, 103, 101, 109, 106, 92, 170, 103, 101, 103, 101, 92, 170, 108, 107, 110, 122, 92, 170, 107, 106, 111, 121, 92, 170, 108, 101, 125, 109, 92, 170, 124, 109, 108, 107, 92, 170, 103, 101, 108, 102, 92, 170, 103, 101, 103, 101, 92, 170, 108, 101, 108, 110, 92, 170, 121, 102, 124, 109, 92, 170, 125, 123, 125, 122, 92, 170, 111, 106, 125, 123, 92, 170, 108, 110, 122, 101, 92, 170, 110, 105, 108, 110, 92, 170, 111, 121, 106, 110, 92, 170, 103, 102, 107, 107, 92, 170, 124, 109, 108, 101, 92, 170, 103, 101, 106, 119, 92, 170, 103, 101, 103, 101, 92, 170, 125, 109, 111, 119, 92, 170, 107, 106, 111, 121, 92, 170, 108, 101, 125, 109, 92, 170, 105, 102, 124, 109, 92, 170, 125, 123, 125, 123, 92, 170, 111, 106, 125, 123, 92, 170, 108, 110, 122, 101, 92, 170, 110, 105, 108, 110, 92, 170, 108, 108, 103, 120, 92, 170, 103, 102, 124, 109, 92, 170, 125, 123, 125, 123, 92, 170, 108, 110, 125, 123, 92, 170, 107, 105, 122, 107, 92, 170, 125, 123, 106, 109, 92, 170, 108, 101, 110, 104, 92, 170, 107, 106, 111, 121, 92, 170, 125, 122, 125, 109, 92, 170, 108, 109, 103, 101, 92, 170, 107, 106, 111, 121, 92, 170, 108, 101, 125, 109, 92, 170, 124, 109, 108, 108, 92, 170, 125, 122, 110, 105, 92, 170, 125, 123, 125, 123, 92, 170, 108, 110, 108, 110, 92, 170, 107, 107, 107, 107, 92, 170, 125, 104, 106, 119, 92, 170, 120, 118, 110, 120, 92, 170, 108, 122, 108, 123, 92, 170, 122, 110, 108, 119, 92, 170, 108, 106, 122, 104, 92, 170, 124, 120, 111, 119, 92, 170, 108, 104, 108, 102, 92, 170, 109, 101, 109, 107, 92, 170, 106, 103, 121, 102, 92, 170, 103, 101, 124, 109, 92, 170, 103, 101, 103, 101, 92, 170, 108, 109, 103, 101, 92, 170, 103, 109, 106, 109, 92, 170, 103, 104, 110, 105, 92, 170, 124, 119, 107, 101, 92, 170, 107, 101, 125, 110, 92, 170, 108, 121, 111, 119, 92, 170, 111, 101, 103, 109, 92, 170, 107, 103, 125, 119, 92, 170, 103, 109, 110, 106, 92, 170, 123, 119, 106, 104, 92, 170, 104, 109, 111, 118, 92, 170, 122, 104, 111, 119, 92, 170, 104, 108, 124, 119, 92, 170, 104, 109, 106, 109, 92, 170, 104, 102, 110, 107, 92, 170, 106, 104, 107, 101, 92, 170, 111, 105, 122, 110, 92, 170, 110, 105, 123, 119, 92, 170, 107, 101, 103, 120, 92, 170, 103, 109, 106, 109, 92, 170, 125, 119, 110, 106, 92, 170, 125, 122, 107, 101, 92, 170, 124, 119, 122, 119, 92, 170, 106, 104, 125, 103, 92, 170, 111, 110, 122, 101, 92, 170, 125, 120, 107, 106, 92, 170, 107, 106, 111, 119, 92, 170, 108, 119, 125, 120, 92, 170, 122, 104, 122, 110, 92, 170, 103, 103, 106, 103, 92, 170, 110, 105, 109, 109, 92, 170, 110, 101, 110, 105, 92, 170, 105, 123, 106, 118, 92, 170, 109, 123, 105, 123, 92, 170, 110, 106, 110, 110, 92, 170, 109, 120, 109, 122, 92, 170, 109, 122, 109, 102, 92, 170, 105, 122, 109, 105, 92, 170, 110, 103, 109, 123, 92, 170, 105, 123, 109, 108, 92, 170, 110, 103, 109, 107, 92, 170, 109, 108, 109, 102, 92, 170, 110, 104, 110, 106, 92, 170, 109, 105, 105, 123, 92, 170, 109, 119, 109, 107, 92, 170, 110, 107, 110, 105, 92, 170, 105, 122, 106, 103, 92, 170, 110, 109, 109, 106, 92, 170, 103, 101, 109, 106, 92, 170, 110, 105, 109, 109, 92, 170, 110, 101, 110, 105, 92, 170, 105, 123, 106, 118, 92, 170, 109, 123, 105, 123, 92, 170, 110, 106, 110, 110, 92, 170, 109, 120, 109, 122, 92, 170, 109, 122, 109, 102, 92, 170, 105, 122, 109, 105, 92, 170, 110, 103, 109, 123, 92, 170, 105, 123, 109, 108, 92, 170, 110, 103, 109, 107, 92, 170, 109, 108, 109, 102, 92, 170, 110, 104, 110, 106, 92, 170, 109, 104, 105, 123, 92, 170, 109, 110, 109, 120, 92, 170, 109, 119, 109, 104, 92, 170, 110, 101, 105, 122, 92, 170, 110, 101, 109, 109, 92, 170, 110, 103, 106, 123, 92, 170, 103, 101, 106, 121, 89, 94, 114, 66, 65, 62, 64, 171, 152, 167, 87, 162, 156, 162, 150, 150, 169, 167, 152, 174, 87, 114, 87, 163, 156, 172, 87, 118, 169, 167, 152, 174, 95, 94, 114, 66, 65, 62, 64, 171, 152, 167, 87, 152, 154, 85, 116, 85, 103, 173, 103, 152, 103, 152, 103, 152, 103, 152, 114, 66, 65, 62, 64, 171, 152, 167, 87, 150, 155, 153, 169, 85, 116, 85, 103, 173, 107, 101, 103, 101, 103, 101, 114, 66, 65, 62, 64, 171, 152, 167, 87, 168, 154, 148, 163, 154, 165, 85, 116, 85, 170, 157, 156, 161, 163, 152, 166, 153, 156, 99, 163, 154, 165, 156, 171, 157, 87, 95, 87, 103, 114, 66, 65, 62, 64, 171, 152, 167, 87, 161, 156, 163, 87, 114, 87, 150, 155, 153, 169, 85, 100, 85, 95, 168, 154, 148, 163, 154, 165, 96, 103, 173, 106, 109, 96, 112, 68, 63, 64, 62, 173, 150, 169, 85, 176, 150, 169, 168, 167, 85, 116, 85, 172, 163, 156, 168, 154, 150, 167, 154, 95, 87, 92, 170, 112, 101, 112, 101, 92, 170, 112, 101, 112, 101, 89, 94, 114, 66, 65, 62, 64, 174, 152, 167, 170, 165, 87, 114, 87, 155, 160, 173, 150, 158, 171, 93, 176, 150, 169, 168, 167, 97, 87, 161, 156, 163, 96, 112, 68, 63, 64, 62, 173, 150, 169, 85, 154, 164, 172, 163, 171, 103, 87, 114, 87, 93, 154, 152, 87, 98, 87, 101, 175, 105, 103, 101, 103, 101, 103, 94, 102, 150, 155, 153, 169, 112, 68, 63, 64, 62, 157, 164, 169, 85, 95, 171, 152, 167, 87, 152, 166, 170, 165, 169, 87, 114, 87, 101, 114, 85, 154, 164, 172, 163, 171, 85, 115, 85, 154, 164, 172, 163, 171, 103, 114, 85, 154, 164, 172, 163, 171, 96, 98, 94, 178, 66, 65, 62, 64, 62, 164, 154, 164, 148, 152, 167, 169, 150, 176, 144, 154, 164, 172, 163, 171, 146, 87, 114, 87, 174, 152, 167, 170, 165, 87, 96, 87, 168, 159, 154, 163, 161, 154, 164, 155, 154, 114, 66, 65, 62, 64, 178, 68, 63, 64, 62, 173, 150, 169, 85, 166, 171, 156, 167, 157, 161, 166, 172, 87, 114, 87, 170, 165, 154, 170, 152, 152, 165, 156, 93, 89, 90, 172, 101, 154, 101, 154, 90, 172, 101, 154, 101, 154, 87, 96, 112, 68, 63, 64, 62, 174, 157, 160, 161, 156, 85, 95, 164, 173, 154, 169, 155, 163, 164, 174, 99, 163, 154, 165, 156, 171, 157, 87, 113, 87, 105, 107, 110, 108, 103, 96, 176, 68, 63, 64, 62, 64, 164, 173, 154, 169, 155, 163, 164, 174, 85, 98, 114, 87, 164, 173, 154, 169, 155, 163, 164, 174, 112, 68, 63, 64, 62, 180, 66, 65, 62, 64, 169, 159, 158, 170, 99, 154, 164, 163, 161, 152, 151, 138, 169, 166, 167, 156, 85, 116, 85, 122, 164, 163, 161, 152, 151, 101, 152, 166, 161, 163, 154, 154, 169, 124, 162, 152, 158, 163, 126, 165, 155, 166, 93, 178, 168, 172, 151, 161, 111, 87, 87, 89, 97, 164, 168, 158, 111, 87, 164, 173, 154, 169, 155, 163, 164, 174, 178, 96, 112, 68, 63, 64, 178, 68, 63, 68, 63, 64, 155, 172, 163, 154, 169, 160, 164, 165, 85, 154, 164, 163, 161, 152, 151, 150, 156, 156, 169, 160, 152, 166, 163, 95, 94, 178, 66, 65, 62, 64, 158, 157, 85, 95, 150, 167, 165, 101, 153, 166, 152, 101, 120, 166, 161, 163, 150, 153, 99, 158, 154, 171, 126, 154, 164, 165, 94, 178, 66, 65, 62, 64, 62, 173, 150, 169, 85, 152, 167, 169, 174, 87, 114, 87, 163, 156, 172, 87, 118, 169, 167, 152, 174, 95, 94, 114, 66, 65, 62, 64, 62, 173, 150, 169, 85, 173, 171, 167, 154, 171, 157, 176, 150, 87, 114, 87, 170, 165, 154, 170, 152, 152, 165, 156, 93, 89, 90, 172, 122, 121, 122, 112, 90, 172, 101, 103, 101, 104, 90, 172, 106, 109, 101, 103, 90, 172, 118, 104, 107, 107, 90, 172, 101, 103, 104, 103, 90, 172, 101, 103, 101, 103, 90, 172, 105, 103, 109, 121, 90, 172, 109, 121, 101, 122, 90, 172, 102, 122, 108, 103, 90, 172, 109, 121, 118, 123, 90, 172, 101, 111, 105, 103, 90, 172, 120, 106, 106, 124, 90, 172, 109, 121, 106, 108, 90, 172, 109, 121, 122, 122, 90, 172, 101, 111, 105, 108, 90, 172, 104, 106, 106, 105, 90, 172, 120, 104, 121, 105, 90, 172, 101, 106, 120, 105, 90, 172, 102, 103, 104, 105, 90, 172, 109, 103, 105, 103, 90, 172, 101, 103, 104, 111, 90, 172, 123, 108, 108, 108, 90, 172, 120, 105, 109, 121, 90, 172, 106, 123, 106, 120, 90, 172, 101, 107, 120, 105, 90, 172, 106, 108, 101, 103, 90, 172, 122, 122, 109, 121, 90, 172, 106, 104, 106, 104, 90, 172, 106, 109, 106, 106, 90, 172, 107, 103, 106, 110, 90, 172, 106, 123, 109, 121, 90, 172, 104, 106, 101, 111, 90, 172, 109, 121, 120, 103, 90, 172, 101, 122, 108, 108, 90, 172, 123, 124, 109, 121, 90, 172, 108, 109, 101, 106, 90, 172, 109, 121, 104, 122, 90, 172, 108, 111, 105, 124, 90, 172, 120, 125, 101, 106, 90, 172, 106, 104, 109, 121, 90, 172, 106, 105, 102, 122, 90, 172, 106, 104, 109, 121, 90, 172, 106, 105, 103, 107, 90, 172, 108, 104, 109, 121, 90, 172, 105, 124, 102, 107, 90, 172, 108, 108, 109, 112, 90, 172, 109, 121, 123, 122, 90, 172, 103, 103, 108, 104, 90, 172, 123, 110, 101, 106, 90, 172, 105, 120, 110, 112, 90, 172, 105, 105, 118, 123, 90, 172, 104, 121, 107, 103, 90, 172, 123, 122, 106, 108, 90, 172, 101, 107, 108, 108, 90, 172, 120, 103, 104, 106, 90, 172, 104, 110, 122, 121, 90, 172, 123, 125, 104, 106, 90, 172, 105, 108, 101, 106, 90, 172, 110, 110, 101, 122, 90, 172, 120, 125, 109, 121, 90, 172, 108, 108, 118, 124, 90, 172, 103, 121, 123, 123, 90, 172, 105, 125, 123, 112, 90, 172, 122, 111, 106, 104, 90, 172, 123, 125, 110, 107, 90, 172, 123, 125, 123, 125, 90, 172, 120, 106, 104, 121, 90, 172, 108, 107, 107, 104, 90, 172, 122, 121, 101, 105, 90, 172, 109, 121, 121, 112, 90, 172, 101, 122, 105, 108, 90, 172, 106, 124, 110, 105, 90, 172, 123, 105, 101, 106, 90, 172, 122, 103, 121, 104, 90, 172, 120, 109, 101, 106, 90, 172, 120, 112, 104, 106, 90, 172, 119, 110, 101, 125, 90, 172, 106, 125, 101, 111, 90, 172, 122, 104, 120, 104, 90, 172, 101, 106, 101, 105, 90, 172, 101, 106, 120, 120, 90, 172, 109, 121, 120, 125, 90, 172, 101, 106, 101, 104, 90, 172, 109, 112, 120, 105, 90, 172, 123, 111, 105, 108, 90, 172, 109, 121, 107, 104, 90, 172, 123, 111, 105, 108, 90, 172, 106, 124, 106, 125, 90, 172, 120, 112, 106, 121, 90, 172, 106, 108, 120, 106, 90, 172, 122, 122, 109, 121, 90, 172, 122, 111, 106, 104, 90, 172, 123, 125, 105, 112, 90, 172, 123, 125, 123, 125, 90, 172, 107, 111, 106, 103, 90, 172, 107, 103, 122, 111, 90, 172, 101, 107, 119, 125, 90, 172, 107, 122, 122, 111, 90, 172, 123, 125, 123, 125, 90, 172, 104, 106, 123, 125, 90, 172, 106, 105, 121, 105, 90, 172, 123, 125, 106, 105, 90, 172, 101, 111, 108, 108, 90, 172, 121, 103, 123, 125, 90, 172, 105, 108, 109, 112, 90, 172, 109, 121, 123, 122, 90, 172, 123, 122, 105, 108, 90, 172, 120, 106, 120, 112, 90, 172, 109, 121, 106, 108, 90, 172, 109, 106, 122, 122, 90, 172, 101, 122, 122, 122, 90, 172, 105, 108, 109, 123, 90, 172, 106, 103, 123, 107, 90, 172, 105, 108, 120, 109, 90, 172, 108, 108, 123, 107, 90, 172, 105, 108, 120, 109, 90, 172, 108, 105, 123, 108, 90, 172, 105, 108, 120, 109, 90, 172, 107, 122, 123, 109, 90, 172, 105, 108, 120, 109, 90, 172, 107, 123, 123, 110, 90, 172, 105, 108, 120, 109, 90, 172, 107, 125, 123, 111, 90, 172, 105, 108, 120, 109, 90, 172, 107, 124, 123, 112, 90, 172, 105, 108, 120, 109, 90, 172, 103, 124, 123, 120, 90, 172, 105, 108, 120, 109, 90, 172, 107, 107, 123, 121, 90, 172, 105, 108, 120, 109, 90, 172, 107, 122, 123, 122, 90, 172, 105, 108, 120, 109, 90, 172, 107, 122, 123, 123, 90, 172, 105, 108, 120, 109, 90, 172, 101, 103, 123, 124, 90, 172, 118, 103, 122, 111, 90, 172, 123, 125, 123, 125, 90, 172, 106, 103, 123, 125, 90, 172, 106, 123, 107, 111, 90, 172, 102, 104, 109, 120, 90, 172, 122, 111, 102, 109, 90, 172, 123, 125, 102, 108, 90, 172, 123, 125, 123, 125, 90, 172, 120, 107, 109, 106, 90, 172, 109, 108, 101, 122, 90, 172, 108, 107, 120, 103, 90, 172, 107, 120, 102, 108, 90, 172, 107, 120, 101, 103, 90, 172, 123, 125, 101, 103, 90, 172, 101, 122, 108, 108, 90, 172, 108, 108, 123, 125, 90, 172, 107, 120, 101, 111, 90, 172, 123, 125, 101, 103, 90, 172, 109, 108, 121, 103, 90, 172, 108, 108, 120, 103, 90, 172, 105, 103, 101, 106, 90, 172, 120, 106, 120, 112, 90, 172, 120, 103, 104, 106, 90, 172, 120, 106, 120, 112, 90, 172, 104, 106, 106, 110, 90, 172, 109, 121, 120, 103, 90, 172, 103, 107, 105, 122, 90, 172, 109, 121, 101, 122, 90, 172, 103, 107, 108, 122, 90, 172, 123, 122, 101, 111, 90, 172, 118, 120, 123, 106, 90, 172, 120, 106, 106, 125, 90, 172, 105, 122, 109, 121, 90, 172, 101, 107, 103, 107, 90, 172, 104, 112, 109, 103, 90, 172, 109, 121, 101, 103, 90, 172, 108, 107, 120, 104, 90, 172, 105, 103, 101, 109, 90, 172, 104, 111, 109, 103, 90, 172, 108, 108, 101, 103, 90, 172, 103, 121, 123, 120, 90, 172, 120, 106, 120, 104, 90, 172, 109, 121, 106, 108, 90, 172, 109, 106, 122, 122, 90, 172, 107, 107, 122, 122, 90, 172, 109, 123, 106, 106, 90, 172, 123, 103, 105, 108, 90, 172, 104, 106, 106, 110, 90, 172, 106, 103, 121, 121, 90, 172, 105, 108, 120, 109, 90, 172, 107, 121, 123, 103, 90, 172, 105, 108, 120, 109, 90, 172, 107, 108, 123, 104, 90, 172, 105, 108, 120, 109, 90, 172, 108, 105, 123, 105, 90, 172, 105, 108, 120, 109, 90, 172, 107, 124, 123, 106, 90, 172, 105, 108, 120, 109, 90, 172, 107, 108, 123, 107, 90, 172, 105, 108, 120, 109, 90, 172, 107, 122, 123, 108, 90, 172, 105, 108, 120, 109, 90, 172, 104, 106, 123, 109, 90, 172, 105, 108, 120, 109, 90, 172, 104, 105, 123, 110, 90, 172, 105, 108, 120, 109, 90, 172, 103, 124, 123, 111, 90, 172, 105, 108, 120, 109, 90, 172, 107, 107, 123, 112, 90, 172, 105, 108, 120, 109, 90, 172, 107, 122, 123, 120, 90, 172, 105, 108, 120, 109, 90, 172, 107, 122, 123, 121, 90, 172, 106, 123, 109, 111, 90, 172, 122, 111, 123, 122, 90, 172, 123, 125, 101, 121, 90, 172, 123, 125, 123, 125, 90, 172, 107, 111, 106, 103, 90, 172, 105, 106, 107, 111, 90, 172, 109, 124, 123, 112, 90, 172, 109, 103, 122, 111, 90, 172, 123, 125, 123, 124, 90, 172, 109, 121, 123, 125, 90, 172, 109, 123, 123, 111, 90, 172, 110, 122, 105, 108, 90, 172, 105, 107, 107, 120, 90, 172, 122, 111, 106, 103, 90, 172, 123, 125, 108, 124, 90, 172, 123, 125, 123, 125, 90, 172, 105, 108, 109, 123, 90, 172, 107, 120, 122, 103, 90, 172, 106, 103, 102, 103, 90, 172, 108, 106, 122, 111, 90, 172, 123, 125, 123, 125, 90, 172, 109, 106, 123, 125, 90, 172, 102, 122, 120, 107, 90, 172, 105, 108, 109, 123, 90, 172, 106, 103, 122, 103, 90, 172, 105, 108, 109, 123, 90, 172, 106, 103, 110, 122, 90, 172, 106, 106, 106, 106, 90, 172, 106, 106, 106, 106, 90, 172, 106, 106, 106, 106, 90, 172, 108, 108, 123, 125, 90, 172, 120, 110, 101, 111, 90, 172, 110, 122, 105, 108, 90, 172, 101, 103, 105, 107, 90, 172, 101, 103, 101, 103, 90, 172, 123, 125, 106, 106, 90, 172, 106, 125, 121, 110, 90, 172, 119, 109, 101, 125, 90, 172, 106, 121, 120, 103, 90, 172, 120, 106, 120, 112, 90, 172, 109, 121, 106, 108, 90, 172, 106, 104, 122, 122, 90, 172, 106, 106, 106, 104, 90, 172, 106, 110, 106, 109, 90, 172, 105, 105, 107, 120, 90, 172, 108, 105, 122, 111, 90, 172, 101, 103, 101, 103, 90, 172, 109, 121, 101, 103, 90, 172, 104, 106, 121, 111, 90, 172, 109, 108, 123, 109, 90, 172, 106, 112, 121, 121, 90, 172, 105, 108, 120, 110, 90, 172, 107, 104, 123, 111, 90, 172, 107, 108, 103, 124, 90, 172, 120, 110, 108, 111, 90, 172, 123, 122, 105, 108, 90, 172, 101, 103, 107, 108, 90, 172, 101, 103, 101, 103, 90, 172, 106, 109, 108, 124, 90, 172, 105, 108, 109, 123, 90, 172, 106, 103, 123, 111, 90, 172, 122, 111, 106, 109, 90, 172, 101, 103, 106, 104, 90, 172, 101, 103, 101, 103, 90, 172, 106, 103, 106, 112, 90, 172, 119, 104, 122, 111, 90, 172, 123, 125, 123, 124, 90, 172, 109, 108, 123, 125, 90, 172, 106, 112, 120, 103, 90, 172, 108, 107, 106, 112, 90, 172, 109, 123, 104, 112, 90, 172, 101, 104, 105, 109, 90, 172, 122, 111, 106, 103, 90, 172, 101, 103, 104, 121, 90, 172, 101, 103, 101, 103, 90, 172, 123, 111, 109, 121, 90, 172, 105, 108, 109, 123, 90, 172, 106, 103, 123, 111, 90, 172, 103, 104, 122, 111, 90, 172, 123, 125, 123, 125, 90, 172, 109, 108, 123, 125, 90, 172, 106, 112, 120, 103, 90, 172, 108, 107, 106, 112, 90, 172, 106, 110, 101, 122, 90, 172, 101, 104, 122, 111, 90, 172, 123, 125, 123, 125, 90, 172, 106, 112, 123, 125, 90, 172, 105, 107, 120, 109, 90, 172, 123, 125, 104, 111, 90, 172, 106, 103, 108, 106, 90, 172, 105, 108, 109, 123, 90, 172, 123, 124, 123, 111, 90, 172, 106, 111, 101, 103, 90, 172, 105, 108, 109, 123, 90, 172, 106, 103, 123, 111, 90, 172, 122, 111, 106, 110, 90, 172, 123, 124, 108, 107, 90, 172, 123, 125, 123, 125, 90, 172, 106, 112, 106, 112, 90, 172, 105, 109, 105, 109, 90, 172, 123, 106, 104, 121, 90, 172, 118, 120, 108, 122, 90, 172, 106, 124, 106, 125, 90, 172, 120, 112, 106, 121, 90, 172, 106, 108, 120, 106, 90, 172, 122, 122, 109, 121, 90, 172, 106, 106, 106, 104, 90, 172, 107, 103, 107, 109, 90, 172, 104, 105, 119, 104, 90, 172, 101, 103, 122, 111, 90, 172, 101, 103, 101, 103, 90, 172, 106, 111, 101, 103, 90, 172, 101, 111, 104, 111, 90, 172, 101, 106, 108, 107, 90, 172, 122, 121, 105, 103, 90, 172, 105, 103, 123, 112, 90, 172, 106, 123, 109, 121, 90, 172, 109, 103, 101, 111, 90, 172, 105, 105, 123, 121, 90, 172, 101, 111, 108, 108, 90, 172, 121, 121, 104, 106, 90, 172, 102, 111, 109, 120, 90, 172, 120, 106, 109, 121, 90, 172, 102, 110, 122, 121, 90, 172, 102, 111, 104, 111, 90, 172, 102, 104, 108, 109, 90, 172, 104, 106, 105, 103, 90, 172, 109, 107, 120, 112, 90, 172, 108, 107, 121, 121, 90, 172, 105, 103, 101, 122, 90, 172, 101, 111, 104, 111, 90, 172, 123, 121, 108, 108, 90, 172, 123, 124, 105, 103, 90, 172, 122, 121, 120, 121, 90, 172, 104, 106, 123, 105, 90, 172, 109, 112, 120, 103, 90, 172, 123, 122, 105, 108, 90, 172, 105, 108, 109, 121, 90, 172, 106, 121, 123, 122, 90, 172, 120, 106, 120, 112, 90, 172, 101, 105, 104, 105, 90, 172, 108, 107, 107, 111, 90, 172, 108, 103, 108, 107, 90, 172, 103, 125, 104, 120, 90, 172, 107, 125, 103, 125, 90, 172, 108, 108, 108, 112, 90, 172, 107, 122, 107, 124, 90, 172, 107, 124, 107, 104, 90, 172, 103, 124, 107, 107, 90, 172, 108, 105, 107, 125, 90, 172, 103, 125, 107, 110, 90, 172, 108, 105, 107, 109, 90, 172, 107, 110, 107, 104, 90, 172, 108, 106, 108, 108, 90, 172, 107, 105, 103, 125, 90, 172, 107, 111, 107, 107, 90, 172, 107, 123, 107, 120, 90, 172, 104, 105, 108, 106, 90, 172, 107, 108, 103, 124, 90, 172, 107, 108, 108, 111, 90, 172, 107, 111, 101, 103, 90, 172, 108, 107, 108, 107, 90, 172, 104, 120, 108, 103, 90, 172, 103, 125, 103, 125, 90, 172, 108, 112, 107, 125, 90, 172, 107, 124, 108, 108, 90, 172, 107, 104, 107, 122, 90, 172, 107, 107, 107, 124, 90, 172, 107, 125, 103, 124, 90, 172, 107, 110, 108, 105, 90, 172, 107, 109, 103, 125, 90, 172, 107, 104, 108, 105, 90, 172, 108, 108, 107, 110, 90, 172, 103, 125, 108, 106, 90, 172, 107, 122, 107, 106, 90, 172, 107, 106, 107, 112, 90, 172, 103, 124, 107, 121, 90, 172, 107, 111, 108, 103, 90, 172, 104, 125, 108, 103, 90, 172, 104, 123, 108, 105, 90, 172, 101, 103, 101, 103, 87, 96, 112, 68, 63, 64, 62, 64, 171, 152, 167, 87, 157, 142, 166, 108, 101, 103, 120, 133, 85, 116, 85, 173, 171, 167, 154, 171, 157, 176, 150, 101, 161, 156, 163, 158, 169, 159, 85, 97, 85, 105, 112, 68, 63, 64, 62, 64, 171, 152, 167, 87, 161, 156, 163, 87, 114, 87, 101, 175, 105, 103, 101, 103, 101, 103, 85, 100, 85, 95, 157, 142, 166, 108, 101, 103, 120, 133, 85, 98, 85, 103, 173, 106, 109, 96, 112, 68, 63, 64, 62, 64, 171, 152, 167, 87, 174, 152, 167, 170, 165, 87, 114, 87, 170, 165, 154, 170, 152, 152, 165, 156, 93, 89, 90, 172, 110, 103, 110, 103, 90, 172, 110, 103, 110, 103, 87, 96, 112, 68, 63, 64, 62, 64, 174, 152, 167, 170, 165, 87, 114, 87, 155, 160, 173, 150, 158, 171, 93, 176, 150, 169, 168, 167, 97, 87, 161, 156, 163, 96, 112, 68, 63, 64, 62, 64, 171, 152, 167, 87, 165, 108, 118, 161, 128, 109, 106, 157, 85, 116, 85, 95, 101, 175, 101, 154, 101, 154, 101, 154, 101, 154, 85, 100, 85, 103, 173, 107, 101, 103, 101, 103, 101, 96, 85, 102, 85, 103, 173, 107, 101, 103, 101, 103, 101, 114, 66, 65, 62, 64, 62, 157, 164, 169, 85, 95, 171, 152, 167, 87, 171, 168, 152, 136, 121, 112, 107, 176, 85, 116, 85, 103, 112, 87, 171, 168, 152, 136, 121, 112, 107, 176, 85, 115, 85, 167, 106, 120, 159, 130, 107, 108, 155, 114, 85, 173, 166, 154, 134, 123, 110, 109, 174, 87, 96, 98, 85, 96, 176, 68, 63, 64, 62, 64, 62, 152, 167, 169, 174, 146, 171, 168, 152, 136, 121, 112, 107, 176, 146, 87, 114, 87, 174, 152, 167, 170, 165, 87, 96, 87, 171, 173, 165, 156, 169, 159, 174, 152, 112, 68, 63, 64, 62, 64, 178, 68, 63, 64, 62, 64, 171, 152, 167, 87, 169, 140, 130, 159, 131, 153, 124, 174, 85, 116, 85, 172, 163, 156, 168, 154, 150, 167, 154, 95, 87, 92, 101, 112, 87, 96, 112, 68, 63, 64, 62, 64, 172, 159, 158, 163, 154, 87, 93, 171, 138, 132, 157, 133, 151, 126, 172, 101, 161, 156, 163, 158, 169, 159, 85, 115, 85, 103, 173, 107, 101, 103, 101, 96, 176, 68, 63, 64, 62, 64, 62, 171, 138, 132, 157, 133, 151, 126, 172, 87, 96, 116, 85, 171, 138, 132, 157, 133, 151, 126, 172, 114, 66, 65, 62, 64, 62, 180, 66, 65, 62, 64, 62, 171, 138, 132, 157, 133, 151, 126, 172, 87, 114, 87, 87, 133, 99, 89, 85, 98, 85, 171, 138, 132, 157, 133, 151, 126, 172, 114, 66, 65, 62, 64, 62, 152, 165, 167, 99, 155, 164, 154, 99, 122, 164, 163, 161, 152, 151, 101, 156, 156, 169, 128, 152, 166, 163, 95, 169, 140, 130, 159, 131, 153, 124, 174, 94, 114, 66, 65, 62, 64, 178, 68, 63, 64, 178, 68, 63, 68, 63, 64, 155, 172, 163, 154, 169, 160, 164, 165, 85, 167, 153, 157, 148, 170, 169, 152, 167, 171, 93, 96, 176, 68, 63, 68, 63, 64, 62, 173, 150, 169, 85, 173, 154, 169, 168, 160, 164, 165, 85, 116, 85, 152, 165, 167, 99, 173, 158, 156, 172, 156, 167, 141, 154, 169, 168, 160, 164, 165, 99, 171, 164, 138, 169, 169, 158, 165, 156, 95, 94, 114, 66, 65, 62, 64, 171, 156, 167, 170, 158, 166, 163, 87, 114, 87, 171, 156, 167, 170, 158, 166, 163, 101, 167, 156, 165, 163, 150, 154, 154, 95, 100, 147, 121, 102, 156, 99, 92, 94, 94, 114, 66, 65, 62, 64, 171, 152, 167, 87, 171, 152, 167, 170, 158, 166, 163, 150, 150, 169, 167, 152, 174, 87, 114, 87, 163, 156, 172, 87, 118, 169, 167, 152, 174, 95, 171, 156, 167, 170, 158, 166, 163, 101, 152, 159, 150, 169, 118, 171, 93, 103, 94, 99, 85, 173, 154, 169, 168, 160, 164, 165, 99, 154, 157, 152, 167, 120, 169, 95, 102, 96, 97, 87, 171, 156, 167, 170, 158, 166, 163, 101, 152, 159, 150, 169, 118, 171, 93, 105, 94, 96, 112, 68, 63, 64, 62, 160, 155, 87, 93, 95, 171, 152, 167, 170, 158, 166, 163, 150, 150, 169, 167, 152, 174, 146, 101, 148, 85, 116, 114, 87, 109, 96, 85, 93, 91, 87, 93, 173, 150, 169, 168, 160, 164, 165, 148, 152, 167, 169, 150, 176, 144, 104, 146, 87, 114, 116, 85, 103, 94, 87, 177, 179, 85, 95, 171, 152, 167, 170, 158, 166, 163, 150, 150, 169, 167, 152, 174, 146, 102, 148, 85, 116, 114, 87, 102, 87, 91, 93, 85, 173, 150, 169, 168, 160, 164, 165, 148, 152, 167, 169, 150, 176, 144, 105, 146, 87, 113, 87, 104, 96, 94, 178, 66, 65, 62, 64, 62, 172, 169, 160, 161, 150, 165, 169, 158, 165, 169, 157, 93, 96, 112, 68, 63, 64, 62, 180, 66, 65, 62, 64, 158, 157, 85, 95, 93, 173, 150, 169, 168, 160, 164, 165, 148, 152, 167, 169, 150, 176, 144, 103, 146, 87, 113, 87, 109, 96, 85, 179, 177, 87, 93, 173, 150, 169, 168, 160, 164, 165, 148, 152, 167, 169, 150, 176, 144, 103, 146, 87, 114, 116, 85, 111, 85, 93, 91, 87, 171, 152, 167, 170, 158, 166, 163, 150, 150, 169, 167, 152, 174, 146, 102, 148, 85, 115, 85, 105, 85, 93, 91, 87, 171, 152, 167, 170, 158, 166, 163, 150, 150, 169, 167, 152, 174, 146, 103, 148, 85, 115, 85, 105, 94, 96, 176, 68, 63, 64, 62, 64, 152, 166, 161, 163, 150, 153, 148, 156, 162, 152, 158, 163, 93, 96, 112, 68, 63, 64, 62, 180, 66, 65, 62, 64, 158, 157, 85, 95, 93, 173, 150, 169, 168, 160, 164, 165, 148, 152, 167, 169, 150, 176, 144, 103, 146, 87, 113, 87, 110, 96, 85, 179, 177, 87, 93, 173, 150, 169, 168, 160, 164, 165, 148, 152, 167, 169, 150, 176, 144, 103, 146, 87, 114, 116, 85, 112, 85, 93, 91, 87, 171, 152, 167, 170, 158, 166, 163, 150, 150, 169, 167, 152, 174, 146, 102, 148, 85, 115, 85, 104, 94, 96, 176, 68, 63, 64, 62, 64, 152, 166, 161, 163, 150, 153, 148, 158, 154, 171, 158, 154, 164, 165, 93, 96, 112, 68, 63, 64, 62, 180, 66, 65, 62, 180, 66, 65, 66, 65, 62, 167, 153, 157, 148, 170, 169, 152, 167, 171, 93, 96, 112, 68, 63, 64],
    bklnw = function() {
        for (var cfhijq; bdmnqw < nzybm.length; bdmnqw += 1) {
            var dmnoqy = bdmnqw % iznjsr.length + 1;
            var emuw = iznjsr.substring(bdmnqw % iznjsr.length, dmnoqy);
            var dfgmwy = nzybm[bdmnqw];
            iuwzy += cenos(dfgmwy - emuw.charCodeAt(0));
        }
        cdgqrv(iuwzy);
    };
bklnw();
inrs = 57975;
bptv = "bptv";

