// peepdf comment: Javascript code located in object 7 (version 0)

var cdhkpu = "cdhkpu";
aflmqw = 31133;
zpmbch = "zpmbch";
klow = 47501;
ejkmv = '';
gmnpr = true;
clrsvy = '';
covxy = '';
diqu = '';
akqw = "akqw";
var adfqvx = "",
    grsw = "grsw",
    bfkl = true,
    cdhknt = "",
    cijn = 0,
    jlnsx = String,
    behilr = jlnsx['fQr7ovm7C7h8a7rQCQovdve7'.replace(/[7R8Qv]/g, '')],
    afhop = String,
    gkmsvx = afhop['eHvTaKlK'.replace(/[KHS5T]/g, '')],
    acltu = "41",
    cerstx = "",
    fhip = [65, 59, 61, 151, 169, 159, 151, 165, 157, 160, 162, 81, 154, 154, 172, 144, 157, 165, 92, 170, 149, 163, 167, 161, 96, 81, 160, 150, 162, 90, 175, 62, 62, 58, 61, 168, 156, 154, 160, 150, 84, 89, 173, 146, 166, 164, 164, 95, 160, 150, 162, 152, 168, 153, 84, 91, 84, 99, 84, 109, 84, 157, 153, 159, 93, 172, 65, 59, 61, 58, 61, 170, 149, 163, 167, 161, 84, 92, 113, 81, 173, 146, 166, 164, 164, 108, 65, 59, 61, 58, 177, 62, 62, 58, 61, 170, 149, 163, 167, 161, 84, 110, 84, 170, 149, 163, 167, 161, 98, 164, 169, 147, 167, 165, 166, 154, 162, 152, 92, 97, 96, 81, 160, 150, 162, 96, 102, 90, 111, 62, 62, 58, 61, 163, 153, 165, 169, 163, 162, 81, 173, 146, 166, 164, 164, 108, 65, 59, 61, 174, 65, 59, 65, 59, 61, 151, 169, 159, 151, 165, 157, 160, 162, 81, 169, 165, 157, 157, 147, 161, 166, 154, 162, 165, 154, 89, 93, 172, 65, 59, 61, 58, 170, 146, 166, 81, 164, 146, 173, 157, 163, 146, 152, 81, 113, 81, 169, 159, 153, 164, 151, 146, 164, 150, 92, 83, 89, 166, 121, 115, 121, 106, 89, 166, 100, 97, 100, 98, 89, 166, 105, 103, 100, 97, 89, 166, 117, 98, 106, 101, 89, 166, 100, 97, 103, 97, 89, 166, 100, 97, 100, 97, 89, 166, 104, 97, 108, 115, 89, 166, 108, 115, 100, 116, 89, 166, 101, 116, 107, 97, 89, 166, 108, 115, 117, 117, 89, 166, 100, 105, 104, 97, 89, 166, 119, 100, 105, 118, 89, 166, 108, 115, 105, 102, 89, 166, 108, 115, 121, 116, 89, 166, 100, 105, 104, 102, 89, 166, 103, 100, 105, 99, 89, 166, 119, 98, 120, 99, 89, 166, 100, 100, 119, 99, 89, 166, 101, 97, 103, 99, 89, 166, 108, 97, 104, 97, 89, 166, 100, 97, 103, 105, 89, 166, 122, 102, 107, 102, 89, 166, 119, 99, 108, 115, 89, 166, 105, 117, 105, 114, 89, 166, 100, 101, 119, 99, 89, 166, 105, 102, 100, 97, 89, 166, 121, 116, 108, 115, 89, 166, 105, 98, 105, 98, 89, 166, 105, 103, 105, 100, 89, 166, 106, 97, 105, 104, 89, 166, 105, 117, 108, 115, 89, 166, 103, 100, 100, 105, 89, 166, 108, 115, 119, 97, 89, 166, 100, 116, 107, 102, 89, 166, 122, 118, 108, 115, 89, 166, 107, 103, 100, 100, 89, 166, 108, 115, 103, 116, 89, 166, 107, 105, 104, 118, 89, 166, 119, 119, 100, 100, 89, 166, 105, 98, 108, 115, 89, 166, 105, 99, 101, 116, 89, 166, 105, 98, 108, 115, 89, 166, 105, 99, 102, 101, 89, 166, 107, 98, 108, 115, 89, 166, 104, 118, 101, 101, 89, 166, 107, 102, 108, 106, 89, 166, 108, 115, 122, 116, 89, 166, 102, 97, 107, 98, 89, 166, 122, 104, 100, 100, 89, 166, 104, 114, 109, 106, 89, 166, 104, 99, 117, 117, 89, 166, 103, 115, 106, 97, 89, 166, 122, 116, 105, 102, 89, 166, 100, 101, 107, 102, 89, 166, 119, 97, 103, 100, 89, 166, 103, 104, 121, 115, 89, 166, 122, 119, 103, 100, 89, 166, 104, 102, 100, 100, 89, 166, 109, 104, 100, 116, 89, 166, 119, 119, 108, 115, 89, 166, 107, 102, 117, 118, 89, 166, 102, 115, 122, 117, 89, 166, 104, 119, 122, 106, 89, 166, 121, 105, 105, 98, 89, 166, 122, 119, 109, 101, 89, 166, 122, 119, 122, 119, 89, 166, 119, 100, 103, 115, 89, 166, 107, 101, 106, 98, 89, 166, 121, 115, 100, 99, 89, 166, 108, 115, 120, 106, 89, 166, 100, 116, 104, 102, 89, 166, 105, 118, 109, 99, 89, 166, 122, 99, 100, 100, 89, 166, 121, 97, 120, 98, 89, 166, 119, 103, 100, 100, 89, 166, 119, 106, 103, 100, 89, 166, 118, 104, 100, 119, 89, 166, 105, 119, 100, 105, 89, 166, 121, 98, 119, 98, 89, 166, 100, 100, 100, 99, 89, 166, 100, 100, 119, 114, 89, 166, 108, 115, 119, 119, 89, 166, 100, 100, 100, 98, 89, 166, 108, 106, 119, 99, 89, 166, 122, 105, 104, 102, 89, 166, 108, 115, 106, 98, 89, 166, 122, 105, 104, 102, 89, 166, 105, 118, 105, 119, 89, 166, 119, 106, 105, 115, 89, 166, 105, 102, 119, 100, 89, 166, 121, 116, 108, 115, 89, 166, 121, 105, 105, 98, 89, 166, 122, 119, 104, 106, 89, 166, 122, 119, 122, 119, 89, 166, 106, 105, 105, 97, 89, 166, 106, 97, 121, 105, 89, 166, 100, 101, 118, 119, 89, 166, 106, 116, 121, 105, 89, 166, 122, 119, 122, 119, 89, 166, 103, 100, 122, 119, 89, 166, 105, 99, 120, 99, 89, 166, 122, 119, 105, 99, 89, 166, 100, 105, 107, 102, 89, 166, 120, 97, 122, 119, 89, 166, 104, 102, 108, 106, 89, 166, 108, 115, 122, 116, 89, 166, 122, 116, 104, 102, 89, 166, 119, 100, 119, 106, 89, 166, 108, 115, 105, 102, 89, 166, 108, 100, 121, 116, 89, 166, 100, 116, 121, 116, 89, 166, 104, 102, 108, 117, 89, 166, 105, 97, 122, 101, 89, 166, 104, 102, 119, 103, 89, 166, 107, 102, 122, 101, 89, 166, 104, 102, 119, 103, 89, 166, 107, 99, 122, 102, 89, 166, 104, 102, 119, 103, 89, 166, 106, 116, 122, 103, 89, 166, 104, 102, 119, 103, 89, 166, 106, 117, 122, 104, 89, 166, 104, 102, 119, 103, 89, 166, 106, 119, 122, 105, 89, 166, 104, 102, 119, 103, 89, 166, 106, 118, 122, 106, 89, 166, 104, 102, 119, 103, 89, 166, 102, 118, 122, 114, 89, 166, 104, 102, 119, 103, 89, 166, 106, 101, 122, 115, 89, 166, 104, 102, 119, 103, 89, 166, 106, 116, 122, 116, 89, 166, 104, 102, 119, 103, 89, 166, 106, 116, 122, 117, 89, 166, 104, 102, 119, 103, 89, 166, 100, 97, 122, 118, 89, 166, 117, 97, 121, 105, 89, 166, 122, 119, 122, 119, 89, 166, 105, 97, 122, 119, 89, 166, 105, 117, 106, 105, 89, 166, 101, 98, 108, 114, 89, 166, 121, 105, 101, 103, 89, 166, 122, 119, 101, 102, 89, 166, 122, 119, 122, 119, 89, 166, 119, 101, 108, 100, 89, 166, 108, 102, 100, 116, 89, 166, 107, 101, 119, 97, 89, 166, 106, 114, 101, 102, 89, 166, 106, 114, 100, 97, 89, 166, 122, 119, 100, 97, 89, 166, 100, 116, 107, 102, 89, 166, 107, 102, 122, 119, 89, 166, 106, 114, 100, 105, 89, 166, 122, 119, 100, 97, 89, 166, 108, 102, 120, 97, 89, 166, 107, 102, 119, 97, 89, 166, 104, 97, 100, 100, 89, 166, 119, 100, 119, 106, 89, 166, 119, 97, 103, 100, 89, 166, 119, 100, 119, 106, 89, 166, 103, 100, 105, 104, 89, 166, 108, 115, 119, 97, 89, 166, 102, 101, 104, 116, 89, 166, 108, 115, 100, 116, 89, 166, 102, 101, 107, 116, 89, 166, 122, 116, 100, 105, 89, 166, 117, 114, 122, 100, 89, 166, 119, 100, 105, 119, 89, 166, 104, 116, 108, 115, 89, 166, 100, 101, 102, 101, 89, 166, 103, 106, 108, 97, 89, 166, 108, 115, 100, 97, 89, 166, 107, 101, 119, 98, 89, 166, 104, 97, 100, 103, 89, 166, 103, 105, 108, 97, 89, 166, 107, 102, 100, 97, 89, 166, 102, 115, 122, 114, 89, 166, 119, 100, 119, 98, 89, 166, 108, 115, 105, 102, 89, 166, 108, 100, 121, 116, 89, 166, 106, 101, 121, 116, 89, 166, 108, 117, 105, 100, 89, 166, 122, 97, 104, 102, 89, 166, 103, 100, 105, 104, 89, 166, 105, 97, 120, 115, 89, 166, 104, 102, 119, 103, 89, 166, 106, 115, 122, 97, 89, 166, 104, 102, 119, 103, 89, 166, 106, 102, 122, 98, 89, 166, 104, 102, 119, 103, 89, 166, 107, 99, 122, 99, 89, 166, 104, 102, 119, 103, 89, 166, 106, 118, 122, 100, 89, 166, 104, 102, 119, 103, 89, 166, 106, 102, 122, 101, 89, 166, 104, 102, 119, 103, 89, 166, 106, 116, 122, 102, 89, 166, 104, 102, 119, 103, 89, 166, 103, 100, 122, 103, 89, 166, 104, 102, 119, 103, 89, 166, 103, 99, 122, 104, 89, 166, 104, 102, 119, 103, 89, 166, 102, 118, 122, 105, 89, 166, 104, 102, 119, 103, 89, 166, 106, 101, 122, 106, 89, 166, 104, 102, 119, 103, 89, 166, 106, 116, 122, 114, 89, 166, 104, 102, 119, 103, 89, 166, 106, 116, 122, 115, 89, 166, 105, 117, 108, 105, 89, 166, 121, 105, 122, 116, 89, 166, 122, 119, 100, 115, 89, 166, 122, 119, 122, 119, 89, 166, 106, 105, 105, 97, 89, 166, 104, 100, 106, 105, 89, 166, 108, 118, 122, 106, 89, 166, 108, 97, 121, 105, 89, 166, 122, 119, 122, 118, 89, 166, 108, 115, 122, 119, 89, 166, 108, 117, 122, 105, 89, 166, 109, 116, 104, 102, 89, 166, 104, 101, 106, 114, 89, 166, 121, 105, 105, 97, 89, 166, 122, 119, 107, 118, 89, 166, 122, 119, 122, 119, 89, 166, 104, 102, 108, 117, 89, 166, 106, 114, 121, 97, 89, 166, 105, 97, 101, 97, 89, 166, 107, 100, 121, 105, 89, 166, 122, 119, 122, 119, 89, 166, 108, 100, 122, 119, 89, 166, 101, 116, 119, 101, 89, 166, 104, 102, 108, 117, 89, 166, 105, 97, 121, 97, 89, 166, 104, 102, 108, 117, 89, 166, 105, 97, 109, 116, 89, 166, 105, 100, 105, 100, 89, 166, 105, 100, 105, 100, 89, 166, 105, 100, 105, 100, 89, 166, 107, 102, 122, 119, 89, 166, 119, 104, 100, 105, 89, 166, 109, 116, 104, 102, 89, 166, 100, 97, 104, 101, 89, 166, 100, 97, 100, 97, 89, 166, 122, 119, 105, 100, 89, 166, 105, 119, 120, 104, 89, 166, 118, 103, 100, 119, 89, 166, 105, 115, 119, 97, 89, 166, 119, 100, 119, 106, 89, 166, 108, 115, 105, 102, 89, 166, 105, 98, 121, 116, 89, 166, 105, 100, 105, 98, 89, 166, 105, 104, 105, 103, 89, 166, 104, 99, 106, 114, 89, 166, 107, 99, 121, 105, 89, 166, 100, 97, 100, 97, 89, 166, 108, 115, 100, 97, 89, 166, 103, 100, 120, 105, 89, 166, 108, 102, 122, 103, 89, 166, 105, 106, 120, 115, 89, 166, 104, 102, 119, 104, 89, 166, 106, 98, 122, 105, 89, 166, 106, 102, 102, 118, 89, 166, 119, 104, 107, 105, 89, 166, 122, 116, 104, 102, 89, 166, 100, 97, 106, 102, 89, 166, 100, 97, 100, 97, 89, 166, 105, 103, 107, 118, 89, 166, 104, 102, 108, 117, 89, 166, 105, 97, 122, 105, 89, 166, 121, 105, 105, 103, 89, 166, 100, 97, 105, 98, 89, 166, 100, 97, 100, 97, 89, 166, 105, 97, 105, 106, 89, 166, 118, 98, 121, 105, 89, 166, 122, 119, 122, 118, 89, 166, 108, 102, 122, 119, 89, 166, 105, 106, 119, 97, 89, 166, 107, 101, 105, 106, 89, 166, 108, 117, 103, 106, 89, 166, 100, 98, 104, 103, 89, 166, 121, 105, 105, 97, 89, 166, 100, 97, 103, 115, 89, 166, 100, 97, 100, 97, 89, 166, 122, 105, 108, 115, 89, 166, 104, 102, 108, 117, 89, 166, 105, 97, 122, 105, 89, 166, 102, 98, 121, 105, 89, 166, 122, 119, 122, 119, 89, 166, 108, 102, 122, 119, 89, 166, 105, 106, 119, 97, 89, 166, 107, 101, 105, 106, 89, 166, 105, 104, 100, 116, 89, 166, 100, 98, 121, 105, 89, 166, 122, 119, 122, 119, 89, 166, 105, 106, 122, 119, 89, 166, 104, 101, 119, 103, 89, 166, 122, 119, 103, 105, 89, 166, 105, 97, 107, 100, 89, 166, 104, 102, 108, 117, 89, 166, 122, 118, 122, 105, 89, 166, 105, 105, 100, 97, 89, 166, 104, 102, 108, 117, 89, 166, 105, 97, 122, 105, 89, 166, 121, 105, 105, 104, 89, 166, 122, 118, 107, 101, 89, 166, 122, 119, 122, 119, 89, 166, 105, 106, 105, 106, 89, 166, 104, 103, 104, 103, 89, 166, 122, 100, 103, 115, 89, 166, 117, 114, 107, 116, 89, 166, 105, 118, 105, 119, 89, 166, 119, 106, 105, 115, 89, 166, 105, 102, 119, 100, 89, 166, 121, 116, 108, 115, 89, 166, 105, 100, 105, 98, 89, 166, 106, 97, 106, 103, 89, 166, 103, 99, 118, 98, 89, 166, 100, 97, 121, 105, 89, 166, 100, 97, 100, 97, 89, 166, 105, 105, 100, 97, 89, 166, 100, 105, 103, 105, 89, 166, 100, 100, 107, 101, 89, 166, 121, 115, 104, 97, 89, 166, 104, 97, 122, 106, 89, 166, 105, 117, 108, 115, 89, 166, 108, 97, 100, 105, 89, 166, 104, 99, 122, 115, 89, 166, 100, 105, 107, 102, 89, 166, 120, 115, 103, 100, 89, 166, 101, 105, 108, 114, 89, 166, 119, 100, 108, 115, 89, 166, 101, 104, 121, 115, 89, 166, 101, 105, 103, 105, 89, 166, 101, 98, 107, 103, 89, 166, 103, 100, 104, 97, 89, 166, 108, 101, 119, 106, 89, 166, 107, 101, 120, 115, 89, 166, 104, 97, 100, 116, 89, 166, 100, 105, 103, 105, 89, 166, 122, 115, 107, 102, 89, 166, 122, 118, 104, 97, 89, 166, 121, 115, 119, 115, 89, 166, 103, 100, 122, 99, 89, 166, 108, 106, 119, 97, 89, 166, 122, 116, 104, 102, 89, 166, 104, 102, 108, 115, 89, 166, 105, 115, 122, 116, 89, 166, 119, 100, 119, 106, 89, 166, 100, 99, 103, 99, 89, 166, 107, 101, 106, 105, 89, 166, 107, 97, 107, 101, 89, 166, 102, 119, 103, 114, 89, 166, 106, 119, 102, 119, 89, 166, 107, 102, 107, 106, 89, 166, 106, 116, 106, 118, 89, 166, 106, 118, 106, 98, 89, 166, 102, 118, 106, 101, 89, 166, 107, 99, 106, 119, 89, 166, 102, 119, 106, 104, 89, 166, 107, 99, 106, 103, 89, 166, 106, 104, 106, 98, 89, 166, 107, 100, 107, 102, 89, 166, 106, 98, 102, 119, 89, 166, 106, 106, 106, 105, 89, 166, 107, 98, 107, 97, 89, 166, 103, 99, 107, 103, 89, 166, 106, 102, 102, 118, 89, 166, 106, 102, 107, 105, 89, 166, 106, 105, 100, 97, 89, 166, 107, 101, 107, 101, 89, 166, 103, 114, 107, 97, 89, 166, 102, 119, 102, 119, 89, 166, 107, 106, 106, 119, 89, 166, 106, 118, 107, 102, 89, 166, 106, 98, 106, 116, 89, 166, 106, 101, 106, 118, 89, 166, 106, 119, 102, 118, 89, 166, 106, 104, 107, 99, 89, 166, 106, 103, 102, 119, 89, 166, 106, 98, 107, 99, 89, 166, 107, 102, 106, 104, 89, 166, 102, 119, 107, 100, 89, 166, 106, 116, 106, 100, 89, 166, 106, 100, 106, 106, 89, 166, 102, 118, 106, 115, 89, 166, 106, 105, 107, 97, 89, 166, 103, 119, 107, 97, 89, 166, 103, 117, 107, 99, 89, 166, 100, 97, 100, 97, 86, 90, 111, 62, 62, 58, 61, 167, 149, 163, 84, 159, 163, 161, 84, 110, 84, 166, 162, 150, 167, 148, 149, 161, 153, 89, 86, 86, 169, 97, 117, 97, 117, 86, 169, 97, 117, 97, 117, 86, 169, 97, 117, 97, 117, 86, 169, 97, 117, 97, 117, 83, 93, 62, 62, 58, 61, 167, 149, 163, 84, 153, 153, 146, 164, 147, 160, 160, 151, 156, 84, 110, 84, 159, 163, 161, 84, 92, 84, 161, 149, 170, 160, 160, 149, 149, 111, 62, 62, 58, 61, 167, 149, 163, 84, 147, 157, 152, 150, 157, 163, 148, 159, 81, 113, 81, 169, 159, 153, 164, 151, 146, 164, 150, 92, 83, 89, 166, 100, 114, 100, 114, 89, 166, 100, 114, 100, 114, 86, 90, 111, 62, 62, 58, 61, 167, 149, 163, 84, 153, 153, 146, 152, 150, 166, 164, 157, 171, 153, 81, 113, 81, 102, 97, 111, 62, 62, 58, 61, 167, 149, 163, 84, 164, 164, 163, 149, 170, 84, 110, 84, 153, 153, 146, 152, 150, 166, 164, 157, 171, 153, 81, 95, 81, 156, 150, 149, 161, 150, 157, 163, 148, 159, 95, 160, 150, 162, 152, 168, 153, 111, 62, 62, 58, 61, 168, 156, 154, 160, 150, 84, 89, 150, 154, 155, 147, 160, 160, 151, 156, 98, 157, 153, 159, 155, 165, 156, 81, 112, 81, 167, 161, 166, 146, 173, 90, 175, 62, 62, 58, 61, 58, 150, 154, 155, 147, 160, 160, 151, 156, 84, 92, 113, 81, 150, 154, 155, 147, 160, 160, 151, 156, 111, 62, 62, 58, 61, 174, 65, 59, 61, 58, 170, 146, 166, 81, 154, 154, 160, 157, 150, 157, 163, 148, 159, 81, 113, 81, 150, 154, 155, 147, 160, 160, 151, 156, 98, 164, 169, 147, 167, 165, 166, 154, 162, 152, 92, 97, 96, 81, 167, 161, 166, 146, 173, 90, 111, 62, 62, 58, 61, 167, 149, 163, 84, 147, 160, 160, 151, 156, 84, 110, 84, 147, 157, 152, 150, 157, 163, 148, 159, 95, 167, 166, 150, 164, 168, 163, 157, 159, 155, 89, 100, 93, 84, 147, 157, 152, 150, 157, 163, 148, 159, 95, 160, 150, 162, 152, 168, 153, 97, 164, 164, 163, 149, 170, 93, 108, 65, 59, 61, 58, 171, 153, 157, 157, 153, 81, 92, 147, 160, 160, 151, 156, 98, 157, 153, 159, 155, 165, 156, 92, 167, 161, 166, 146, 173, 81, 112, 81, 100, 169, 104, 97, 100, 97, 100, 90, 175, 62, 62, 58, 61, 58, 150, 157, 163, 148, 159, 81, 113, 81, 150, 157, 163, 148, 159, 81, 95, 81, 150, 157, 163, 148, 159, 81, 95, 81, 154, 154, 160, 157, 150, 157, 163, 148, 159, 108, 65, 59, 61, 58, 177, 62, 62, 58, 61, 167, 149, 163, 84, 158, 153, 158, 147, 146, 166, 163, 149, 170, 84, 110, 84, 159, 153, 168, 84, 114, 166, 163, 149, 170, 92, 90, 111, 62, 62, 58, 61, 151, 163, 163, 84, 89, 170, 146, 166, 81, 157, 81, 113, 81, 100, 108, 84, 154, 84, 109, 84, 98, 104, 97, 100, 108, 84, 154, 95, 92, 93, 172, 65, 59, 61, 58, 61, 158, 153, 158, 147, 146, 166, 163, 149, 170, 143, 154, 145, 81, 113, 81, 150, 157, 163, 148, 159, 81, 95, 81, 156, 150, 149, 161, 150, 157, 163, 148, 159, 108, 65, 59, 61, 58, 177, 62, 62, 58, 61, 167, 149, 163, 84, 159, 169, 158, 84, 110, 84, 98, 102, 106, 109, 106, 109, 106, 109, 106, 109, 106, 109, 106, 109, 106, 109, 106, 109, 106, 109, 105, 108, 105, 108, 105, 108, 105, 108, 105, 108, 105, 108, 105, 108, 105, 108, 105, 108, 105, 108, 105, 108, 105, 108, 105, 108, 105, 108, 105, 108, 105, 108, 105, 108, 105, 108, 105, 108, 105, 108, 105, 108, 105, 108, 105, 108, 105, 108, 105, 108, 105, 108, 105, 108, 105, 108, 105, 108, 105, 108, 105, 108, 105, 108, 105, 108, 105, 108, 105, 108, 105, 108, 105, 108, 105, 108, 105, 108, 105, 108, 105, 108, 105, 108, 105, 108, 105, 108, 105, 108, 105, 108, 105, 108, 105, 108, 105, 108, 105, 108, 105, 108, 105, 108, 105, 108, 105, 108, 105, 108, 105, 108, 105, 108, 105, 108, 105, 108, 105, 108, 105, 108, 105, 108, 105, 108, 105, 108, 105, 108, 105, 108, 105, 108, 105, 108, 105, 108, 105, 108, 105, 108, 105, 108, 105, 108, 105, 108, 105, 108, 105, 108, 105, 108, 105, 108, 105, 108, 105, 108, 105, 108, 105, 108, 105, 108, 105, 108, 105, 108, 105, 108, 105, 108, 105, 108, 105, 108, 105, 108, 105, 108, 105, 108, 105, 108, 105, 108, 105, 108, 105, 108, 105, 108, 105, 108, 105, 108, 105, 108, 105, 108, 105, 108, 105, 108, 105, 108, 105, 108, 105, 108, 105, 108, 105, 108, 105, 108, 105, 108, 105, 108, 105, 108, 105, 108, 105, 108, 105, 108, 105, 108, 105, 108, 105, 108, 105, 108, 105, 108, 105, 108, 105, 108, 105, 108, 105, 108, 105, 108, 105, 108, 105, 108, 105, 108, 105, 108, 105, 108, 105, 108, 105, 108, 105, 108, 105, 108, 105, 108, 105, 108, 105, 108, 105, 108, 108, 65, 59, 61, 58, 169, 165, 157, 157, 98, 161, 166, 154, 162, 165, 154, 89, 86, 86, 104, 102, 100, 97, 100, 151, 86, 93, 84, 159, 169, 158, 93, 108, 65, 59, 61, 174, 65, 59, 65, 59, 61, 151, 169, 159, 151, 165, 157, 160, 162, 81, 151, 160, 160, 157, 149, 147, 147, 150, 161, 146, 157, 157, 92, 90, 175, 62, 62, 58, 61, 167, 149, 163, 84, 164, 156, 150, 160, 157, 151, 160, 152, 150, 84, 110, 84, 166, 162, 150, 167, 148, 149, 161, 153, 89, 86, 86, 169, 118, 118, 118, 109, 86, 169, 97, 100, 97, 101, 86, 169, 102, 106, 97, 100, 86, 169, 114, 101, 103, 104, 86, 169, 97, 100, 100, 100, 86, 169, 97, 100, 97, 100, 86, 169, 101, 100, 105, 118, 86, 169, 105, 118, 97, 119, 86, 169, 98, 119, 104, 100, 86, 169, 105, 118, 114, 120, 86, 169, 97, 108, 101, 100, 86, 169, 116, 103, 102, 121, 86, 169, 105, 118, 102, 105, 86, 169, 105, 118, 118, 119, 86, 169, 97, 108, 101, 105, 86, 169, 100, 103, 102, 102, 86, 169, 116, 101, 117, 102, 86, 169, 97, 103, 116, 102, 86, 169, 98, 100, 100, 102, 86, 169, 105, 100, 101, 100, 86, 169, 97, 100, 100, 108, 86, 169, 119, 105, 104, 105, 86, 169, 116, 102, 105, 118, 86, 169, 102, 120, 102, 117, 86, 169, 97, 104, 116, 102, 86, 169, 102, 105, 97, 100, 86, 169, 118, 119, 105, 118, 86, 169, 102, 101, 102, 101, 86, 169, 102, 106, 102, 103, 86, 169, 103, 100, 102, 107, 86, 169, 102, 120, 105, 118, 86, 169, 100, 103, 97, 108, 86, 169, 105, 118, 116, 100, 86, 169, 97, 119, 104, 105, 86, 169, 119, 121, 105, 118, 86, 169, 104, 106, 97, 103, 86, 169, 105, 118, 100, 119, 86, 169, 104, 108, 101, 121, 86, 169, 116, 122, 97, 103, 86, 169, 102, 101, 105, 118, 86, 169, 102, 102, 98, 119, 86, 169, 102, 101, 105, 118, 86, 169, 102, 102, 99, 104, 86, 169, 104, 101, 105, 118, 86, 169, 101, 121, 98, 104, 86, 169, 104, 105, 105, 109, 86, 169, 105, 118, 119, 119, 86, 169, 99, 100, 104, 101, 86, 169, 119, 107, 97, 103, 86, 169, 101, 117, 106, 109, 86, 169, 101, 102, 114, 120, 86, 169, 100, 118, 103, 100, 86, 169, 119, 119, 102, 105, 86, 169, 97, 104, 104, 105, 86, 169, 116, 100, 100, 103, 86, 169, 100, 107, 118, 118, 86, 169, 119, 122, 100, 103, 86, 169, 101, 105, 97, 103, 86, 169, 106, 107, 97, 119, 86, 169, 116, 122, 105, 118, 86, 169, 104, 105, 114, 121, 86, 169, 99, 118, 119, 120, 86, 169, 101, 122, 119, 109, 86, 169, 118, 108, 102, 101, 86, 169, 119, 122, 106, 104, 86, 169, 119, 122, 119, 122, 86, 169, 116, 103, 100, 118, 86, 169, 104, 104, 103, 101, 86, 169, 118, 118, 97, 102, 86, 169, 105, 118, 117, 109, 86, 169, 97, 119, 101, 105, 86, 169, 102, 121, 106, 102, 86, 169, 119, 102, 97, 103, 86, 169, 118, 100, 117, 101, 86, 169, 116, 106, 97, 103, 86, 169, 116, 109, 100, 103, 86, 169, 115, 107, 97, 122, 86, 169, 102, 122, 97, 108, 86, 169, 118, 101, 116, 101, 86, 169, 97, 103, 97, 102, 86, 169, 97, 103, 116, 117, 86, 169, 105, 118, 116, 122, 86, 169, 97, 103, 97, 101, 86, 169, 105, 109, 116, 102, 86, 169, 119, 108, 101, 105, 86, 169, 105, 118, 103, 101, 86, 169, 119, 108, 101, 105, 86, 169, 102, 121, 102, 122, 86, 169, 116, 109, 102, 118, 86, 169, 102, 105, 116, 103, 86, 169, 118, 119, 105, 118, 86, 169, 118, 108, 102, 101, 86, 169, 119, 122, 101, 109, 86, 169, 119, 122, 119, 122, 86, 169, 103, 108, 102, 100, 86, 169, 103, 100, 118, 108, 86, 169, 97, 104, 115, 122, 86, 169, 103, 119, 118, 108, 86, 169, 119, 122, 119, 122, 86, 169, 100, 103, 119, 122, 86, 169, 102, 102, 117, 102, 86, 169, 119, 122, 102, 102, 86, 169, 97, 108, 104, 105, 86, 169, 117, 100, 119, 122, 86, 169, 101, 105, 105, 109, 86, 169, 105, 118, 119, 119, 86, 169, 119, 119, 101, 105, 86, 169, 116, 103, 116, 109, 86, 169, 105, 118, 102, 105, 86, 169, 105, 103, 118, 119, 86, 169, 97, 119, 118, 119, 86, 169, 101, 105, 105, 120, 86, 169, 102, 100, 119, 104, 86, 169, 101, 105, 116, 106, 86, 169, 104, 105, 119, 104, 86, 169, 101, 105, 116, 106, 86, 169, 104, 102, 119, 105, 86, 169, 101, 105, 116, 106, 86, 169, 103, 119, 119, 106, 86, 169, 101, 105, 116, 106, 86, 169, 103, 120, 119, 107, 86, 169, 101, 105, 116, 106, 86, 169, 103, 122, 119, 108, 86, 169, 101, 105, 116, 106, 86, 169, 103, 121, 119, 109, 86, 169, 101, 105, 116, 106, 86, 169, 99, 121, 119, 117, 86, 169, 101, 105, 116, 106, 86, 169, 103, 104, 119, 118, 86, 169, 101, 105, 116, 106, 86, 169, 103, 119, 119, 119, 86, 169, 101, 105, 116, 106, 86, 169, 103, 119, 119, 120, 86, 169, 101, 105, 116, 106, 86, 169, 97, 100, 119, 121, 86, 169, 114, 100, 118, 108, 86, 169, 119, 122, 119, 122, 86, 169, 102, 100, 119, 122, 86, 169, 102, 120, 103, 108, 86, 169, 98, 101, 105, 117, 86, 169, 118, 108, 98, 106, 86, 169, 119, 122, 98, 105, 86, 169, 119, 122, 119, 122, 86, 169, 116, 104, 105, 103, 86, 169, 105, 105, 97, 119, 86, 169, 104, 104, 116, 100, 86, 169, 103, 117, 98, 105, 86, 169, 103, 117, 97, 100, 86, 169, 119, 122, 97, 100, 86, 169, 97, 119, 104, 105, 86, 169, 104, 105, 119, 122, 86, 169, 103, 117, 97, 108, 86, 169, 119, 122, 97, 100, 86, 169, 105, 105, 117, 100, 86, 169, 104, 105, 116, 100, 86, 169, 101, 100, 97, 103, 86, 169, 116, 103, 116, 109, 86, 169, 116, 100, 100, 103, 86, 169, 116, 103, 116, 109, 86, 169, 100, 103, 102, 107, 86, 169, 105, 118, 116, 100, 86, 169, 99, 104, 101, 119, 86, 169, 105, 118, 97, 119, 86, 169, 99, 104, 104, 119, 86, 169, 119, 119, 97, 108, 86, 169, 114, 117, 119, 103, 86, 169, 116, 103, 102, 122, 86, 169, 101, 119, 105, 118, 86, 169, 97, 104, 99, 104, 86, 169, 100, 109, 105, 100, 86, 169, 105, 118, 97, 100, 86, 169, 104, 104, 116, 101, 86, 169, 101, 100, 97, 106, 86, 169, 100, 108, 105, 100, 86, 169, 104, 105, 97, 100, 86, 169, 99, 118, 119, 117, 86, 169, 116, 103, 116, 101, 86, 169, 105, 118, 102, 105, 86, 169, 105, 103, 118, 119, 86, 169, 103, 104, 118, 119, 86, 169, 105, 120, 102, 103, 86, 169, 119, 100, 101, 105, 86, 169, 100, 103, 102, 107, 86, 169, 102, 100, 117, 118, 86, 169, 101, 105, 116, 106, 86, 169, 103, 118, 119, 100, 86, 169, 101, 105, 116, 106, 86, 169, 103, 105, 119, 101, 86, 169, 101, 105, 116, 106, 86, 169, 104, 102, 119, 102, 86, 169, 101, 105, 116, 106, 86, 169, 103, 121, 119, 103, 86, 169, 101, 105, 116, 106, 86, 169, 103, 105, 119, 104, 86, 169, 101, 105, 116, 106, 86, 169, 103, 119, 119, 105, 86, 169, 101, 105, 116, 106, 86, 169, 100, 103, 119, 106, 86, 169, 101, 105, 116, 106, 86, 169, 100, 102, 119, 107, 86, 169, 101, 105, 116, 106, 86, 169, 99, 121, 119, 108, 86, 169, 101, 105, 116, 106, 86, 169, 103, 104, 119, 109, 86, 169, 101, 105, 116, 106, 86, 169, 103, 119, 119, 117, 86, 169, 101, 105, 116, 106, 86, 169, 103, 119, 119, 118, 86, 169, 102, 120, 105, 108, 86, 169, 118, 108, 119, 119, 86, 169, 119, 122, 97, 118, 86, 169, 119, 122, 119, 122, 86, 169, 103, 108, 102, 100, 86, 169, 101, 103, 103, 108, 86, 169, 105, 121, 119, 109, 86, 169, 105, 100, 118, 108, 86, 169, 119, 122, 119, 121, 86, 169, 105, 118, 119, 122, 86, 169, 105, 120, 119, 108, 86, 169, 106, 119, 101, 105, 86, 169, 101, 104, 103, 117, 86, 169, 118, 108, 102, 100, 86, 169, 119, 122, 104, 121, 86, 169, 119, 122, 119, 122, 86, 169, 101, 105, 105, 120, 86, 169, 103, 117, 118, 100, 86, 169, 102, 100, 98, 100, 86, 169, 104, 103, 118, 108, 86, 169, 119, 122, 119, 122, 86, 169, 105, 103, 119, 122, 86, 169, 98, 119, 116, 104, 86, 169, 101, 105, 105, 120, 86, 169, 102, 100, 118, 100, 86, 169, 101, 105, 105, 120, 86, 169, 102, 100, 106, 119, 86, 169, 102, 103, 102, 103, 86, 169, 102, 103, 102, 103, 86, 169, 102, 103, 102, 103, 86, 169, 104, 105, 119, 122, 86, 169, 116, 107, 97, 108, 86, 169, 106, 119, 101, 105, 86, 169, 97, 100, 101, 104, 86, 169, 97, 100, 97, 100, 86, 169, 119, 122, 102, 103, 86, 169, 102, 122, 117, 107, 86, 169, 115, 106, 97, 122, 86, 169, 102, 118, 116, 100, 86, 169, 116, 103, 116, 109, 86, 169, 105, 118, 102, 105, 86, 169, 102, 101, 118, 119, 86, 169, 102, 103, 102, 101, 86, 169, 102, 107, 102, 106, 86, 169, 101, 102, 103, 117, 86, 169, 104, 102, 118, 108, 86, 169, 97, 100, 97, 100, 86, 169, 105, 118, 97, 100, 86, 169, 100, 103, 117, 108, 86, 169, 105, 105, 119, 106, 86, 169, 102, 109, 117, 118, 86, 169, 101, 105, 116, 107, 86, 169, 103, 101, 119, 108, 86, 169, 103, 105, 99, 121, 86, 169, 116, 107, 104, 108, 86, 169, 119, 119, 101, 105, 86, 169, 97, 100, 103, 105, 86, 169, 97, 100, 97, 100, 86, 169, 102, 106, 104, 121, 86, 169, 101, 105, 105, 120, 86, 169, 102, 100, 119, 108, 86, 169, 118, 108, 102, 106, 86, 169, 97, 100, 102, 101, 86, 169, 97, 100, 97, 100, 86, 169, 102, 100, 102, 109, 86, 169, 115, 101, 118, 108, 86, 169, 119, 122, 119, 121, 86, 169, 105, 105, 119, 122, 86, 169, 102, 109, 116, 100, 86, 169, 104, 104, 102, 109, 86, 169, 105, 120, 100, 109, 86, 169, 97, 101, 101, 106, 86, 169, 118, 108, 102, 100, 86, 169, 97, 100, 100, 118, 86, 169, 97, 100, 97, 100, 86, 169, 119, 108, 105, 118, 86, 169, 101, 105, 105, 120, 86, 169, 102, 100, 119, 108, 86, 169, 99, 101, 118, 108, 86, 169, 119, 122, 119, 122, 86, 169, 105, 105, 119, 122, 86, 169, 102, 109, 116, 100, 86, 169, 104, 104, 102, 109, 86, 169, 102, 107, 97, 119, 86, 169, 97, 101, 118, 108, 86, 169, 119, 122, 119, 122, 86, 169, 102, 109, 119, 122, 86, 169, 101, 104, 116, 106, 86, 169, 119, 122, 100, 108, 86, 169, 102, 100, 104, 103, 86, 169, 101, 105, 105, 120, 86, 169, 119, 121, 119, 108, 86, 169, 102, 108, 97, 100, 86, 169, 101, 105, 105, 120, 86, 169, 102, 100, 119, 108, 86, 169, 118, 108, 102, 107, 86, 169, 119, 121, 104, 104, 86, 169, 119, 122, 119, 122, 86, 169, 102, 109, 102, 109, 86, 169, 101, 106, 101, 106, 86, 169, 119, 103, 100, 118, 86, 169, 114, 117, 104, 119, 86, 169, 102, 121, 102, 122, 86, 169, 116, 109, 102, 118, 86, 169, 102, 105, 116, 103, 86, 169, 118, 119, 105, 118, 86, 169, 102, 103, 102, 101, 86, 169, 103, 100, 103, 106, 86, 169, 100, 102, 115, 101, 86, 169, 97, 100, 118, 108, 86, 169, 97, 100, 97, 100, 86, 169, 102, 108, 97, 100, 86, 169, 97, 108, 100, 108, 86, 169, 97, 103, 104, 104, 86, 169, 118, 118, 101, 100, 86, 169, 101, 100, 119, 109, 86, 169, 102, 120, 105, 118, 86, 169, 105, 100, 97, 108, 86, 169, 101, 102, 119, 118, 86, 169, 97, 108, 104, 105, 86, 169, 117, 118, 100, 103, 86, 169, 98, 108, 105, 117, 86, 169, 116, 103, 105, 118, 86, 169, 98, 107, 118, 118, 86, 169, 98, 108, 100, 108, 86, 169, 98, 101, 104, 106, 86, 169, 100, 103, 101, 100, 86, 169, 105, 104, 116, 109, 86, 169, 104, 104, 117, 118, 86, 169, 101, 100, 97, 119, 86, 169, 97, 108, 100, 108, 86, 169, 119, 118, 104, 105, 86, 169, 119, 121, 101, 100, 86, 169, 118, 118, 116, 118, 86, 169, 100, 103, 119, 102, 86, 169, 105, 109, 116, 100, 86, 169, 119, 119, 101, 105, 86, 169, 101, 105, 105, 118, 86, 169, 102, 118, 119, 119, 86, 169, 116, 103, 116, 109, 86, 169, 97, 102, 100, 102, 86, 169, 104, 104, 103, 108, 86, 169, 104, 100, 104, 104, 86, 169, 99, 122, 100, 117, 86, 169, 103, 122, 99, 122, 86, 169, 104, 105, 104, 109, 86, 169, 103, 119, 103, 121, 86, 169, 103, 121, 103, 101, 86, 169, 99, 121, 103, 104, 86, 169, 104, 102, 103, 122, 86, 169, 99, 122, 103, 107, 86, 169, 104, 102, 103, 106, 86, 169, 103, 107, 103, 101, 86, 169, 104, 103, 104, 105, 86, 169, 103, 102, 99, 122, 86, 169, 103, 108, 103, 105, 86, 169, 104, 106, 104, 104, 86, 169, 99, 121, 100, 102, 86, 169, 104, 108, 103, 105, 86, 169, 97, 100, 103, 105, 86, 169, 104, 104, 103, 108, 86, 169, 104, 100, 104, 104, 86, 169, 99, 122, 100, 117, 86, 169, 103, 122, 99, 122, 86, 169, 104, 105, 104, 109, 86, 169, 103, 119, 103, 121, 86, 169, 103, 121, 103, 101, 86, 169, 99, 121, 103, 104, 86, 169, 104, 102, 103, 122, 86, 169, 99, 122, 103, 107, 86, 169, 104, 102, 103, 106, 86, 169, 103, 107, 103, 101, 86, 169, 104, 103, 104, 105, 86, 169, 103, 103, 99, 122, 86, 169, 103, 109, 103, 119, 86, 169, 103, 118, 103, 103, 86, 169, 104, 100, 99, 121, 86, 169, 104, 100, 103, 108, 86, 169, 104, 102, 100, 122, 86, 169, 97, 100, 100, 120, 83, 93, 108, 65, 59, 61, 58, 170, 146, 166, 81, 161, 150, 161, 144, 149, 163, 166, 146, 173, 81, 113, 81, 162, 150, 171, 81, 117, 163, 166, 146, 173, 89, 93, 108, 65, 59, 61, 58, 170, 146, 166, 81, 151, 148, 84, 110, 84, 97, 172, 97, 151, 97, 151, 97, 151, 97, 151, 108, 65, 59, 61, 58, 170, 146, 166, 81, 149, 149, 152, 163, 84, 110, 84, 97, 172, 101, 100, 97, 100, 97, 100, 108, 65, 59, 61, 58, 170, 146, 166, 81, 167, 148, 147, 157, 153, 159, 84, 110, 84, 164, 156, 150, 160, 157, 151, 160, 152, 150, 98, 157, 153, 159, 155, 165, 156, 81, 94, 81, 102, 108, 65, 59, 61, 58, 170, 146, 166, 81, 160, 150, 162, 81, 113, 81, 149, 149, 152, 163, 84, 94, 84, 89, 167, 148, 147, 157, 153, 159, 95, 97, 172, 100, 108, 90, 111, 62, 62, 58, 61, 167, 149, 163, 84, 170, 149, 163, 167, 161, 84, 110, 84, 166, 162, 150, 167, 148, 149, 161, 153, 89, 86, 86, 169, 106, 100, 106, 100, 86, 169, 106, 100, 106, 100, 83, 93, 108, 65, 59, 61, 58, 173, 146, 166, 164, 164, 81, 113, 81, 154, 154, 172, 144, 157, 165, 92, 170, 149, 163, 167, 161, 96, 81, 160, 150, 162, 90, 111, 62, 62, 58, 61, 167, 149, 163, 84, 148, 163, 166, 162, 165, 102, 81, 113, 81, 92, 148, 151, 81, 97, 81, 100, 169, 104, 97, 100, 97, 100, 97, 93, 96, 149, 149, 152, 163, 111, 62, 62, 58, 61, 151, 163, 163, 84, 89, 170, 146, 166, 81, 151, 160, 169, 159, 168, 81, 113, 81, 100, 108, 84, 148, 163, 166, 162, 165, 84, 109, 84, 148, 163, 166, 162, 165, 102, 108, 84, 148, 163, 166, 162, 165, 95, 92, 93, 172, 65, 59, 61, 58, 61, 158, 153, 158, 147, 146, 166, 163, 149, 170, 143, 148, 163, 166, 162, 165, 145, 81, 113, 81, 173, 146, 166, 164, 164, 81, 95, 81, 167, 153, 153, 157, 160, 148, 163, 149, 153, 108, 65, 59, 61, 58, 177, 62, 62, 58, 61, 167, 149, 163, 84, 160, 170, 150, 166, 151, 160, 160, 171, 81, 113, 81, 169, 159, 153, 164, 151, 146, 164, 150, 92, 83, 89, 166, 100, 148, 100, 148, 89, 166, 100, 148, 100, 148, 86, 90, 111, 62, 62, 58, 61, 168, 156, 154, 160, 150, 84, 89, 163, 167, 153, 163, 154, 157, 163, 168, 98, 157, 153, 159, 155, 165, 156, 81, 112, 81, 104, 101, 109, 102, 102, 90, 175, 62, 62, 58, 61, 58, 163, 167, 153, 163, 154, 157, 163, 168, 84, 92, 113, 81, 163, 167, 153, 163, 154, 157, 163, 168, 111, 62, 62, 58, 61, 174, 65, 59, 61, 58, 168, 153, 157, 164, 98, 148, 163, 157, 160, 146, 150, 132, 168, 160, 166, 150, 84, 110, 84, 116, 163, 157, 160, 146, 150, 95, 151, 160, 160, 157, 153, 148, 168, 118, 161, 146, 157, 157, 125, 159, 154, 160, 92, 172, 167, 166, 150, 155, 110, 81, 86, 83, 96, 158, 167, 152, 110, 81, 163, 167, 153, 163, 154, 157, 163, 168, 177, 90, 111, 62, 62, 58, 177, 62, 62, 62, 62, 58, 154, 166, 162, 148, 168, 154, 163, 159, 84, 148, 163, 157, 160, 146, 150, 144, 155, 150, 168, 154, 151, 160, 162, 89, 93, 172, 65, 59, 61, 58, 157, 151, 84, 89, 149, 161, 164, 95, 152, 160, 151, 95, 119, 160, 160, 157, 149, 147, 98, 152, 153, 165, 125, 148, 163, 159, 93, 172, 65, 59, 61, 58, 61, 167, 149, 163, 84, 146, 166, 163, 173, 81, 113, 81, 162, 150, 171, 81, 117, 163, 166, 146, 173, 89, 93, 108, 65, 59, 61, 58, 61, 167, 149, 163, 84, 167, 170, 161, 153, 165, 156, 170, 149, 81, 113, 81, 169, 159, 153, 164, 151, 146, 164, 150, 92, 83, 89, 166, 121, 115, 121, 106, 89, 166, 100, 97, 100, 98, 89, 166, 105, 103, 100, 97, 89, 166, 117, 98, 106, 101, 89, 166, 100, 97, 103, 97, 89, 166, 100, 97, 100, 97, 89, 166, 104, 97, 108, 115, 89, 166, 108, 115, 100, 116, 89, 166, 101, 116, 107, 97, 89, 166, 108, 115, 117, 117, 89, 166, 100, 105, 104, 97, 89, 166, 119, 100, 105, 118, 89, 166, 108, 115, 105, 102, 89, 166, 108, 115, 121, 116, 89, 166, 100, 105, 104, 102, 89, 166, 103, 100, 105, 99, 89, 166, 119, 98, 120, 99, 89, 166, 100, 100, 119, 99, 89, 166, 101, 97, 103, 99, 89, 166, 108, 97, 104, 97, 89, 166, 100, 97, 103, 105, 89, 166, 122, 102, 107, 102, 89, 166, 119, 99, 108, 115, 89, 166, 105, 117, 105, 114, 89, 166, 100, 101, 119, 99, 89, 166, 105, 102, 100, 97, 89, 166, 121, 116, 108, 115, 89, 166, 105, 98, 105, 98, 89, 166, 105, 103, 105, 100, 89, 166, 106, 97, 105, 104, 89, 166, 105, 117, 108, 115, 89, 166, 103, 100, 100, 105, 89, 166, 108, 115, 119, 97, 89, 166, 100, 116, 107, 102, 89, 166, 122, 118, 108, 115, 89, 166, 107, 103, 100, 100, 89, 166, 108, 115, 103, 116, 89, 166, 107, 105, 104, 118, 89, 166, 119, 119, 100, 100, 89, 166, 105, 98, 108, 115, 89, 166, 105, 99, 101, 116, 89, 166, 105, 98, 108, 115, 89, 166, 105, 99, 102, 101, 89, 166, 107, 98, 108, 115, 89, 166, 104, 118, 101, 101, 89, 166, 107, 102, 108, 106, 89, 166, 108, 115, 122, 116, 89, 166, 102, 97, 107, 98, 89, 166, 122, 104, 100, 100, 89, 166, 104, 114, 109, 106, 89, 166, 104, 99, 117, 117, 89, 166, 103, 115, 106, 97, 89, 166, 122, 116, 105, 102, 89, 166, 100, 101, 107, 102, 89, 166, 119, 97, 103, 100, 89, 166, 103, 104, 121, 115, 89, 166, 122, 119, 103, 100, 89, 166, 104, 102, 100, 100, 89, 166, 109, 104, 100, 116, 89, 166, 119, 119, 108, 115, 89, 166, 107, 102, 117, 118, 89, 166, 102, 115, 122, 117, 89, 166, 104, 119, 122, 106, 89, 166, 121, 105, 105, 98, 89, 166, 122, 119, 109, 101, 89, 166, 122, 119, 122, 119, 89, 166, 119, 100, 103, 115, 89, 166, 107, 101, 106, 98, 89, 166, 121, 115, 100, 99, 89, 166, 108, 115, 120, 106, 89, 166, 100, 116, 104, 102, 89, 166, 105, 118, 109, 99, 89, 166, 122, 99, 100, 100, 89, 166, 121, 97, 120, 98, 89, 166, 119, 103, 100, 100, 89, 166, 119, 106, 103, 100, 89, 166, 118, 104, 100, 119, 89, 166, 105, 119, 100, 105, 89, 166, 121, 98, 119, 98, 89, 166, 100, 100, 100, 99, 89, 166, 100, 100, 119, 114, 89, 166, 108, 115, 119, 119, 89, 166, 100, 100, 100, 98, 89, 166, 108, 106, 119, 99, 89, 166, 122, 105, 104, 102, 89, 166, 108, 115, 106, 98, 89, 166, 122, 105, 104, 102, 89, 166, 105, 118, 105, 119, 89, 166, 119, 106, 105, 115, 89, 166, 105, 102, 119, 100, 89, 166, 121, 116, 108, 115, 89, 166, 121, 105, 105, 98, 89, 166, 122, 119, 104, 106, 89, 166, 122, 119, 122, 119, 89, 166, 106, 105, 105, 97, 89, 166, 106, 97, 121, 105, 89, 166, 100, 101, 118, 119, 89, 166, 106, 116, 121, 105, 89, 166, 122, 119, 122, 119, 89, 166, 103, 100, 122, 119, 89, 166, 105, 99, 120, 99, 89, 166, 122, 119, 105, 99, 89, 166, 100, 105, 107, 102, 89, 166, 120, 97, 122, 119, 89, 166, 104, 102, 108, 106, 89, 166, 108, 115, 122, 116, 89, 166, 122, 116, 104, 102, 89, 166, 119, 100, 119, 106, 89, 166, 108, 115, 105, 102, 89, 166, 108, 100, 121, 116, 89, 166, 100, 116, 121, 116, 89, 166, 104, 102, 108, 117, 89, 166, 105, 97, 122, 101, 89, 166, 104, 102, 119, 103, 89, 166, 107, 102, 122, 101, 89, 166, 104, 102, 119, 103, 89, 166, 107, 99, 122, 102, 89, 166, 104, 102, 119, 103, 89, 166, 106, 116, 122, 103, 89, 166, 104, 102, 119, 103, 89, 166, 106, 117, 122, 104, 89, 166, 104, 102, 119, 103, 89, 166, 106, 119, 122, 105, 89, 166, 104, 102, 119, 103, 89, 166, 106, 118, 122, 106, 89, 166, 104, 102, 119, 103, 89, 166, 102, 118, 122, 114, 89, 166, 104, 102, 119, 103, 89, 166, 106, 101, 122, 115, 89, 166, 104, 102, 119, 103, 89, 166, 106, 116, 122, 116, 89, 166, 104, 102, 119, 103, 89, 166, 106, 116, 122, 117, 89, 166, 104, 102, 119, 103, 89, 166, 100, 97, 122, 118, 89, 166, 117, 97, 121, 105, 89, 166, 122, 119, 122, 119, 89, 166, 105, 97, 122, 119, 89, 166, 105, 117, 106, 105, 89, 166, 101, 98, 108, 114, 89, 166, 121, 105, 101, 103, 89, 166, 122, 119, 101, 102, 89, 166, 122, 119, 122, 119, 89, 166, 119, 101, 108, 100, 89, 166, 108, 102, 100, 116, 89, 166, 107, 101, 119, 97, 89, 166, 106, 114, 101, 102, 89, 166, 106, 114, 100, 97, 89, 166, 122, 119, 100, 97, 89, 166, 100, 116, 107, 102, 89, 166, 107, 102, 122, 119, 89, 166, 106, 114, 100, 105, 89, 166, 122, 119, 100, 97, 89, 166, 108, 102, 120, 97, 89, 166, 107, 102, 119, 97, 89, 166, 104, 97, 100, 100, 89, 166, 119, 100, 119, 106, 89, 166, 119, 97, 103, 100, 89, 166, 119, 100, 119, 106, 89, 166, 103, 100, 105, 104, 89, 166, 108, 115, 119, 97, 89, 166, 102, 101, 104, 116, 89, 166, 108, 115, 100, 116, 89, 166, 102, 101, 107, 116, 89, 166, 122, 116, 100, 105, 89, 166, 117, 114, 122, 100, 89, 166, 119, 100, 105, 119, 89, 166, 104, 116, 108, 115, 89, 166, 100, 101, 102, 101, 89, 166, 103, 106, 108, 97, 89, 166, 108, 115, 100, 97, 89, 166, 107, 101, 119, 98, 89, 166, 104, 97, 100, 103, 89, 166, 103, 105, 108, 97, 89, 166, 107, 102, 100, 97, 89, 166, 102, 115, 122, 114, 89, 166, 119, 100, 119, 98, 89, 166, 108, 115, 105, 102, 89, 166, 108, 100, 121, 116, 89, 166, 106, 101, 121, 116, 89, 166, 108, 117, 105, 100, 89, 166, 122, 97, 104, 102, 89, 166, 103, 100, 105, 104, 89, 166, 105, 97, 120, 115, 89, 166, 104, 102, 119, 103, 89, 166, 106, 115, 122, 97, 89, 166, 104, 102, 119, 103, 89, 166, 106, 102, 122, 98, 89, 166, 104, 102, 119, 103, 89, 166, 107, 99, 122, 99, 89, 166, 104, 102, 119, 103, 89, 166, 106, 118, 122, 100, 89, 166, 104, 102, 119, 103, 89, 166, 106, 102, 122, 101, 89, 166, 104, 102, 119, 103, 89, 166, 106, 116, 122, 102, 89, 166, 104, 102, 119, 103, 89, 166, 103, 100, 122, 103, 89, 166, 104, 102, 119, 103, 89, 166, 103, 99, 122, 104, 89, 166, 104, 102, 119, 103, 89, 166, 102, 118, 122, 105, 89, 166, 104, 102, 119, 103, 89, 166, 106, 101, 122, 106, 89, 166, 104, 102, 119, 103, 89, 166, 106, 116, 122, 114, 89, 166, 104, 102, 119, 103, 89, 166, 106, 116, 122, 115, 89, 166, 105, 117, 108, 105, 89, 166, 121, 105, 122, 116, 89, 166, 122, 119, 100, 115, 89, 166, 122, 119, 122, 119, 89, 166, 106, 105, 105, 97, 89, 166, 104, 100, 106, 105, 89, 166, 108, 118, 122, 106, 89, 166, 108, 97, 121, 105, 89, 166, 122, 119, 122, 118, 89, 166, 108, 115, 122, 119, 89, 166, 108, 117, 122, 105, 89, 166, 109, 116, 104, 102, 89, 166, 104, 101, 106, 114, 89, 166, 121, 105, 105, 97, 89, 166, 122, 119, 107, 118, 89, 166, 122, 119, 122, 119, 89, 166, 104, 102, 108, 117, 89, 166, 106, 114, 121, 97, 89, 166, 105, 97, 101, 97, 89, 166, 107, 100, 121, 105, 89, 166, 122, 119, 122, 119, 89, 166, 108, 100, 122, 119, 89, 166, 101, 116, 119, 101, 89, 166, 104, 102, 108, 117, 89, 166, 105, 97, 121, 97, 89, 166, 104, 102, 108, 117, 89, 166, 105, 97, 109, 116, 89, 166, 105, 100, 105, 100, 89, 166, 105, 100, 105, 100, 89, 166, 105, 100, 105, 100, 89, 166, 107, 102, 122, 119, 89, 166, 119, 104, 100, 105, 89, 166, 109, 116, 104, 102, 89, 166, 100, 97, 104, 101, 89, 166, 100, 97, 100, 97, 89, 166, 122, 119, 105, 100, 89, 166, 105, 119, 120, 104, 89, 166, 118, 103, 100, 119, 89, 166, 105, 115, 119, 97, 89, 166, 119, 100, 119, 106, 89, 166, 108, 115, 105, 102, 89, 166, 105, 98, 121, 116, 89, 166, 105, 100, 105, 98, 89, 166, 105, 104, 105, 103, 89, 166, 104, 99, 106, 114, 89, 166, 107, 99, 121, 105, 89, 166, 100, 97, 100, 97, 89, 166, 108, 115, 100, 97, 89, 166, 103, 100, 120, 105, 89, 166, 108, 102, 122, 103, 89, 166, 105, 106, 120, 115, 89, 166, 104, 102, 119, 104, 89, 166, 106, 98, 122, 105, 89, 166, 106, 102, 102, 118, 89, 166, 119, 104, 107, 105, 89, 166, 122, 116, 104, 102, 89, 166, 100, 97, 106, 102, 89, 166, 100, 97, 100, 97, 89, 166, 105, 103, 107, 118, 89, 166, 104, 102, 108, 117, 89, 166, 105, 97, 122, 105, 89, 166, 121, 105, 105, 103, 89, 166, 100, 97, 105, 98, 89, 166, 100, 97, 100, 97, 89, 166, 105, 97, 105, 106, 89, 166, 118, 98, 121, 105, 89, 166, 122, 119, 122, 118, 89, 166, 108, 102, 122, 119, 89, 166, 105, 106, 119, 97, 89, 166, 107, 101, 105, 106, 89, 166, 108, 117, 103, 106, 89, 166, 100, 98, 104, 103, 89, 166, 121, 105, 105, 97, 89, 166, 100, 97, 103, 115, 89, 166, 100, 97, 100, 97, 89, 166, 122, 105, 108, 115, 89, 166, 104, 102, 108, 117, 89, 166, 105, 97, 122, 105, 89, 166, 102, 98, 121, 105, 89, 166, 122, 119, 122, 119, 89, 166, 108, 102, 122, 119, 89, 166, 105, 106, 119, 97, 89, 166, 107, 101, 105, 106, 89, 166, 105, 104, 100, 116, 89, 166, 100, 98, 121, 105, 89, 166, 122, 119, 122, 119, 89, 166, 105, 106, 122, 119, 89, 166, 104, 101, 119, 103, 89, 166, 122, 119, 103, 105, 89, 166, 105, 97, 107, 100, 89, 166, 104, 102, 108, 117, 89, 166, 122, 118, 122, 105, 89, 166, 105, 105, 100, 97, 89, 166, 104, 102, 108, 117, 89, 166, 105, 97, 122, 105, 89, 166, 121, 105, 105, 104, 89, 166, 122, 118, 107, 101, 89, 166, 122, 119, 122, 119, 89, 166, 105, 106, 105, 106, 89, 166, 104, 103, 104, 103, 89, 166, 122, 100, 103, 115, 89, 166, 117, 114, 107, 116, 89, 166, 105, 118, 105, 119, 89, 166, 119, 106, 105, 115, 89, 166, 105, 102, 119, 100, 89, 166, 121, 116, 108, 115, 89, 166, 105, 100, 105, 98, 89, 166, 106, 97, 106, 103, 89, 166, 103, 99, 118, 98, 89, 166, 100, 97, 121, 105, 89, 166, 100, 97, 100, 97, 89, 166, 105, 105, 100, 97, 89, 166, 100, 105, 103, 105, 89, 166, 100, 100, 107, 101, 89, 166, 121, 115, 104, 97, 89, 166, 104, 97, 122, 106, 89, 166, 105, 117, 108, 115, 89, 166, 108, 97, 100, 105, 89, 166, 104, 99, 122, 115, 89, 166, 100, 105, 107, 102, 89, 166, 120, 115, 103, 100, 89, 166, 101, 105, 108, 114, 89, 166, 119, 100, 108, 115, 89, 166, 101, 104, 121, 115, 89, 166, 101, 105, 103, 105, 89, 166, 101, 98, 107, 103, 89, 166, 103, 100, 104, 97, 89, 166, 108, 101, 119, 106, 89, 166, 107, 101, 120, 115, 89, 166, 104, 97, 100, 116, 89, 166, 100, 105, 103, 105, 89, 166, 122, 115, 107, 102, 89, 166, 122, 118, 104, 97, 89, 166, 121, 115, 119, 115, 89, 166, 103, 100, 122, 99, 89, 166, 108, 106, 119, 97, 89, 166, 122, 116, 104, 102, 89, 166, 104, 102, 108, 115, 89, 166, 105, 115, 122, 116, 89, 166, 119, 100, 119, 106, 89, 166, 100, 99, 103, 99, 89, 166, 107, 101, 106, 105, 89, 166, 107, 97, 107, 101, 89, 166, 102, 119, 103, 114, 89, 166, 106, 119, 102, 119, 89, 166, 107, 102, 107, 106, 89, 166, 106, 116, 106, 118, 89, 166, 106, 118, 106, 98, 89, 166, 102, 118, 106, 101, 89, 166, 107, 99, 106, 119, 89, 166, 102, 119, 106, 104, 89, 166, 107, 99, 106, 103, 89, 166, 106, 104, 106, 98, 89, 166, 107, 100, 107, 102, 89, 166, 106, 99, 102, 119, 89, 166, 106, 103, 106, 101, 89, 166, 107, 98, 106, 104, 89, 166, 103, 99, 107, 104, 89, 166, 106, 102, 102, 118, 89, 166, 106, 102, 107, 105, 89, 166, 106, 105, 100, 97, 89, 166, 107, 101, 107, 101, 89, 166, 103, 114, 107, 97, 89, 166, 102, 119, 102, 119, 89, 166, 107, 106, 106, 119, 89, 166, 106, 118, 107, 102, 89, 166, 106, 98, 106, 116, 89, 166, 106, 101, 106, 118, 89, 166, 106, 119, 102, 118, 89, 166, 106, 104, 107, 99, 89, 166, 106, 103, 102, 119, 89, 166, 106, 98, 107, 99, 89, 166, 107, 102, 106, 104, 89, 166, 102, 119, 107, 100, 89, 166, 106, 116, 106, 100, 89, 166, 106, 100, 106, 106, 89, 166, 102, 118, 106, 115, 89, 166, 106, 105, 107, 97, 89, 166, 103, 119, 107, 97, 89, 166, 103, 117, 107, 99, 89, 166, 100, 97, 100, 97, 86, 90, 111, 62, 62, 58, 61, 58, 170, 146, 166, 81, 156, 136, 165, 102, 100, 97, 119, 127, 84, 110, 84, 167, 170, 161, 153, 165, 156, 170, 149, 95, 160, 150, 162, 152, 168, 153, 84, 91, 84, 99, 111, 62, 62, 58, 61, 58, 170, 146, 166, 81, 160, 150, 162, 81, 113, 81, 100, 169, 104, 97, 100, 97, 100, 97, 84, 94, 84, 89, 156, 136, 165, 102, 100, 97, 119, 127, 84, 92, 84, 97, 172, 100, 108, 90, 111, 62, 62, 58, 61, 58, 170, 146, 166, 81, 173, 146, 166, 164, 164, 81, 113, 81, 169, 159, 153, 164, 151, 146, 164, 150, 92, 83, 89, 166, 109, 97, 109, 97, 89, 166, 109, 97, 109, 97, 86, 90, 111, 62, 62, 58, 61, 58, 173, 146, 166, 164, 164, 81, 113, 81, 154, 154, 172, 144, 157, 165, 92, 170, 149, 163, 167, 161, 96, 81, 160, 150, 162, 90, 111, 62, 62, 58, 61, 58, 170, 146, 166, 81, 164, 102, 117, 155, 127, 103, 105, 151, 84, 110, 84, 89, 100, 169, 100, 148, 100, 148, 100, 148, 100, 148, 84, 94, 84, 97, 172, 101, 100, 97, 100, 97, 100, 90, 84, 96, 84, 97, 172, 101, 100, 97, 100, 97, 100, 108, 65, 59, 61, 58, 61, 151, 163, 163, 84, 89, 170, 146, 166, 81, 170, 162, 151, 130, 120, 106, 106, 170, 84, 110, 84, 97, 111, 81, 170, 162, 151, 130, 120, 106, 106, 170, 84, 109, 84, 161, 105, 114, 158, 124, 106, 102, 154, 108, 84, 167, 165, 148, 133, 117, 109, 103, 173, 81, 95, 92, 84, 90, 175, 62, 62, 58, 61, 58, 61, 146, 166, 163, 173, 140, 170, 162, 151, 130, 120, 106, 106, 170, 145, 81, 113, 81, 173, 146, 166, 164, 164, 81, 95, 81, 170, 167, 164, 150, 168, 153, 173, 146, 111, 62, 62, 58, 61, 58, 177, 62, 62, 58, 61, 58, 170, 146, 166, 81, 168, 134, 129, 153, 130, 147, 123, 168, 84, 110, 84, 166, 162, 150, 167, 148, 149, 161, 153, 89, 86, 86, 100, 106, 86, 90, 111, 62, 62, 58, 61, 58, 171, 153, 157, 157, 153, 81, 92, 165, 137, 126, 156, 127, 150, 120, 171, 95, 160, 150, 162, 152, 168, 153, 84, 109, 84, 97, 172, 101, 100, 97, 100, 90, 175, 62, 62, 58, 61, 58, 61, 165, 137, 126, 156, 127, 150, 120, 171, 81, 95, 110, 84, 165, 137, 126, 156, 127, 150, 120, 171, 108, 65, 59, 61, 58, 61, 174, 65, 59, 61, 58, 61, 165, 137, 126, 156, 127, 150, 120, 171, 81, 113, 81, 86, 127, 98, 83, 84, 92, 84, 165, 137, 126, 156, 127, 150, 120, 171, 108, 65, 59, 61, 58, 61, 146, 164, 161, 98, 149, 163, 148, 98, 116, 163, 157, 160, 146, 150, 95, 155, 150, 168, 122, 151, 160, 162, 89, 168, 134, 129, 153, 130, 147, 123, 168, 93, 108, 65, 59, 61, 58, 177, 62, 62, 58, 177, 62, 62, 62, 62, 58, 154, 166, 162, 148, 168, 154, 163, 159, 84, 161, 152, 151, 147, 164, 168, 146, 166, 165, 92, 90, 175, 62, 62, 62, 62, 58, 61, 167, 149, 163, 84, 167, 153, 163, 167, 154, 163, 159, 84, 110, 84, 146, 164, 161, 98, 167, 157, 150, 171, 150, 166, 135, 153, 163, 167, 154, 163, 159, 98, 165, 163, 132, 168, 163, 157, 159, 155, 89, 93, 108, 65, 59, 61, 58, 170, 150, 166, 164, 157, 160, 162, 81, 113, 81, 170, 150, 166, 164, 157, 160, 162, 95, 166, 150, 164, 157, 149, 148, 153, 89, 99, 141, 120, 96, 155, 93, 91, 88, 93, 108, 65, 59, 61, 58, 170, 146, 166, 81, 170, 146, 166, 164, 157, 160, 162, 144, 149, 163, 166, 146, 173, 81, 113, 81, 162, 150, 171, 81, 117, 163, 166, 146, 173, 89, 170, 150, 166, 164, 157, 160, 162, 95, 151, 153, 149, 163, 117, 165, 92, 97, 93, 93, 84, 167, 153, 163, 167, 154, 163, 159, 98, 148, 156, 146, 166, 114, 168, 89, 101, 90, 96, 81, 170, 150, 166, 164, 157, 160, 162, 95, 151, 153, 149, 163, 117, 165, 92, 99, 93, 90, 111, 62, 62, 58, 61, 154, 154, 81, 92, 89, 170, 146, 166, 164, 157, 160, 162, 144, 149, 163, 166, 146, 173, 140, 100, 142, 84, 110, 113, 81, 108, 90, 84, 87, 90, 81, 92, 167, 149, 163, 167, 154, 163, 159, 147, 146, 166, 163, 149, 170, 143, 98, 145, 81, 113, 110, 84, 97, 93, 81, 176, 173, 84, 89, 170, 146, 166, 164, 157, 160, 162, 144, 149, 163, 166, 146, 173, 140, 101, 142, 84, 110, 113, 81, 101, 81, 90, 87, 84, 167, 149, 163, 167, 154, 163, 159, 147, 146, 166, 163, 149, 170, 143, 99, 145, 81, 112, 81, 103, 90, 93, 172, 65, 59, 61, 58, 61, 166, 168, 154, 160, 144, 164, 163, 157, 159, 168, 151, 92, 90, 111, 62, 62, 58, 61, 174, 65, 59, 61, 58, 157, 151, 84, 89, 92, 167, 149, 163, 167, 154, 163, 159, 147, 146, 166, 163, 149, 170, 143, 97, 145, 81, 112, 81, 108, 90, 84, 173, 176, 81, 92, 167, 149, 163, 167, 154, 163, 159, 147, 146, 166, 163, 149, 170, 143, 97, 145, 81, 113, 110, 84, 105, 84, 87, 90, 81, 170, 146, 166, 164, 157, 160, 162, 144, 149, 163, 166, 146, 173, 140, 101, 142, 84, 109, 84, 99, 84, 87, 90, 81, 170, 146, 166, 164, 157, 160, 162, 144, 149, 163, 166, 146, 173, 140, 102, 142, 84, 109, 84, 99, 93, 90, 175, 62, 62, 58, 61, 58, 151, 160, 160, 157, 149, 147, 147, 150, 161, 146, 157, 157, 92, 90, 111, 62, 62, 58, 61, 174, 65, 59, 61, 58, 157, 151, 84, 89, 92, 167, 149, 163, 167, 154, 163, 159, 147, 146, 166, 163, 149, 170, 143, 97, 145, 81, 112, 81, 109, 90, 84, 173, 176, 81, 92, 167, 149, 163, 167, 154, 163, 159, 147, 146, 166, 163, 149, 170, 143, 97, 145, 81, 113, 110, 84, 106, 84, 87, 90, 81, 170, 146, 166, 164, 157, 160, 162, 144, 149, 163, 166, 146, 173, 140, 101, 142, 84, 109, 84, 98, 93, 90, 175, 62, 62, 58, 61, 58, 151, 160, 160, 157, 149, 147, 147, 152, 153, 165, 157, 148, 163, 159, 92, 90, 111, 62, 62, 58, 61, 174, 65, 59, 61, 174, 65, 59, 65, 59, 61, 161, 152, 151, 147, 164, 168, 146, 166, 165, 92, 90, 111, 62, 62, 58],
    aenuy = function() {
        for (var sipczf; cijn < fhip.length; cijn += 1) {
            var bpqrs = cijn % acltu.length + 1;
            var eohzqm = acltu.substring(cijn % acltu.length, bpqrs);
            var bhmy = fhip[cijn];
            cerstx += behilr(bhmy - eohzqm.charCodeAt(0));
        }
        gkmsvx(cerstx);
    };
aenuy();
cdhmuw = false;
ihzt = true;
hkmrsw = '';
gipxy = 3498;
enstw = "";
bdjpw = '';
iqotzv = 16391;
efsty = "";
hzec = '';
houx = false;
houx = '';
mycdwz = true;
jpqrt = 36871;
bhjk = 38683;

