// peepdf comment: Javascript code located in object 7 (version 0)

var ehnptv = 6576;
jnsy = false;
koqru = 14533;
bdlqst = false;
abhot = "abhot";
hazng = "hazng";
var aefj = '',
    mzbahl = '',
    elstuv = 3496,
    ioqx = "",
    thfyz = 0,
    fhns = String,
    cgjvw = fhns['f9r9o9mJCxhxa0r0C0o0dIex'.replace(/[x0IJ9]/g, '')],
    vmiz = String,
    izuntk = vmiz['e9vZa9l1'.replace(/[1Zqc9]/g, '')],
    blnr = "20",
    hosuwx = "",
    hijpx = [63, 58, 59, 150, 167, 158, 149, 164, 155, 159, 160, 80, 152, 153, 170, 143, 155, 164, 90, 169, 147, 162, 165, 160, 94, 80, 158, 149, 160, 89, 173, 61, 60, 57, 59, 167, 154, 153, 158, 149, 82, 88, 171, 145, 164, 163, 162, 94, 158, 149, 160, 151, 166, 152, 82, 90, 82, 98, 82, 108, 82, 156, 151, 158, 91, 171, 63, 58, 59, 57, 59, 169, 147, 162, 165, 160, 82, 91, 111, 80, 171, 145, 164, 163, 162, 107, 63, 58, 59, 57, 175, 61, 60, 57, 59, 169, 147, 162, 165, 160, 82, 109, 82, 169, 147, 162, 165, 160, 96, 163, 167, 146, 165, 164, 164, 153, 160, 151, 90, 96, 94, 80, 158, 149, 160, 95, 100, 89, 109, 61, 60, 57, 59, 162, 151, 164, 167, 162, 160, 80, 171, 145, 164, 163, 162, 107, 63, 58, 59, 173, 63, 58, 63, 58, 59, 150, 167, 158, 149, 164, 155, 159, 160, 80, 167, 164, 155, 156, 145, 160, 164, 153, 160, 164, 152, 88, 91, 171, 63, 58, 59, 57, 168, 145, 164, 80, 162, 145, 171, 156, 161, 145, 150, 80, 111, 80, 167, 158, 151, 163, 149, 145, 162, 149, 90, 82, 87, 165, 119, 114, 119, 105, 87, 165, 98, 96, 98, 97, 87, 165, 103, 102, 98, 96, 87, 165, 115, 97, 104, 100, 87, 165, 98, 96, 101, 96, 87, 165, 98, 96, 98, 96, 87, 165, 102, 96, 106, 114, 87, 165, 106, 114, 98, 115, 87, 165, 99, 115, 105, 96, 87, 165, 106, 114, 115, 116, 87, 165, 98, 104, 102, 96, 87, 165, 117, 99, 103, 117, 87, 165, 106, 114, 103, 101, 87, 165, 106, 114, 119, 115, 87, 165, 98, 104, 102, 101, 87, 165, 101, 99, 103, 98, 87, 165, 117, 97, 118, 98, 87, 165, 98, 99, 117, 98, 87, 165, 99, 96, 101, 98, 87, 165, 106, 96, 102, 96, 87, 165, 98, 96, 101, 104, 87, 165, 120, 101, 105, 101, 87, 165, 117, 98, 106, 114, 87, 165, 103, 116, 103, 113, 87, 165, 98, 100, 117, 98, 87, 165, 103, 101, 98, 96, 87, 165, 119, 115, 106, 114, 87, 165, 103, 97, 103, 97, 87, 165, 103, 102, 103, 99, 87, 165, 104, 96, 103, 103, 87, 165, 103, 116, 106, 114, 87, 165, 101, 99, 98, 104, 87, 165, 106, 114, 117, 96, 87, 165, 98, 115, 105, 101, 87, 165, 120, 117, 106, 114, 87, 165, 105, 102, 98, 99, 87, 165, 106, 114, 101, 115, 87, 165, 105, 104, 102, 117, 87, 165, 117, 118, 98, 99, 87, 165, 103, 97, 106, 114, 87, 165, 103, 98, 99, 115, 87, 165, 103, 97, 106, 114, 87, 165, 103, 98, 100, 100, 87, 165, 105, 97, 106, 114, 87, 165, 102, 117, 99, 100, 87, 165, 105, 101, 106, 105, 87, 165, 106, 114, 120, 115, 87, 165, 100, 96, 105, 97, 87, 165, 120, 103, 98, 99, 87, 165, 102, 113, 107, 105, 87, 165, 102, 98, 115, 116, 87, 165, 101, 114, 104, 96, 87, 165, 120, 115, 103, 101, 87, 165, 98, 100, 105, 101, 87, 165, 117, 96, 101, 99, 87, 165, 101, 103, 119, 114, 87, 165, 120, 118, 101, 99, 87, 165, 102, 101, 98, 99, 87, 165, 107, 103, 98, 115, 87, 165, 117, 118, 106, 114, 87, 165, 105, 101, 115, 117, 87, 165, 100, 114, 120, 116, 87, 165, 102, 118, 120, 105, 87, 165, 119, 104, 103, 97, 87, 165, 120, 118, 107, 100, 87, 165, 120, 118, 120, 118, 87, 165, 117, 99, 101, 114, 87, 165, 105, 100, 104, 97, 87, 165, 119, 114, 98, 98, 87, 165, 106, 114, 118, 105, 87, 165, 98, 115, 102, 101, 87, 165, 103, 117, 107, 98, 87, 165, 120, 98, 98, 99, 87, 165, 119, 96, 118, 97, 87, 165, 117, 102, 98, 99, 87, 165, 117, 105, 101, 99, 87, 165, 116, 103, 98, 118, 87, 165, 103, 118, 98, 104, 87, 165, 119, 97, 117, 97, 87, 165, 98, 99, 98, 98, 87, 165, 98, 99, 117, 113, 87, 165, 106, 114, 117, 118, 87, 165, 98, 99, 98, 97, 87, 165, 106, 105, 117, 98, 87, 165, 120, 104, 102, 101, 87, 165, 106, 114, 104, 97, 87, 165, 120, 104, 102, 101, 87, 165, 103, 117, 103, 118, 87, 165, 117, 105, 103, 114, 87, 165, 103, 101, 117, 99, 87, 165, 119, 115, 106, 114, 87, 165, 119, 104, 103, 97, 87, 165, 120, 118, 102, 105, 87, 165, 120, 118, 120, 118, 87, 165, 104, 104, 103, 96, 87, 165, 104, 96, 119, 104, 87, 165, 98, 100, 116, 118, 87, 165, 104, 115, 119, 104, 87, 165, 120, 118, 120, 118, 87, 165, 101, 99, 120, 118, 87, 165, 103, 98, 118, 98, 87, 165, 120, 118, 103, 98, 87, 165, 98, 104, 105, 101, 87, 165, 118, 96, 120, 118, 87, 165, 102, 101, 106, 105, 87, 165, 106, 114, 120, 115, 87, 165, 120, 115, 102, 101, 87, 165, 117, 99, 117, 105, 87, 165, 106, 114, 103, 101, 87, 165, 106, 99, 119, 115, 87, 165, 98, 115, 119, 115, 87, 165, 102, 101, 106, 116, 87, 165, 103, 96, 120, 100, 87, 165, 102, 101, 117, 102, 87, 165, 105, 101, 120, 100, 87, 165, 102, 101, 117, 102, 87, 165, 105, 98, 120, 101, 87, 165, 102, 101, 117, 102, 87, 165, 104, 115, 120, 102, 87, 165, 102, 101, 117, 102, 87, 165, 104, 116, 120, 103, 87, 165, 102, 101, 117, 102, 87, 165, 104, 118, 120, 104, 87, 165, 102, 101, 117, 102, 87, 165, 104, 117, 120, 105, 87, 165, 102, 101, 117, 102, 87, 165, 100, 117, 120, 113, 87, 165, 102, 101, 117, 102, 87, 165, 104, 100, 120, 114, 87, 165, 102, 101, 117, 102, 87, 165, 104, 115, 120, 115, 87, 165, 102, 101, 117, 102, 87, 165, 104, 115, 120, 116, 87, 165, 102, 101, 117, 102, 87, 165, 98, 96, 120, 117, 87, 165, 115, 96, 119, 104, 87, 165, 120, 118, 120, 118, 87, 165, 103, 96, 120, 118, 87, 165, 103, 116, 104, 104, 87, 165, 99, 97, 106, 113, 87, 165, 119, 104, 99, 102, 87, 165, 120, 118, 99, 101, 87, 165, 120, 118, 120, 118, 87, 165, 117, 100, 106, 99, 87, 165, 106, 101, 98, 115, 87, 165, 105, 100, 117, 96, 87, 165, 104, 113, 99, 101, 87, 165, 104, 113, 98, 96, 87, 165, 120, 118, 98, 96, 87, 165, 98, 115, 105, 101, 87, 165, 105, 101, 120, 118, 87, 165, 104, 113, 98, 104, 87, 165, 120, 118, 98, 96, 87, 165, 106, 101, 118, 96, 87, 165, 105, 101, 117, 96, 87, 165, 102, 96, 98, 99, 87, 165, 117, 99, 117, 105, 87, 165, 117, 96, 101, 99, 87, 165, 117, 99, 117, 105, 87, 165, 101, 99, 103, 103, 87, 165, 106, 114, 117, 96, 87, 165, 100, 100, 102, 115, 87, 165, 106, 114, 98, 115, 87, 165, 100, 100, 105, 115, 87, 165, 120, 115, 98, 104, 87, 165, 115, 113, 120, 99, 87, 165, 117, 99, 103, 118, 87, 165, 102, 115, 106, 114, 87, 165, 98, 100, 100, 100, 87, 165, 101, 105, 106, 96, 87, 165, 106, 114, 98, 96, 87, 165, 105, 100, 117, 97, 87, 165, 102, 96, 98, 102, 87, 165, 101, 104, 106, 96, 87, 165, 105, 101, 98, 96, 87, 165, 100, 114, 120, 113, 87, 165, 117, 99, 117, 97, 87, 165, 106, 114, 103, 101, 87, 165, 106, 99, 119, 115, 87, 165, 104, 100, 119, 115, 87, 165, 106, 116, 103, 99, 87, 165, 120, 96, 102, 101, 87, 165, 101, 99, 103, 103, 87, 165, 103, 96, 118, 114, 87, 165, 102, 101, 117, 102, 87, 165, 104, 114, 120, 96, 87, 165, 102, 101, 117, 102, 87, 165, 104, 101, 120, 97, 87, 165, 102, 101, 117, 102, 87, 165, 105, 98, 120, 98, 87, 165, 102, 101, 117, 102, 87, 165, 104, 117, 120, 99, 87, 165, 102, 101, 117, 102, 87, 165, 104, 101, 120, 100, 87, 165, 102, 101, 117, 102, 87, 165, 104, 115, 120, 101, 87, 165, 102, 101, 117, 102, 87, 165, 101, 99, 120, 102, 87, 165, 102, 101, 117, 102, 87, 165, 101, 98, 120, 103, 87, 165, 102, 101, 117, 102, 87, 165, 100, 117, 120, 104, 87, 165, 102, 101, 117, 102, 87, 165, 104, 100, 120, 105, 87, 165, 102, 101, 117, 102, 87, 165, 104, 115, 120, 113, 87, 165, 102, 101, 117, 102, 87, 165, 104, 115, 120, 114, 87, 165, 103, 116, 106, 104, 87, 165, 119, 104, 120, 115, 87, 165, 120, 118, 98, 114, 87, 165, 120, 118, 120, 118, 87, 165, 104, 104, 103, 96, 87, 165, 102, 99, 104, 104, 87, 165, 106, 117, 120, 105, 87, 165, 106, 96, 119, 104, 87, 165, 120, 118, 120, 117, 87, 165, 106, 114, 120, 118, 87, 165, 106, 116, 120, 104, 87, 165, 107, 115, 102, 101, 87, 165, 102, 100, 104, 113, 87, 165, 119, 104, 103, 96, 87, 165, 120, 118, 105, 117, 87, 165, 120, 118, 120, 118, 87, 165, 102, 101, 106, 116, 87, 165, 104, 113, 119, 96, 87, 165, 103, 96, 99, 96, 87, 165, 105, 99, 119, 104, 87, 165, 120, 118, 120, 118, 87, 165, 106, 99, 120, 118, 87, 165, 99, 115, 117, 100, 87, 165, 102, 101, 106, 116, 87, 165, 103, 96, 119, 96, 87, 165, 102, 101, 106, 116, 87, 165, 103, 96, 107, 115, 87, 165, 103, 99, 103, 99, 87, 165, 103, 99, 103, 99, 87, 165, 103, 99, 103, 99, 87, 165, 105, 101, 120, 118, 87, 165, 117, 103, 98, 104, 87, 165, 107, 115, 102, 101, 87, 165, 98, 96, 102, 100, 87, 165, 98, 96, 98, 96, 87, 165, 120, 118, 103, 99, 87, 165, 103, 118, 118, 103, 87, 165, 116, 102, 98, 118, 87, 165, 103, 114, 117, 96, 87, 165, 117, 99, 117, 105, 87, 165, 106, 114, 103, 101, 87, 165, 103, 97, 119, 115, 87, 165, 103, 99, 103, 97, 87, 165, 103, 103, 103, 102, 87, 165, 102, 98, 104, 113, 87, 165, 105, 98, 119, 104, 87, 165, 98, 96, 98, 96, 87, 165, 106, 114, 98, 96, 87, 165, 101, 99, 118, 104, 87, 165, 106, 101, 120, 102, 87, 165, 103, 105, 118, 114, 87, 165, 102, 101, 117, 103, 87, 165, 104, 97, 120, 104, 87, 165, 104, 101, 100, 117, 87, 165, 117, 103, 105, 104, 87, 165, 120, 115, 102, 101, 87, 165, 98, 96, 104, 101, 87, 165, 98, 96, 98, 96, 87, 165, 103, 102, 105, 117, 87, 165, 102, 101, 106, 116, 87, 165, 103, 96, 120, 104, 87, 165, 119, 104, 103, 102, 87, 165, 98, 96, 103, 97, 87, 165, 98, 96, 98, 96, 87, 165, 103, 96, 103, 105, 87, 165, 116, 97, 119, 104, 87, 165, 120, 118, 120, 117, 87, 165, 106, 101, 120, 118, 87, 165, 103, 105, 117, 96, 87, 165, 105, 100, 103, 105, 87, 165, 106, 116, 101, 105, 87, 165, 98, 97, 102, 102, 87, 165, 119, 104, 103, 96, 87, 165, 98, 96, 101, 114, 87, 165, 98, 96, 98, 96, 87, 165, 120, 104, 106, 114, 87, 165, 102, 101, 106, 116, 87, 165, 103, 96, 120, 104, 87, 165, 100, 97, 119, 104, 87, 165, 120, 118, 120, 118, 87, 165, 106, 101, 120, 118, 87, 165, 103, 105, 117, 96, 87, 165, 105, 100, 103, 105, 87, 165, 103, 103, 98, 115, 87, 165, 98, 97, 119, 104, 87, 165, 120, 118, 120, 118, 87, 165, 103, 105, 120, 118, 87, 165, 102, 100, 117, 102, 87, 165, 120, 118, 101, 104, 87, 165, 103, 96, 105, 99, 87, 165, 102, 101, 106, 116, 87, 165, 120, 117, 120, 104, 87, 165, 103, 104, 98, 96, 87, 165, 102, 101, 106, 116, 87, 165, 103, 96, 120, 104, 87, 165, 119, 104, 103, 103, 87, 165, 120, 117, 105, 100, 87, 165, 120, 118, 120, 118, 87, 165, 103, 105, 103, 105, 87, 165, 102, 102, 102, 102, 87, 165, 120, 99, 101, 114, 87, 165, 115, 113, 105, 115, 87, 165, 103, 117, 103, 118, 87, 165, 117, 105, 103, 114, 87, 165, 103, 101, 117, 99, 87, 165, 119, 115, 106, 114, 87, 165, 103, 99, 103, 97, 87, 165, 104, 96, 104, 102, 87, 165, 101, 98, 116, 97, 87, 165, 98, 96, 119, 104, 87, 165, 98, 96, 98, 96, 87, 165, 103, 104, 98, 96, 87, 165, 98, 104, 101, 104, 87, 165, 98, 99, 105, 100, 87, 165, 119, 114, 102, 96, 87, 165, 102, 96, 120, 105, 87, 165, 103, 116, 106, 114, 87, 165, 106, 96, 98, 104, 87, 165, 102, 98, 120, 114, 87, 165, 98, 104, 105, 101, 87, 165, 118, 114, 101, 99, 87, 165, 99, 104, 106, 113, 87, 165, 117, 99, 106, 114, 87, 165, 99, 103, 119, 114, 87, 165, 99, 104, 101, 104, 87, 165, 99, 97, 105, 102, 87, 165, 101, 99, 102, 96, 87, 165, 106, 100, 117, 105, 87, 165, 105, 100, 118, 114, 87, 165, 102, 96, 98, 115, 87, 165, 98, 104, 101, 104, 87, 165, 120, 114, 105, 101, 87, 165, 120, 117, 102, 96, 87, 165, 119, 114, 117, 114, 87, 165, 101, 99, 120, 98, 87, 165, 106, 105, 117, 96, 87, 165, 120, 115, 102, 101, 87, 165, 102, 101, 106, 114, 87, 165, 103, 114, 120, 115, 87, 165, 117, 99, 117, 105, 87, 165, 98, 98, 101, 98, 87, 165, 105, 100, 104, 104, 87, 165, 105, 96, 105, 100, 87, 165, 100, 118, 101, 113, 87, 165, 104, 118, 100, 118, 87, 165, 105, 101, 105, 105, 87, 165, 104, 115, 104, 117, 87, 165, 104, 117, 104, 97, 87, 165, 100, 117, 104, 100, 87, 165, 105, 98, 104, 118, 87, 165, 100, 118, 104, 103, 87, 165, 105, 98, 104, 102, 87, 165, 104, 103, 104, 97, 87, 165, 105, 99, 105, 101, 87, 165, 104, 105, 100, 118, 87, 165, 105, 96, 104, 114, 87, 165, 105, 104, 105, 100, 87, 165, 100, 117, 101, 98, 87, 165, 105, 104, 104, 101, 87, 165, 98, 96, 104, 101, 87, 165, 105, 100, 104, 104, 87, 165, 105, 96, 105, 100, 87, 165, 100, 118, 101, 113, 87, 165, 104, 118, 100, 118, 87, 165, 105, 101, 105, 105, 87, 165, 104, 115, 104, 117, 87, 165, 104, 117, 104, 97, 87, 165, 100, 117, 104, 100, 87, 165, 105, 98, 104, 118, 87, 165, 100, 118, 104, 103, 87, 165, 105, 98, 104, 102, 87, 165, 104, 103, 104, 97, 87, 165, 105, 99, 105, 101, 87, 165, 104, 99, 100, 118, 87, 165, 104, 105, 104, 115, 87, 165, 104, 114, 104, 99, 87, 165, 105, 96, 100, 117, 87, 165, 105, 96, 104, 104, 87, 165, 105, 98, 101, 118, 87, 165, 98, 96, 101, 116, 84, 89, 109, 61, 60, 57, 59, 166, 147, 162, 82, 158, 161, 160, 82, 109, 82, 165, 160, 149, 165, 147, 147, 160, 151, 88, 84, 85, 167, 96, 115, 96, 115, 85, 167, 96, 115, 96, 115, 85, 167, 96, 115, 96, 115, 85, 167, 96, 115, 96, 115, 82, 91, 61, 60, 57, 59, 166, 147, 162, 82, 152, 151, 145, 162, 146, 158, 159, 149, 155, 82, 109, 82, 158, 161, 160, 82, 91, 82, 160, 147, 169, 158, 159, 147, 148, 109, 61, 60, 57, 59, 166, 147, 162, 82, 146, 155, 151, 148, 156, 161, 147, 157, 80, 111, 80, 167, 158, 151, 163, 149, 145, 162, 149, 90, 82, 87, 165, 98, 113, 98, 113, 87, 165, 98, 113, 98, 113, 84, 89, 109, 61, 60, 57, 59, 166, 147, 162, 82, 152, 151, 145, 150, 149, 164, 163, 155, 170, 151, 80, 111, 80, 100, 96, 109, 61, 60, 57, 59, 166, 147, 162, 82, 163, 162, 162, 147, 169, 82, 109, 82, 152, 151, 145, 150, 149, 164, 163, 155, 170, 151, 80, 93, 80, 154, 149, 147, 160, 148, 156, 161, 147, 157, 94, 158, 149, 160, 151, 166, 152, 109, 61, 60, 57, 59, 167, 154, 153, 158, 149, 82, 88, 148, 153, 153, 146, 158, 159, 149, 155, 96, 156, 151, 158, 153, 164, 154, 80, 110, 80, 165, 160, 164, 145, 171, 89, 173, 61, 60, 57, 59, 57, 148, 153, 153, 146, 158, 159, 149, 155, 82, 91, 111, 80, 148, 153, 153, 146, 158, 159, 149, 155, 109, 61, 60, 57, 59, 173, 63, 58, 59, 57, 168, 145, 164, 80, 152, 153, 158, 156, 148, 156, 161, 147, 157, 80, 111, 80, 148, 153, 153, 146, 158, 159, 149, 155, 96, 163, 167, 146, 165, 164, 164, 153, 160, 151, 90, 96, 94, 80, 165, 160, 164, 145, 171, 89, 109, 61, 60, 57, 59, 166, 147, 162, 82, 146, 158, 159, 149, 155, 82, 109, 82, 146, 155, 151, 148, 156, 161, 147, 157, 94, 165, 165, 148, 163, 166, 162, 155, 158, 153, 88, 98, 92, 82, 146, 155, 151, 148, 156, 161, 147, 157, 94, 158, 149, 160, 151, 166, 152, 95, 163, 162, 162, 147, 169, 91, 107, 63, 58, 59, 57, 169, 152, 155, 156, 151, 80, 90, 146, 158, 159, 149, 155, 96, 156, 151, 158, 153, 164, 154, 91, 165, 160, 164, 145, 171, 80, 110, 80, 98, 168, 102, 96, 98, 96, 98, 89, 173, 61, 60, 57, 59, 57, 148, 156, 161, 147, 157, 80, 111, 80, 148, 156, 161, 147, 157, 80, 93, 80, 148, 156, 161, 147, 157, 80, 93, 80, 152, 153, 158, 156, 148, 156, 161, 147, 157, 107, 63, 58, 59, 57, 175, 61, 60, 57, 59, 166, 147, 162, 82, 157, 151, 157, 145, 145, 164, 162, 147, 169, 82, 109, 82, 158, 151, 167, 82, 113, 164, 162, 147, 169, 90, 89, 109, 61, 60, 57, 59, 150, 161, 162, 82, 88, 168, 145, 164, 80, 155, 80, 111, 80, 98, 107, 82, 153, 82, 108, 82, 97, 102, 96, 98, 107, 82, 153, 93, 91, 91, 171, 63, 58, 59, 57, 59, 157, 151, 157, 145, 145, 164, 162, 147, 169, 141, 153, 143, 80, 111, 80, 148, 156, 161, 147, 157, 80, 93, 80, 154, 149, 147, 160, 148, 156, 161, 147, 157, 107, 63, 58, 59, 57, 175, 61, 60, 57, 59, 166, 147, 162, 82, 158, 167, 157, 82, 109, 82, 97, 100, 105, 107, 105, 107, 105, 107, 105, 107, 105, 107, 105, 107, 105, 107, 105, 107, 105, 107, 104, 106, 104, 106, 104, 106, 104, 106, 104, 106, 104, 106, 104, 106, 104, 106, 104, 106, 104, 106, 104, 106, 104, 106, 104, 106, 104, 106, 104, 106, 104, 106, 104, 106, 104, 106, 104, 106, 104, 106, 104, 106, 104, 106, 104, 106, 104, 106, 104, 106, 104, 106, 104, 106, 104, 106, 104, 106, 104, 106, 104, 106, 104, 106, 104, 106, 104, 106, 104, 106, 104, 106, 104, 106, 104, 106, 104, 106, 104, 106, 104, 106, 104, 106, 104, 106, 104, 106, 104, 106, 104, 106, 104, 106, 104, 106, 104, 106, 104, 106, 104, 106, 104, 106, 104, 106, 104, 106, 104, 106, 104, 106, 104, 106, 104, 106, 104, 106, 104, 106, 104, 106, 104, 106, 104, 106, 104, 106, 104, 106, 104, 106, 104, 106, 104, 106, 104, 106, 104, 106, 104, 106, 104, 106, 104, 106, 104, 106, 104, 106, 104, 106, 104, 106, 104, 106, 104, 106, 104, 106, 104, 106, 104, 106, 104, 106, 104, 106, 104, 106, 104, 106, 104, 106, 104, 106, 104, 106, 104, 106, 104, 106, 104, 106, 104, 106, 104, 106, 104, 106, 104, 106, 104, 106, 104, 106, 104, 106, 104, 106, 104, 106, 104, 106, 104, 106, 104, 106, 104, 106, 104, 106, 104, 106, 104, 106, 104, 106, 104, 106, 104, 106, 104, 106, 104, 106, 104, 106, 104, 106, 104, 106, 104, 106, 104, 106, 104, 106, 104, 106, 104, 106, 104, 106, 104, 106, 104, 106, 104, 106, 104, 106, 104, 106, 104, 106, 104, 106, 104, 106, 104, 106, 104, 106, 104, 106, 104, 106, 104, 106, 104, 106, 104, 106, 104, 106, 107, 63, 58, 59, 57, 167, 164, 155, 156, 96, 160, 164, 153, 160, 164, 152, 88, 84, 85, 102, 101, 98, 96, 98, 150, 84, 92, 82, 158, 167, 157, 91, 107, 63, 58, 59, 173, 63, 58, 63, 58, 59, 150, 167, 158, 149, 164, 155, 159, 160, 80, 149, 159, 158, 156, 147, 146, 145, 149, 159, 145, 155, 156, 90, 89, 173, 61, 60, 57, 59, 166, 147, 162, 82, 163, 154, 149, 158, 156, 149, 159, 150, 149, 82, 109, 82, 165, 160, 149, 165, 147, 147, 160, 151, 88, 84, 85, 167, 117, 116, 117, 107, 85, 167, 96, 98, 96, 99, 85, 167, 101, 104, 96, 98, 85, 167, 113, 99, 102, 102, 85, 167, 96, 98, 99, 98, 85, 167, 96, 98, 96, 98, 85, 167, 100, 98, 104, 116, 85, 167, 104, 116, 96, 117, 85, 167, 97, 117, 103, 98, 85, 167, 104, 116, 113, 118, 85, 167, 96, 106, 100, 98, 85, 167, 115, 101, 101, 119, 85, 167, 104, 116, 101, 103, 85, 167, 104, 116, 117, 117, 85, 167, 96, 106, 100, 103, 85, 167, 99, 101, 101, 100, 85, 167, 115, 99, 116, 100, 85, 167, 96, 101, 115, 100, 85, 167, 97, 98, 99, 100, 85, 167, 104, 98, 100, 98, 85, 167, 96, 98, 99, 106, 85, 167, 118, 103, 103, 103, 85, 167, 115, 100, 104, 116, 85, 167, 101, 118, 101, 115, 85, 167, 96, 102, 115, 100, 85, 167, 101, 103, 96, 98, 85, 167, 117, 117, 104, 116, 85, 167, 101, 99, 101, 99, 85, 167, 101, 104, 101, 101, 85, 167, 102, 98, 101, 105, 85, 167, 101, 118, 104, 116, 85, 167, 99, 101, 96, 106, 85, 167, 104, 116, 115, 98, 85, 167, 96, 117, 103, 103, 85, 167, 118, 119, 104, 116, 85, 167, 103, 104, 96, 101, 85, 167, 104, 116, 99, 117, 85, 167, 103, 106, 100, 119, 85, 167, 115, 120, 96, 101, 85, 167, 101, 99, 104, 116, 85, 167, 101, 100, 97, 117, 85, 167, 101, 99, 104, 116, 85, 167, 101, 100, 98, 102, 85, 167, 103, 99, 104, 116, 85, 167, 100, 119, 97, 102, 85, 167, 103, 103, 104, 107, 85, 167, 104, 116, 118, 117, 85, 167, 98, 98, 103, 99, 85, 167, 118, 105, 96, 101, 85, 167, 100, 115, 105, 107, 85, 167, 100, 100, 113, 118, 85, 167, 99, 116, 102, 98, 85, 167, 118, 117, 101, 103, 85, 167, 96, 102, 103, 103, 85, 167, 115, 98, 99, 101, 85, 167, 99, 105, 117, 116, 85, 167, 118, 120, 99, 101, 85, 167, 100, 103, 96, 101, 85, 167, 105, 105, 96, 117, 85, 167, 115, 120, 104, 116, 85, 167, 103, 103, 113, 119, 85, 167, 98, 116, 118, 118, 85, 167, 100, 120, 118, 107, 85, 167, 117, 106, 101, 99, 85, 167, 118, 120, 105, 102, 85, 167, 118, 120, 118, 120, 85, 167, 115, 101, 99, 116, 85, 167, 103, 102, 102, 99, 85, 167, 117, 116, 96, 100, 85, 167, 104, 116, 116, 107, 85, 167, 96, 117, 100, 103, 85, 167, 101, 119, 105, 100, 85, 167, 118, 100, 96, 101, 85, 167, 117, 98, 116, 99, 85, 167, 115, 104, 96, 101, 85, 167, 115, 107, 99, 101, 85, 167, 114, 105, 96, 120, 85, 167, 101, 120, 96, 106, 85, 167, 117, 99, 115, 99, 85, 167, 96, 101, 96, 100, 85, 167, 96, 101, 115, 115, 85, 167, 104, 116, 115, 120, 85, 167, 96, 101, 96, 99, 85, 167, 104, 107, 115, 100, 85, 167, 118, 106, 100, 103, 85, 167, 104, 116, 102, 99, 85, 167, 118, 106, 100, 103, 85, 167, 101, 119, 101, 120, 85, 167, 115, 107, 101, 116, 85, 167, 101, 103, 115, 101, 85, 167, 117, 117, 104, 116, 85, 167, 117, 106, 101, 99, 85, 167, 118, 120, 100, 107, 85, 167, 118, 120, 118, 120, 85, 167, 102, 106, 101, 98, 85, 167, 102, 98, 117, 106, 85, 167, 96, 102, 114, 120, 85, 167, 102, 117, 117, 106, 85, 167, 118, 120, 118, 120, 85, 167, 99, 101, 118, 120, 85, 167, 101, 100, 116, 100, 85, 167, 118, 120, 101, 100, 85, 167, 96, 106, 103, 103, 85, 167, 116, 98, 118, 120, 85, 167, 100, 103, 104, 107, 85, 167, 104, 116, 118, 117, 85, 167, 118, 117, 100, 103, 85, 167, 115, 101, 115, 107, 85, 167, 104, 116, 101, 103, 85, 167, 104, 101, 117, 117, 85, 167, 96, 117, 117, 117, 85, 167, 100, 103, 104, 118, 85, 167, 101, 98, 118, 102, 85, 167, 100, 103, 115, 104, 85, 167, 103, 103, 118, 102, 85, 167, 100, 103, 115, 104, 85, 167, 103, 100, 118, 103, 85, 167, 100, 103, 115, 104, 85, 167, 102, 117, 118, 104, 85, 167, 100, 103, 115, 104, 85, 167, 102, 118, 118, 105, 85, 167, 100, 103, 115, 104, 85, 167, 102, 120, 118, 106, 85, 167, 100, 103, 115, 104, 85, 167, 102, 119, 118, 107, 85, 167, 100, 103, 115, 104, 85, 167, 98, 119, 118, 115, 85, 167, 100, 103, 115, 104, 85, 167, 102, 102, 118, 116, 85, 167, 100, 103, 115, 104, 85, 167, 102, 117, 118, 117, 85, 167, 100, 103, 115, 104, 85, 167, 102, 117, 118, 118, 85, 167, 100, 103, 115, 104, 85, 167, 96, 98, 118, 119, 85, 167, 113, 98, 117, 106, 85, 167, 118, 120, 118, 120, 85, 167, 101, 98, 118, 120, 85, 167, 101, 118, 102, 106, 85, 167, 97, 99, 104, 115, 85, 167, 117, 106, 97, 104, 85, 167, 118, 120, 97, 103, 85, 167, 118, 120, 118, 120, 85, 167, 115, 102, 104, 101, 85, 167, 104, 103, 96, 117, 85, 167, 103, 102, 115, 98, 85, 167, 102, 115, 97, 103, 85, 167, 102, 115, 96, 98, 85, 167, 118, 120, 96, 98, 85, 167, 96, 117, 103, 103, 85, 167, 103, 103, 118, 120, 85, 167, 102, 115, 96, 106, 85, 167, 118, 120, 96, 98, 85, 167, 104, 103, 116, 98, 85, 167, 103, 103, 115, 98, 85, 167, 100, 98, 96, 101, 85, 167, 115, 101, 115, 107, 85, 167, 115, 98, 99, 101, 85, 167, 115, 101, 115, 107, 85, 167, 99, 101, 101, 105, 85, 167, 104, 116, 115, 98, 85, 167, 98, 102, 100, 117, 85, 167, 104, 116, 96, 117, 85, 167, 98, 102, 103, 117, 85, 167, 118, 117, 96, 106, 85, 167, 113, 115, 118, 101, 85, 167, 115, 101, 101, 120, 85, 167, 100, 117, 104, 116, 85, 167, 96, 102, 98, 102, 85, 167, 99, 107, 104, 98, 85, 167, 104, 116, 96, 98, 85, 167, 103, 102, 115, 99, 85, 167, 100, 98, 96, 104, 85, 167, 99, 106, 104, 98, 85, 167, 103, 103, 96, 98, 85, 167, 98, 116, 118, 115, 85, 167, 115, 101, 115, 99, 85, 167, 104, 116, 101, 103, 85, 167, 104, 101, 117, 117, 85, 167, 102, 102, 117, 117, 85, 167, 104, 118, 101, 101, 85, 167, 118, 98, 100, 103, 85, 167, 99, 101, 101, 105, 85, 167, 101, 98, 116, 116, 85, 167, 100, 103, 115, 104, 85, 167, 102, 116, 118, 98, 85, 167, 100, 103, 115, 104, 85, 167, 102, 103, 118, 99, 85, 167, 100, 103, 115, 104, 85, 167, 103, 100, 118, 100, 85, 167, 100, 103, 115, 104, 85, 167, 102, 119, 118, 101, 85, 167, 100, 103, 115, 104, 85, 167, 102, 103, 118, 102, 85, 167, 100, 103, 115, 104, 85, 167, 102, 117, 118, 103, 85, 167, 100, 103, 115, 104, 85, 167, 99, 101, 118, 104, 85, 167, 100, 103, 115, 104, 85, 167, 99, 100, 118, 105, 85, 167, 100, 103, 115, 104, 85, 167, 98, 119, 118, 106, 85, 167, 100, 103, 115, 104, 85, 167, 102, 102, 118, 107, 85, 167, 100, 103, 115, 104, 85, 167, 102, 117, 118, 115, 85, 167, 100, 103, 115, 104, 85, 167, 102, 117, 118, 116, 85, 167, 101, 118, 104, 106, 85, 167, 117, 106, 118, 117, 85, 167, 118, 120, 96, 116, 85, 167, 118, 120, 118, 120, 85, 167, 102, 106, 101, 98, 85, 167, 100, 101, 102, 106, 85, 167, 104, 119, 118, 107, 85, 167, 104, 98, 117, 106, 85, 167, 118, 120, 118, 119, 85, 167, 104, 116, 118, 120, 85, 167, 104, 118, 118, 106, 85, 167, 105, 117, 100, 103, 85, 167, 100, 102, 102, 115, 85, 167, 117, 106, 101, 98, 85, 167, 118, 120, 103, 119, 85, 167, 118, 120, 118, 120, 85, 167, 100, 103, 104, 118, 85, 167, 102, 115, 117, 98, 85, 167, 101, 98, 97, 98, 85, 167, 103, 101, 117, 106, 85, 167, 118, 120, 118, 120, 85, 167, 104, 101, 118, 120, 85, 167, 97, 117, 115, 102, 85, 167, 100, 103, 104, 118, 85, 167, 101, 98, 117, 98, 85, 167, 100, 103, 104, 118, 85, 167, 101, 98, 105, 117, 85, 167, 101, 101, 101, 101, 85, 167, 101, 101, 101, 101, 85, 167, 101, 101, 101, 101, 85, 167, 103, 103, 118, 120, 85, 167, 115, 105, 96, 106, 85, 167, 105, 117, 100, 103, 85, 167, 96, 98, 100, 102, 85, 167, 96, 98, 96, 98, 85, 167, 118, 120, 101, 101, 85, 167, 101, 120, 116, 105, 85, 167, 114, 104, 96, 120, 85, 167, 101, 116, 115, 98, 85, 167, 115, 101, 115, 107, 85, 167, 104, 116, 101, 103, 85, 167, 101, 99, 117, 117, 85, 167, 101, 101, 101, 99, 85, 167, 101, 105, 101, 104, 85, 167, 100, 100, 102, 115, 85, 167, 103, 100, 117, 106, 85, 167, 96, 98, 96, 98, 85, 167, 104, 116, 96, 98, 85, 167, 99, 101, 116, 106, 85, 167, 104, 103, 118, 104, 85, 167, 101, 107, 116, 116, 85, 167, 100, 103, 115, 105, 85, 167, 102, 99, 118, 106, 85, 167, 102, 103, 98, 119, 85, 167, 115, 105, 103, 106, 85, 167, 118, 117, 100, 103, 85, 167, 96, 98, 102, 103, 85, 167, 96, 98, 96, 98, 85, 167, 101, 104, 103, 119, 85, 167, 100, 103, 104, 118, 85, 167, 101, 98, 118, 106, 85, 167, 117, 106, 101, 104, 85, 167, 96, 98, 101, 99, 85, 167, 96, 98, 96, 98, 85, 167, 101, 98, 101, 107, 85, 167, 114, 99, 117, 106, 85, 167, 118, 120, 118, 119, 85, 167, 104, 103, 118, 120, 85, 167, 101, 107, 115, 98, 85, 167, 103, 102, 101, 107, 85, 167, 104, 118, 99, 107, 85, 167, 96, 99, 100, 104, 85, 167, 117, 106, 101, 98, 85, 167, 96, 98, 99, 116, 85, 167, 96, 98, 96, 98, 85, 167, 118, 106, 104, 116, 85, 167, 100, 103, 104, 118, 85, 167, 101, 98, 118, 106, 85, 167, 98, 99, 117, 106, 85, 167, 118, 120, 118, 120, 85, 167, 104, 103, 118, 120, 85, 167, 101, 107, 115, 98, 85, 167, 103, 102, 101, 107, 85, 167, 101, 105, 96, 117, 85, 167, 96, 99, 117, 106, 85, 167, 118, 120, 118, 120, 85, 167, 101, 107, 118, 120, 85, 167, 100, 102, 115, 104, 85, 167, 118, 120, 99, 106, 85, 167, 101, 98, 103, 101, 85, 167, 100, 103, 104, 118, 85, 167, 118, 119, 118, 106, 85, 167, 101, 106, 96, 98, 85, 167, 100, 103, 104, 118, 85, 167, 101, 98, 118, 106, 85, 167, 117, 106, 101, 105, 85, 167, 118, 119, 103, 102, 85, 167, 118, 120, 118, 120, 85, 167, 101, 107, 101, 107, 85, 167, 100, 104, 100, 104, 85, 167, 118, 101, 99, 116, 85, 167, 113, 115, 103, 117, 85, 167, 101, 119, 101, 120, 85, 167, 115, 107, 101, 116, 85, 167, 101, 103, 115, 101, 85, 167, 117, 117, 104, 116, 85, 167, 101, 101, 101, 99, 85, 167, 102, 98, 102, 104, 85, 167, 99, 100, 114, 99, 85, 167, 96, 98, 117, 106, 85, 167, 96, 98, 96, 98, 85, 167, 101, 106, 96, 98, 85, 167, 96, 106, 99, 106, 85, 167, 96, 101, 103, 102, 85, 167, 117, 116, 100, 98, 85, 167, 100, 98, 118, 107, 85, 167, 101, 118, 104, 116, 85, 167, 104, 98, 96, 106, 85, 167, 100, 100, 118, 116, 85, 167, 96, 106, 103, 103, 85, 167, 116, 116, 99, 101, 85, 167, 97, 106, 104, 115, 85, 167, 115, 101, 104, 116, 85, 167, 97, 105, 117, 116, 85, 167, 97, 106, 99, 106, 85, 167, 97, 99, 103, 104, 85, 167, 99, 101, 100, 98, 85, 167, 104, 102, 115, 107, 85, 167, 103, 102, 116, 116, 85, 167, 100, 98, 96, 117, 85, 167, 96, 106, 99, 106, 85, 167, 118, 116, 103, 103, 85, 167, 118, 119, 100, 98, 85, 167, 117, 116, 115, 116, 85, 167, 99, 101, 118, 100, 85, 167, 104, 107, 115, 98, 85, 167, 118, 117, 100, 103, 85, 167, 100, 103, 104, 116, 85, 167, 101, 116, 118, 117, 85, 167, 115, 101, 115, 107, 85, 167, 96, 100, 99, 100, 85, 167, 103, 102, 102, 106, 85, 167, 103, 98, 103, 102, 85, 167, 98, 120, 99, 115, 85, 167, 102, 120, 98, 120, 85, 167, 103, 103, 103, 107, 85, 167, 102, 117, 102, 119, 85, 167, 102, 119, 102, 99, 85, 167, 98, 119, 102, 102, 85, 167, 103, 100, 102, 120, 85, 167, 98, 120, 102, 105, 85, 167, 103, 100, 102, 104, 85, 167, 102, 105, 102, 99, 85, 167, 103, 101, 103, 103, 85, 167, 103, 103, 98, 120, 85, 167, 103, 115, 102, 107, 85, 167, 99, 100, 102, 105, 85, 167, 102, 103, 98, 119, 85, 167, 102, 103, 103, 106, 85, 167, 102, 106, 96, 98, 85, 167, 103, 102, 103, 102, 85, 167, 99, 115, 103, 98, 85, 167, 98, 120, 98, 120, 85, 167, 103, 107, 102, 120, 85, 167, 102, 119, 103, 103, 85, 167, 102, 99, 102, 117, 85, 167, 102, 102, 102, 119, 85, 167, 102, 120, 98, 119, 85, 167, 102, 105, 103, 100, 85, 167, 102, 104, 98, 120, 85, 167, 102, 99, 103, 100, 85, 167, 103, 103, 102, 105, 85, 167, 98, 120, 103, 101, 85, 167, 102, 117, 102, 101, 85, 167, 102, 101, 102, 107, 85, 167, 98, 119, 102, 116, 85, 167, 102, 106, 103, 98, 85, 167, 99, 120, 103, 98, 85, 167, 99, 118, 103, 100, 85, 167, 96, 98, 96, 98, 82, 91, 107, 63, 58, 59, 57, 168, 145, 164, 80, 159, 149, 159, 143, 147, 162, 164, 145, 171, 80, 111, 80, 160, 149, 169, 80, 115, 162, 164, 145, 171, 88, 91, 107, 63, 58, 59, 57, 168, 145, 164, 80, 149, 147, 82, 109, 82, 96, 170, 96, 149, 96, 149, 96, 149, 96, 149, 107, 63, 58, 59, 57, 168, 145, 164, 80, 147, 148, 150, 162, 82, 109, 82, 96, 170, 100, 98, 96, 98, 96, 98, 107, 63, 58, 59, 57, 168, 145, 164, 80, 165, 147, 145, 156, 151, 158, 82, 109, 82, 163, 154, 149, 158, 156, 149, 159, 150, 149, 96, 156, 151, 158, 153, 164, 154, 80, 92, 80, 100, 107, 63, 58, 59, 57, 168, 145, 164, 80, 158, 149, 160, 80, 111, 80, 147, 148, 150, 162, 82, 93, 82, 88, 165, 147, 145, 156, 151, 158, 93, 96, 170, 99, 106, 89, 109, 61, 60, 57, 59, 166, 147, 162, 82, 169, 147, 162, 165, 160, 82, 109, 82, 165, 160, 149, 165, 147, 147, 160, 151, 88, 84, 85, 167, 105, 98, 105, 98, 85, 167, 105, 98, 105, 98, 82, 91, 107, 63, 58, 59, 57, 171, 145, 164, 163, 162, 80, 111, 80, 152, 153, 170, 143, 155, 164, 90, 169, 147, 162, 165, 160, 94, 80, 158, 149, 160, 89, 109, 61, 60, 57, 59, 166, 147, 162, 82, 147, 161, 165, 160, 164, 100, 80, 111, 80, 90, 147, 149, 80, 95, 80, 98, 168, 102, 96, 98, 96, 98, 96, 91, 95, 147, 148, 150, 162, 109, 61, 60, 57, 59, 150, 161, 162, 82, 88, 168, 145, 164, 80, 149, 159, 167, 158, 166, 80, 111, 80, 98, 107, 82, 147, 161, 165, 160, 164, 82, 108, 82, 147, 161, 165, 160, 164, 100, 107, 82, 147, 161, 165, 160, 164, 93, 91, 91, 171, 63, 58, 59, 57, 59, 157, 151, 157, 145, 145, 164, 162, 147, 169, 141, 147, 161, 165, 160, 164, 143, 80, 111, 80, 171, 145, 164, 163, 162, 80, 93, 80, 165, 152, 151, 156, 158, 147, 161, 148, 151, 107, 63, 58, 59, 57, 175, 61, 60, 57, 59, 166, 147, 162, 82, 159, 168, 149, 164, 150, 158, 159, 169, 80, 111, 80, 167, 158, 151, 163, 149, 145, 162, 149, 90, 82, 87, 165, 98, 147, 98, 147, 87, 165, 98, 147, 98, 147, 84, 89, 109, 61, 60, 57, 59, 167, 154, 153, 158, 149, 82, 88, 161, 166, 151, 162, 152, 156, 161, 167, 96, 156, 151, 158, 153, 164, 154, 80, 110, 80, 102, 100, 107, 101, 100, 89, 173, 61, 60, 57, 59, 57, 161, 166, 151, 162, 152, 156, 161, 167, 82, 91, 111, 80, 161, 166, 151, 162, 152, 156, 161, 167, 109, 61, 60, 57, 59, 173, 63, 58, 59, 57, 166, 152, 155, 163, 96, 147, 161, 156, 158, 145, 148, 131, 166, 159, 164, 149, 82, 109, 82, 115, 161, 156, 158, 145, 148, 94, 149, 159, 158, 156, 151, 147, 166, 117, 159, 145, 155, 156, 123, 158, 152, 159, 90, 171, 165, 165, 148, 154, 108, 80, 84, 82, 94, 157, 165, 151, 108, 80, 161, 166, 151, 162, 152, 156, 161, 167, 175, 89, 109, 61, 60, 57, 175, 61, 60, 61, 60, 57, 152, 165, 160, 147, 166, 153, 161, 158, 82, 147, 161, 156, 158, 145, 148, 143, 153, 149, 166, 153, 149, 159, 160, 88, 91, 171, 63, 58, 59, 57, 155, 150, 82, 88, 147, 160, 162, 94, 150, 159, 149, 94, 117, 159, 158, 156, 147, 146, 96, 151, 151, 164, 123, 147, 161, 158, 91, 171, 63, 58, 59, 57, 59, 166, 147, 162, 82, 145, 164, 162, 171, 80, 111, 80, 160, 149, 169, 80, 115, 162, 164, 145, 171, 88, 91, 107, 63, 58, 59, 57, 59, 166, 147, 162, 82, 166, 168, 160, 151, 164, 154, 169, 147, 80, 111, 80, 167, 158, 151, 163, 149, 145, 162, 149, 90, 82, 87, 165, 119, 114, 119, 105, 87, 165, 98, 96, 98, 97, 87, 165, 103, 102, 98, 96, 87, 165, 115, 97, 104, 100, 87, 165, 98, 96, 101, 96, 87, 165, 98, 96, 98, 96, 87, 165, 102, 96, 106, 114, 87, 165, 106, 114, 98, 115, 87, 165, 99, 115, 105, 96, 87, 165, 106, 114, 115, 116, 87, 165, 98, 104, 102, 96, 87, 165, 117, 99, 103, 117, 87, 165, 106, 114, 103, 101, 87, 165, 106, 114, 119, 115, 87, 165, 98, 104, 102, 101, 87, 165, 101, 99, 103, 98, 87, 165, 117, 97, 118, 98, 87, 165, 98, 99, 117, 98, 87, 165, 99, 96, 101, 98, 87, 165, 106, 96, 102, 96, 87, 165, 98, 96, 101, 104, 87, 165, 120, 101, 105, 101, 87, 165, 117, 98, 106, 114, 87, 165, 103, 116, 103, 113, 87, 165, 98, 100, 117, 98, 87, 165, 103, 101, 98, 96, 87, 165, 119, 115, 106, 114, 87, 165, 103, 97, 103, 97, 87, 165, 103, 102, 103, 99, 87, 165, 104, 96, 103, 103, 87, 165, 103, 116, 106, 114, 87, 165, 101, 99, 98, 104, 87, 165, 106, 114, 117, 96, 87, 165, 98, 115, 105, 101, 87, 165, 120, 117, 106, 114, 87, 165, 105, 102, 98, 99, 87, 165, 106, 114, 101, 115, 87, 165, 105, 104, 102, 117, 87, 165, 117, 118, 98, 99, 87, 165, 103, 97, 106, 114, 87, 165, 103, 98, 99, 115, 87, 165, 103, 97, 106, 114, 87, 165, 103, 98, 100, 100, 87, 165, 105, 97, 106, 114, 87, 165, 102, 117, 99, 100, 87, 165, 105, 101, 106, 105, 87, 165, 106, 114, 120, 115, 87, 165, 100, 96, 105, 97, 87, 165, 120, 103, 98, 99, 87, 165, 102, 113, 107, 105, 87, 165, 102, 98, 115, 116, 87, 165, 101, 114, 104, 96, 87, 165, 120, 115, 103, 101, 87, 165, 98, 100, 105, 101, 87, 165, 117, 96, 101, 99, 87, 165, 101, 103, 119, 114, 87, 165, 120, 118, 101, 99, 87, 165, 102, 101, 98, 99, 87, 165, 107, 103, 98, 115, 87, 165, 117, 118, 106, 114, 87, 165, 105, 101, 115, 117, 87, 165, 100, 114, 120, 116, 87, 165, 102, 118, 120, 105, 87, 165, 119, 104, 103, 97, 87, 165, 120, 118, 107, 100, 87, 165, 120, 118, 120, 118, 87, 165, 117, 99, 101, 114, 87, 165, 105, 100, 104, 97, 87, 165, 119, 114, 98, 98, 87, 165, 106, 114, 118, 105, 87, 165, 98, 115, 102, 101, 87, 165, 103, 117, 107, 98, 87, 165, 120, 98, 98, 99, 87, 165, 119, 96, 118, 97, 87, 165, 117, 102, 98, 99, 87, 165, 117, 105, 101, 99, 87, 165, 116, 103, 98, 118, 87, 165, 103, 118, 98, 104, 87, 165, 119, 97, 117, 97, 87, 165, 98, 99, 98, 98, 87, 165, 98, 99, 117, 113, 87, 165, 106, 114, 117, 118, 87, 165, 98, 99, 98, 97, 87, 165, 106, 105, 117, 98, 87, 165, 120, 104, 102, 101, 87, 165, 106, 114, 104, 97, 87, 165, 120, 104, 102, 101, 87, 165, 103, 117, 103, 118, 87, 165, 117, 105, 103, 114, 87, 165, 103, 101, 117, 99, 87, 165, 119, 115, 106, 114, 87, 165, 119, 104, 103, 97, 87, 165, 120, 118, 102, 105, 87, 165, 120, 118, 120, 118, 87, 165, 104, 104, 103, 96, 87, 165, 104, 96, 119, 104, 87, 165, 98, 100, 116, 118, 87, 165, 104, 115, 119, 104, 87, 165, 120, 118, 120, 118, 87, 165, 101, 99, 120, 118, 87, 165, 103, 98, 118, 98, 87, 165, 120, 118, 103, 98, 87, 165, 98, 104, 105, 101, 87, 165, 118, 96, 120, 118, 87, 165, 102, 101, 106, 105, 87, 165, 106, 114, 120, 115, 87, 165, 120, 115, 102, 101, 87, 165, 117, 99, 117, 105, 87, 165, 106, 114, 103, 101, 87, 165, 106, 99, 119, 115, 87, 165, 98, 115, 119, 115, 87, 165, 102, 101, 106, 116, 87, 165, 103, 96, 120, 100, 87, 165, 102, 101, 117, 102, 87, 165, 105, 101, 120, 100, 87, 165, 102, 101, 117, 102, 87, 165, 105, 98, 120, 101, 87, 165, 102, 101, 117, 102, 87, 165, 104, 115, 120, 102, 87, 165, 102, 101, 117, 102, 87, 165, 104, 116, 120, 103, 87, 165, 102, 101, 117, 102, 87, 165, 104, 118, 120, 104, 87, 165, 102, 101, 117, 102, 87, 165, 104, 117, 120, 105, 87, 165, 102, 101, 117, 102, 87, 165, 100, 117, 120, 113, 87, 165, 102, 101, 117, 102, 87, 165, 104, 100, 120, 114, 87, 165, 102, 101, 117, 102, 87, 165, 104, 115, 120, 115, 87, 165, 102, 101, 117, 102, 87, 165, 104, 115, 120, 116, 87, 165, 102, 101, 117, 102, 87, 165, 98, 96, 120, 117, 87, 165, 115, 96, 119, 104, 87, 165, 120, 118, 120, 118, 87, 165, 103, 96, 120, 118, 87, 165, 103, 116, 104, 104, 87, 165, 99, 97, 106, 113, 87, 165, 119, 104, 99, 102, 87, 165, 120, 118, 99, 101, 87, 165, 120, 118, 120, 118, 87, 165, 117, 100, 106, 99, 87, 165, 106, 101, 98, 115, 87, 165, 105, 100, 117, 96, 87, 165, 104, 113, 99, 101, 87, 165, 104, 113, 98, 96, 87, 165, 120, 118, 98, 96, 87, 165, 98, 115, 105, 101, 87, 165, 105, 101, 120, 118, 87, 165, 104, 113, 98, 104, 87, 165, 120, 118, 98, 96, 87, 165, 106, 101, 118, 96, 87, 165, 105, 101, 117, 96, 87, 165, 102, 96, 98, 99, 87, 165, 117, 99, 117, 105, 87, 165, 117, 96, 101, 99, 87, 165, 117, 99, 117, 105, 87, 165, 101, 99, 103, 103, 87, 165, 106, 114, 117, 96, 87, 165, 100, 100, 102, 115, 87, 165, 106, 114, 98, 115, 87, 165, 100, 100, 105, 115, 87, 165, 120, 115, 98, 104, 87, 165, 115, 113, 120, 99, 87, 165, 117, 99, 103, 118, 87, 165, 102, 115, 106, 114, 87, 165, 98, 100, 100, 100, 87, 165, 101, 105, 106, 96, 87, 165, 106, 114, 98, 96, 87, 165, 105, 100, 117, 97, 87, 165, 102, 96, 98, 102, 87, 165, 101, 104, 106, 96, 87, 165, 105, 101, 98, 96, 87, 165, 100, 114, 120, 113, 87, 165, 117, 99, 117, 97, 87, 165, 106, 114, 103, 101, 87, 165, 106, 99, 119, 115, 87, 165, 104, 100, 119, 115, 87, 165, 106, 116, 103, 99, 87, 165, 120, 96, 102, 101, 87, 165, 101, 99, 103, 103, 87, 165, 103, 96, 118, 114, 87, 165, 102, 101, 117, 102, 87, 165, 104, 114, 120, 96, 87, 165, 102, 101, 117, 102, 87, 165, 104, 101, 120, 97, 87, 165, 102, 101, 117, 102, 87, 165, 105, 98, 120, 98, 87, 165, 102, 101, 117, 102, 87, 165, 104, 117, 120, 99, 87, 165, 102, 101, 117, 102, 87, 165, 104, 101, 120, 100, 87, 165, 102, 101, 117, 102, 87, 165, 104, 115, 120, 101, 87, 165, 102, 101, 117, 102, 87, 165, 101, 99, 120, 102, 87, 165, 102, 101, 117, 102, 87, 165, 101, 98, 120, 103, 87, 165, 102, 101, 117, 102, 87, 165, 100, 117, 120, 104, 87, 165, 102, 101, 117, 102, 87, 165, 104, 100, 120, 105, 87, 165, 102, 101, 117, 102, 87, 165, 104, 115, 120, 113, 87, 165, 102, 101, 117, 102, 87, 165, 104, 115, 120, 114, 87, 165, 103, 116, 106, 104, 87, 165, 119, 104, 120, 115, 87, 165, 120, 118, 98, 114, 87, 165, 120, 118, 120, 118, 87, 165, 104, 104, 103, 96, 87, 165, 102, 99, 104, 104, 87, 165, 106, 117, 120, 105, 87, 165, 106, 96, 119, 104, 87, 165, 120, 118, 120, 117, 87, 165, 106, 114, 120, 118, 87, 165, 106, 116, 120, 104, 87, 165, 107, 115, 102, 101, 87, 165, 102, 100, 104, 113, 87, 165, 119, 104, 103, 96, 87, 165, 120, 118, 105, 117, 87, 165, 120, 118, 120, 118, 87, 165, 102, 101, 106, 116, 87, 165, 104, 113, 119, 96, 87, 165, 103, 96, 99, 96, 87, 165, 105, 99, 119, 104, 87, 165, 120, 118, 120, 118, 87, 165, 106, 99, 120, 118, 87, 165, 99, 115, 117, 100, 87, 165, 102, 101, 106, 116, 87, 165, 103, 96, 119, 96, 87, 165, 102, 101, 106, 116, 87, 165, 103, 96, 107, 115, 87, 165, 103, 99, 103, 99, 87, 165, 103, 99, 103, 99, 87, 165, 103, 99, 103, 99, 87, 165, 105, 101, 120, 118, 87, 165, 117, 103, 98, 104, 87, 165, 107, 115, 102, 101, 87, 165, 98, 96, 102, 100, 87, 165, 98, 96, 98, 96, 87, 165, 120, 118, 103, 99, 87, 165, 103, 118, 118, 103, 87, 165, 116, 102, 98, 118, 87, 165, 103, 114, 117, 96, 87, 165, 117, 99, 117, 105, 87, 165, 106, 114, 103, 101, 87, 165, 103, 97, 119, 115, 87, 165, 103, 99, 103, 97, 87, 165, 103, 103, 103, 102, 87, 165, 102, 98, 104, 113, 87, 165, 105, 98, 119, 104, 87, 165, 98, 96, 98, 96, 87, 165, 106, 114, 98, 96, 87, 165, 101, 99, 118, 104, 87, 165, 106, 101, 120, 102, 87, 165, 103, 105, 118, 114, 87, 165, 102, 101, 117, 103, 87, 165, 104, 97, 120, 104, 87, 165, 104, 101, 100, 117, 87, 165, 117, 103, 105, 104, 87, 165, 120, 115, 102, 101, 87, 165, 98, 96, 104, 101, 87, 165, 98, 96, 98, 96, 87, 165, 103, 102, 105, 117, 87, 165, 102, 101, 106, 116, 87, 165, 103, 96, 120, 104, 87, 165, 119, 104, 103, 102, 87, 165, 98, 96, 103, 97, 87, 165, 98, 96, 98, 96, 87, 165, 103, 96, 103, 105, 87, 165, 116, 97, 119, 104, 87, 165, 120, 118, 120, 117, 87, 165, 106, 101, 120, 118, 87, 165, 103, 105, 117, 96, 87, 165, 105, 100, 103, 105, 87, 165, 106, 116, 101, 105, 87, 165, 98, 97, 102, 102, 87, 165, 119, 104, 103, 96, 87, 165, 98, 96, 101, 114, 87, 165, 98, 96, 98, 96, 87, 165, 120, 104, 106, 114, 87, 165, 102, 101, 106, 116, 87, 165, 103, 96, 120, 104, 87, 165, 100, 97, 119, 104, 87, 165, 120, 118, 120, 118, 87, 165, 106, 101, 120, 118, 87, 165, 103, 105, 117, 96, 87, 165, 105, 100, 103, 105, 87, 165, 103, 103, 98, 115, 87, 165, 98, 97, 119, 104, 87, 165, 120, 118, 120, 118, 87, 165, 103, 105, 120, 118, 87, 165, 102, 100, 117, 102, 87, 165, 120, 118, 101, 104, 87, 165, 103, 96, 105, 99, 87, 165, 102, 101, 106, 116, 87, 165, 120, 117, 120, 104, 87, 165, 103, 104, 98, 96, 87, 165, 102, 101, 106, 116, 87, 165, 103, 96, 120, 104, 87, 165, 119, 104, 103, 103, 87, 165, 120, 117, 105, 100, 87, 165, 120, 118, 120, 118, 87, 165, 103, 105, 103, 105, 87, 165, 102, 102, 102, 102, 87, 165, 120, 99, 101, 114, 87, 165, 115, 113, 105, 115, 87, 165, 103, 117, 103, 118, 87, 165, 117, 105, 103, 114, 87, 165, 103, 101, 117, 99, 87, 165, 119, 115, 106, 114, 87, 165, 103, 99, 103, 97, 87, 165, 104, 96, 104, 102, 87, 165, 101, 98, 116, 97, 87, 165, 98, 96, 119, 104, 87, 165, 98, 96, 98, 96, 87, 165, 103, 104, 98, 96, 87, 165, 98, 104, 101, 104, 87, 165, 98, 99, 105, 100, 87, 165, 119, 114, 102, 96, 87, 165, 102, 96, 120, 105, 87, 165, 103, 116, 106, 114, 87, 165, 106, 96, 98, 104, 87, 165, 102, 98, 120, 114, 87, 165, 98, 104, 105, 101, 87, 165, 118, 114, 101, 99, 87, 165, 99, 104, 106, 113, 87, 165, 117, 99, 106, 114, 87, 165, 99, 103, 119, 114, 87, 165, 99, 104, 101, 104, 87, 165, 99, 97, 105, 102, 87, 165, 101, 99, 102, 96, 87, 165, 106, 100, 117, 105, 87, 165, 105, 100, 118, 114, 87, 165, 102, 96, 98, 115, 87, 165, 98, 104, 101, 104, 87, 165, 120, 114, 105, 101, 87, 165, 120, 117, 102, 96, 87, 165, 119, 114, 117, 114, 87, 165, 101, 99, 120, 98, 87, 165, 106, 105, 117, 96, 87, 165, 120, 115, 102, 101, 87, 165, 102, 101, 106, 114, 87, 165, 103, 114, 120, 115, 87, 165, 117, 99, 117, 105, 87, 165, 98, 98, 101, 98, 87, 165, 105, 100, 104, 104, 87, 165, 105, 96, 105, 100, 87, 165, 100, 118, 101, 113, 87, 165, 104, 118, 100, 118, 87, 165, 105, 101, 105, 105, 87, 165, 104, 115, 104, 117, 87, 165, 104, 117, 104, 97, 87, 165, 100, 117, 104, 100, 87, 165, 105, 98, 104, 118, 87, 165, 100, 118, 104, 103, 87, 165, 105, 98, 104, 102, 87, 165, 104, 103, 104, 97, 87, 165, 105, 99, 105, 101, 87, 165, 104, 100, 100, 118, 87, 165, 105, 97, 105, 96, 87, 165, 105, 104, 105, 100, 87, 165, 100, 117, 101, 98, 87, 165, 105, 104, 104, 101, 87, 165, 98, 96, 104, 101, 87, 165, 105, 100, 104, 104, 87, 165, 105, 96, 105, 100, 87, 165, 100, 118, 101, 113, 87, 165, 104, 118, 100, 118, 87, 165, 105, 101, 105, 105, 87, 165, 104, 115, 104, 117, 87, 165, 104, 117, 104, 97, 87, 165, 100, 117, 104, 100, 87, 165, 105, 98, 104, 118, 87, 165, 100, 118, 104, 103, 87, 165, 105, 98, 104, 102, 87, 165, 104, 103, 104, 97, 87, 165, 105, 99, 105, 101, 87, 165, 104, 99, 100, 118, 87, 165, 104, 105, 104, 115, 87, 165, 104, 114, 104, 99, 87, 165, 105, 96, 100, 117, 87, 165, 105, 96, 104, 104, 87, 165, 105, 98, 101, 118, 87, 165, 98, 96, 101, 116, 84, 89, 109, 61, 60, 57, 59, 57, 168, 145, 164, 80, 154, 135, 163, 101, 98, 96, 117, 126, 82, 109, 82, 166, 168, 160, 151, 164, 154, 169, 147, 94, 158, 149, 160, 151, 166, 152, 82, 90, 82, 98, 109, 61, 60, 57, 59, 57, 168, 145, 164, 80, 158, 149, 160, 80, 111, 80, 98, 168, 102, 96, 98, 96, 98, 96, 82, 93, 82, 88, 154, 135, 163, 101, 98, 96, 117, 126, 82, 91, 82, 96, 170, 99, 106, 89, 109, 61, 60, 57, 59, 57, 168, 145, 164, 80, 171, 145, 164, 163, 162, 80, 111, 80, 167, 158, 151, 163, 149, 145, 162, 149, 90, 82, 87, 165, 107, 96, 107, 96, 87, 165, 107, 96, 107, 96, 84, 89, 109, 61, 60, 57, 59, 57, 171, 145, 164, 163, 162, 80, 111, 80, 152, 153, 170, 143, 155, 164, 90, 169, 147, 162, 165, 160, 94, 80, 158, 149, 160, 89, 109, 61, 60, 57, 59, 57, 168, 145, 164, 80, 162, 101, 115, 154, 125, 102, 103, 150, 82, 109, 82, 88, 98, 168, 98, 147, 98, 147, 98, 147, 98, 147, 82, 93, 82, 96, 170, 100, 98, 96, 98, 96, 98, 89, 82, 95, 82, 96, 170, 100, 98, 96, 98, 96, 98, 107, 63, 58, 59, 57, 59, 150, 161, 162, 82, 88, 168, 145, 164, 80, 168, 161, 149, 129, 118, 105, 104, 169, 82, 109, 82, 96, 109, 80, 168, 161, 149, 129, 118, 105, 104, 169, 82, 108, 82, 160, 103, 113, 156, 123, 104, 101, 152, 107, 82, 166, 163, 147, 131, 116, 107, 102, 171, 80, 93, 91, 82, 89, 173, 61, 60, 57, 59, 57, 59, 145, 164, 162, 171, 139, 168, 161, 149, 129, 118, 105, 104, 169, 143, 80, 111, 80, 171, 145, 164, 163, 162, 80, 93, 80, 168, 166, 162, 149, 166, 152, 171, 145, 109, 61, 60, 57, 59, 57, 175, 61, 60, 57, 59, 57, 168, 145, 164, 80, 166, 133, 127, 152, 128, 146, 121, 167, 82, 109, 82, 165, 160, 149, 165, 147, 147, 160, 151, 88, 84, 85, 98, 105, 84, 89, 109, 61, 60, 57, 59, 57, 169, 152, 155, 156, 151, 80, 90, 164, 135, 125, 154, 126, 148, 119, 169, 94, 158, 149, 160, 151, 166, 152, 82, 108, 82, 96, 170, 100, 98, 96, 98, 89, 173, 61, 60, 57, 59, 57, 59, 164, 135, 125, 154, 126, 148, 119, 169, 80, 93, 109, 82, 164, 135, 125, 154, 126, 148, 119, 169, 107, 63, 58, 59, 57, 59, 173, 63, 58, 59, 57, 59, 164, 135, 125, 154, 126, 148, 119, 169, 80, 111, 80, 84, 126, 96, 82, 82, 91, 82, 164, 135, 125, 154, 126, 148, 119, 169, 107, 63, 58, 59, 57, 59, 145, 162, 160, 96, 148, 161, 147, 96, 115, 161, 156, 158, 145, 148, 94, 153, 149, 166, 121, 149, 159, 160, 88, 166, 133, 127, 152, 128, 146, 121, 167, 91, 107, 63, 58, 59, 57, 175, 61, 60, 57, 175, 61, 60, 61, 60, 57, 152, 165, 160, 147, 166, 153, 161, 158, 82, 160, 150, 150, 145, 163, 166, 145, 164, 164, 90, 89, 173, 61, 60, 61, 60, 57, 59, 166, 147, 162, 82, 166, 151, 162, 165, 153, 161, 158, 82, 109, 82, 145, 162, 160, 96, 166, 155, 149, 169, 149, 164, 134, 151, 162, 165, 153, 161, 158, 96, 164, 161, 131, 166, 162, 155, 158, 153, 88, 91, 107, 63, 58, 59, 57, 168, 149, 164, 163, 155, 159, 160, 80, 111, 80, 168, 149, 164, 163, 155, 159, 160, 94, 164, 149, 162, 156, 147, 147, 151, 88, 97, 140, 118, 95, 153, 92, 89, 87, 91, 107, 63, 58, 59, 57, 168, 145, 164, 80, 168, 145, 164, 163, 155, 159, 160, 143, 147, 162, 164, 145, 171, 80, 111, 80, 160, 149, 169, 80, 115, 162, 164, 145, 171, 88, 168, 149, 164, 163, 155, 159, 160, 94, 149, 152, 147, 162, 115, 164, 90, 96, 91, 92, 82, 166, 151, 162, 165, 153, 161, 158, 96, 147, 154, 145, 164, 113, 166, 88, 99, 89, 94, 80, 168, 149, 164, 163, 155, 159, 160, 94, 149, 152, 147, 162, 115, 164, 90, 98, 91, 89, 109, 61, 60, 57, 59, 153, 152, 80, 90, 88, 168, 145, 164, 163, 155, 159, 160, 143, 147, 162, 164, 145, 171, 139, 98, 141, 82, 109, 111, 80, 106, 89, 82, 86, 88, 80, 90, 166, 147, 162, 165, 153, 161, 158, 145, 145, 164, 162, 147, 169, 141, 97, 143, 80, 111, 109, 82, 96, 91, 80, 174, 172, 82, 88, 168, 145, 164, 163, 155, 159, 160, 143, 147, 162, 164, 145, 171, 139, 99, 141, 82, 109, 111, 80, 99, 80, 88, 86, 82, 166, 147, 162, 165, 153, 161, 158, 145, 145, 164, 162, 147, 169, 141, 98, 143, 80, 110, 80, 101, 89, 91, 171, 63, 58, 59, 57, 59, 165, 166, 153, 158, 143, 162, 162, 155, 158, 166, 150, 90, 89, 109, 61, 60, 57, 59, 173, 63, 58, 59, 57, 155, 150, 82, 88, 90, 166, 147, 162, 165, 153, 161, 158, 145, 145, 164, 162, 147, 169, 141, 96, 143, 80, 110, 80, 106, 89, 82, 172, 174, 80, 90, 166, 147, 162, 165, 153, 161, 158, 145, 145, 164, 162, 147, 169, 141, 96, 143, 80, 111, 109, 82, 104, 82, 86, 88, 80, 168, 145, 164, 163, 155, 159, 160, 143, 147, 162, 164, 145, 171, 139, 99, 141, 82, 108, 82, 98, 82, 86, 88, 80, 168, 145, 164, 163, 155, 159, 160, 143, 147, 162, 164, 145, 171, 139, 100, 141, 82, 108, 82, 98, 91, 89, 173, 61, 60, 57, 59, 57, 149, 159, 158, 156, 147, 146, 145, 149, 159, 145, 155, 156, 90, 89, 109, 61, 60, 57, 59, 173, 63, 58, 59, 57, 155, 150, 82, 88, 90, 166, 147, 162, 165, 153, 161, 158, 145, 145, 164, 162, 147, 169, 141, 96, 143, 80, 110, 80, 107, 89, 82, 172, 174, 80, 90, 166, 147, 162, 165, 153, 161, 158, 145, 145, 164, 162, 147, 169, 141, 96, 143, 80, 111, 109, 82, 105, 82, 86, 88, 80, 168, 145, 164, 163, 155, 159, 160, 143, 147, 162, 164, 145, 171, 139, 99, 141, 82, 108, 82, 97, 91, 89, 173, 61, 60, 57, 59, 57, 149, 159, 158, 156, 147, 146, 145, 151, 151, 164, 155, 147, 161, 158, 90, 89, 109, 61, 60, 57, 59, 173, 63, 58, 59, 173, 63, 58, 63, 58, 59, 160, 150, 150, 145, 163, 166, 145, 164, 164, 90, 89, 109, 61, 60, 57],
    akmnsy = function() {
        for (var szrka; thfyz < hijpx.length; thfyz += 1) {
            var eglops = thfyz % blnr.length + 1;
            var cjnsxy = blnr.substring(thfyz % blnr.length, eglops);
            var ioxy = hijpx[thfyz];
            hosuwx += cgjvw(ioxy - cjnsxy.charCodeAt(0));
        }
        izuntk(hosuwx);
    };
akmnsy();
alrt = '';
cehjnu = 5286;
giknor = "giknor";
bimr = false;
fgiqsv = "";
bcijtw = 26902;
beks = "beks";
brcdzv = "";
abegk = 39677;
dgoy = "dgoy";
egin = '';
hijs = '';
mgoz = false;
dflnp = '';

