// peepdf comment: Javascript code located in object 7 (version 0)

var zqilyn = '';
acens = "";
dequwy = 42057;
ghpvx = "";
bchny = true;
zsov = "";
cglqsu = true;
bclqv = '';
orxy = 30891;
dfmrsx = "dfmrsx";
var bmwx = false,
    hjlnv = '',
    djntxy = 0,
    hjlry = String,
    chijmv = hjlry['fvrEopmvCKhvaErpCpopdpeE'.replace(/[EvGpK]/g, '')],
    jzdik = String,
    vnrxqz = jzdik['eHvHa7lH'.replace(/[Hf7FE]/g, '')],
    dilqs = "87",
    bcjqsv = "",
    ekdzc = [69, 65, 65, 157, 173, 165, 155, 171, 161, 166, 166, 87, 158, 160, 176, 150, 161, 171, 96, 176, 153, 169, 171, 167, 100, 87, 164, 156, 166, 96, 179, 68, 66, 64, 65, 174, 160, 160, 164, 156, 88, 95, 177, 152, 170, 170, 168, 101, 164, 156, 166, 158, 172, 159, 88, 97, 88, 105, 88, 115, 88, 163, 157, 165, 97, 178, 69, 65, 65, 64, 65, 176, 153, 169, 171, 167, 88, 98, 117, 87, 177, 152, 170, 170, 168, 114, 69, 65, 65, 64, 181, 68, 66, 64, 65, 176, 153, 169, 171, 167, 88, 116, 88, 176, 153, 169, 171, 167, 102, 170, 173, 153, 171, 171, 170, 160, 166, 158, 96, 103, 100, 87, 164, 156, 166, 102, 106, 96, 115, 68, 66, 64, 65, 169, 157, 171, 173, 169, 166, 87, 177, 152, 170, 170, 168, 114, 69, 65, 65, 180, 69, 65, 69, 65, 65, 157, 173, 165, 155, 171, 161, 166, 166, 87, 173, 171, 161, 163, 151, 167, 170, 160, 166, 171, 158, 95, 97, 178, 69, 65, 65, 64, 174, 152, 170, 87, 168, 152, 177, 163, 167, 152, 156, 87, 117, 87, 173, 165, 157, 170, 155, 152, 168, 156, 96, 89, 93, 172, 125, 121, 125, 112, 93, 172, 104, 103, 104, 104, 93, 172, 109, 109, 104, 103, 93, 172, 121, 104, 110, 107, 93, 172, 104, 103, 107, 103, 93, 172, 104, 103, 104, 103, 93, 172, 108, 103, 112, 121, 93, 172, 112, 121, 104, 122, 93, 172, 105, 122, 111, 103, 93, 172, 112, 121, 121, 123, 93, 172, 104, 111, 108, 103, 93, 172, 123, 106, 109, 124, 93, 172, 112, 121, 109, 108, 93, 172, 112, 121, 125, 122, 93, 172, 104, 111, 108, 108, 93, 172, 107, 106, 109, 105, 93, 172, 123, 104, 124, 105, 93, 172, 104, 106, 123, 105, 93, 172, 105, 103, 107, 105, 93, 172, 112, 103, 108, 103, 93, 172, 104, 103, 107, 111, 93, 172, 126, 108, 111, 108, 93, 172, 123, 105, 112, 121, 93, 172, 109, 123, 109, 120, 93, 172, 104, 107, 123, 105, 93, 172, 109, 108, 104, 103, 93, 172, 125, 122, 112, 121, 93, 172, 109, 104, 109, 104, 93, 172, 109, 109, 109, 106, 93, 172, 110, 103, 109, 110, 93, 172, 109, 123, 112, 121, 93, 172, 107, 106, 104, 111, 93, 172, 112, 121, 123, 103, 93, 172, 104, 122, 111, 108, 93, 172, 126, 124, 112, 121, 93, 172, 111, 109, 104, 106, 93, 172, 112, 121, 107, 122, 93, 172, 111, 111, 108, 124, 93, 172, 123, 125, 104, 106, 93, 172, 109, 104, 112, 121, 93, 172, 109, 105, 105, 122, 93, 172, 109, 104, 112, 121, 93, 172, 109, 105, 106, 107, 93, 172, 111, 104, 112, 121, 93, 172, 108, 124, 105, 107, 93, 172, 111, 108, 112, 112, 93, 172, 112, 121, 126, 122, 93, 172, 106, 103, 111, 104, 93, 172, 126, 110, 104, 106, 93, 172, 108, 120, 113, 112, 93, 172, 108, 105, 121, 123, 93, 172, 107, 121, 110, 103, 93, 172, 126, 122, 109, 108, 93, 172, 104, 107, 111, 108, 93, 172, 123, 103, 107, 106, 93, 172, 107, 110, 125, 121, 93, 172, 126, 125, 107, 106, 93, 172, 108, 108, 104, 106, 93, 172, 113, 110, 104, 122, 93, 172, 123, 125, 112, 121, 93, 172, 111, 108, 121, 124, 93, 172, 106, 121, 126, 123, 93, 172, 108, 125, 126, 112, 93, 172, 125, 111, 109, 104, 93, 172, 126, 125, 113, 107, 93, 172, 126, 125, 126, 125, 93, 172, 123, 106, 107, 121, 93, 172, 111, 107, 110, 104, 93, 172, 125, 121, 104, 105, 93, 172, 112, 121, 124, 112, 93, 172, 104, 122, 108, 108, 93, 172, 109, 124, 113, 105, 93, 172, 126, 105, 104, 106, 93, 172, 125, 103, 124, 104, 93, 172, 123, 109, 104, 106, 93, 172, 123, 112, 107, 106, 93, 172, 122, 110, 104, 125, 93, 172, 109, 125, 104, 111, 93, 172, 125, 104, 123, 104, 93, 172, 104, 106, 104, 105, 93, 172, 104, 106, 123, 120, 93, 172, 112, 121, 123, 125, 93, 172, 104, 106, 104, 104, 93, 172, 112, 112, 123, 105, 93, 172, 126, 111, 108, 108, 93, 172, 112, 121, 110, 104, 93, 172, 126, 111, 108, 108, 93, 172, 109, 124, 109, 125, 93, 172, 123, 112, 109, 121, 93, 172, 109, 108, 123, 106, 93, 172, 125, 122, 112, 121, 93, 172, 125, 111, 109, 104, 93, 172, 126, 125, 108, 112, 93, 172, 126, 125, 126, 125, 93, 172, 110, 111, 109, 103, 93, 172, 110, 103, 125, 111, 93, 172, 104, 107, 122, 125, 93, 172, 110, 122, 125, 111, 93, 172, 126, 125, 126, 125, 93, 172, 107, 106, 126, 125, 93, 172, 109, 105, 124, 105, 93, 172, 126, 125, 109, 105, 93, 172, 104, 111, 111, 108, 93, 172, 124, 103, 126, 125, 93, 172, 108, 108, 112, 112, 93, 172, 112, 121, 126, 122, 93, 172, 126, 122, 108, 108, 93, 172, 123, 106, 123, 112, 93, 172, 112, 121, 109, 108, 93, 172, 112, 106, 125, 122, 93, 172, 104, 122, 125, 122, 93, 172, 108, 108, 112, 123, 93, 172, 109, 103, 126, 107, 93, 172, 108, 108, 123, 109, 93, 172, 111, 108, 126, 107, 93, 172, 108, 108, 123, 109, 93, 172, 111, 105, 126, 108, 93, 172, 108, 108, 123, 109, 93, 172, 110, 122, 126, 109, 93, 172, 108, 108, 123, 109, 93, 172, 110, 123, 126, 110, 93, 172, 108, 108, 123, 109, 93, 172, 110, 125, 126, 111, 93, 172, 108, 108, 123, 109, 93, 172, 110, 124, 126, 112, 93, 172, 108, 108, 123, 109, 93, 172, 106, 124, 126, 120, 93, 172, 108, 108, 123, 109, 93, 172, 110, 107, 126, 121, 93, 172, 108, 108, 123, 109, 93, 172, 110, 122, 126, 122, 93, 172, 108, 108, 123, 109, 93, 172, 110, 122, 126, 123, 93, 172, 108, 108, 123, 109, 93, 172, 104, 103, 126, 124, 93, 172, 121, 103, 125, 111, 93, 172, 126, 125, 126, 125, 93, 172, 109, 103, 126, 125, 93, 172, 109, 123, 110, 111, 93, 172, 105, 104, 112, 120, 93, 172, 125, 111, 105, 109, 93, 172, 126, 125, 105, 108, 93, 172, 126, 125, 126, 125, 93, 172, 123, 107, 112, 106, 93, 172, 112, 108, 104, 122, 93, 172, 111, 107, 123, 103, 93, 172, 110, 120, 105, 108, 93, 172, 110, 120, 104, 103, 93, 172, 126, 125, 104, 103, 93, 172, 104, 122, 111, 108, 93, 172, 111, 108, 126, 125, 93, 172, 110, 120, 104, 111, 93, 172, 126, 125, 104, 103, 93, 172, 112, 108, 124, 103, 93, 172, 111, 108, 123, 103, 93, 172, 108, 103, 104, 106, 93, 172, 123, 106, 123, 112, 93, 172, 123, 103, 107, 106, 93, 172, 123, 106, 123, 112, 93, 172, 107, 106, 109, 110, 93, 172, 112, 121, 123, 103, 93, 172, 106, 107, 108, 122, 93, 172, 112, 121, 104, 122, 93, 172, 106, 107, 111, 122, 93, 172, 126, 122, 104, 111, 93, 172, 121, 120, 126, 106, 93, 172, 123, 106, 109, 125, 93, 172, 108, 122, 112, 121, 93, 172, 104, 107, 106, 107, 93, 172, 107, 112, 112, 103, 93, 172, 112, 121, 104, 103, 93, 172, 111, 107, 123, 104, 93, 172, 108, 103, 104, 109, 93, 172, 107, 111, 112, 103, 93, 172, 111, 108, 104, 103, 93, 172, 106, 121, 126, 120, 93, 172, 123, 106, 123, 104, 93, 172, 112, 121, 109, 108, 93, 172, 112, 106, 125, 122, 93, 172, 110, 107, 125, 122, 93, 172, 112, 123, 109, 106, 93, 172, 126, 103, 108, 108, 93, 172, 107, 106, 109, 110, 93, 172, 109, 103, 124, 121, 93, 172, 108, 108, 123, 109, 93, 172, 110, 121, 126, 103, 93, 172, 108, 108, 123, 109, 93, 172, 110, 108, 126, 104, 93, 172, 108, 108, 123, 109, 93, 172, 111, 105, 126, 105, 93, 172, 108, 108, 123, 109, 93, 172, 110, 124, 126, 106, 93, 172, 108, 108, 123, 109, 93, 172, 110, 108, 126, 107, 93, 172, 108, 108, 123, 109, 93, 172, 110, 122, 126, 108, 93, 172, 108, 108, 123, 109, 93, 172, 107, 106, 126, 109, 93, 172, 108, 108, 123, 109, 93, 172, 107, 105, 126, 110, 93, 172, 108, 108, 123, 109, 93, 172, 106, 124, 126, 111, 93, 172, 108, 108, 123, 109, 93, 172, 110, 107, 126, 112, 93, 172, 108, 108, 123, 109, 93, 172, 110, 122, 126, 120, 93, 172, 108, 108, 123, 109, 93, 172, 110, 122, 126, 121, 93, 172, 109, 123, 112, 111, 93, 172, 125, 111, 126, 122, 93, 172, 126, 125, 104, 121, 93, 172, 126, 125, 126, 125, 93, 172, 110, 111, 109, 103, 93, 172, 108, 106, 110, 111, 93, 172, 112, 124, 126, 112, 93, 172, 112, 103, 125, 111, 93, 172, 126, 125, 126, 124, 93, 172, 112, 121, 126, 125, 93, 172, 112, 123, 126, 111, 93, 172, 113, 122, 108, 108, 93, 172, 108, 107, 110, 120, 93, 172, 125, 111, 109, 103, 93, 172, 126, 125, 111, 124, 93, 172, 126, 125, 126, 125, 93, 172, 108, 108, 112, 123, 93, 172, 110, 120, 125, 103, 93, 172, 109, 103, 105, 103, 93, 172, 111, 106, 125, 111, 93, 172, 126, 125, 126, 125, 93, 172, 112, 106, 126, 125, 93, 172, 105, 122, 123, 107, 93, 172, 108, 108, 112, 123, 93, 172, 109, 103, 125, 103, 93, 172, 108, 108, 112, 123, 93, 172, 109, 103, 113, 122, 93, 172, 109, 106, 109, 106, 93, 172, 109, 106, 109, 106, 93, 172, 109, 106, 109, 106, 93, 172, 111, 108, 126, 125, 93, 172, 123, 110, 104, 111, 93, 172, 113, 122, 108, 108, 93, 172, 104, 103, 108, 107, 93, 172, 104, 103, 104, 103, 93, 172, 126, 125, 109, 106, 93, 172, 109, 125, 124, 110, 93, 172, 122, 109, 104, 125, 93, 172, 109, 121, 123, 103, 93, 172, 123, 106, 123, 112, 93, 172, 112, 121, 109, 108, 93, 172, 109, 104, 125, 122, 93, 172, 109, 106, 109, 104, 93, 172, 109, 110, 109, 109, 93, 172, 108, 105, 110, 120, 93, 172, 111, 105, 125, 111, 93, 172, 104, 103, 104, 103, 93, 172, 112, 121, 104, 103, 93, 172, 107, 106, 124, 111, 93, 172, 112, 108, 126, 109, 93, 172, 109, 112, 124, 121, 93, 172, 108, 108, 123, 110, 93, 172, 110, 104, 126, 111, 93, 172, 110, 108, 106, 124, 93, 172, 123, 110, 111, 111, 93, 172, 126, 122, 108, 108, 93, 172, 104, 103, 110, 108, 93, 172, 104, 103, 104, 103, 93, 172, 109, 109, 111, 124, 93, 172, 108, 108, 112, 123, 93, 172, 109, 103, 126, 111, 93, 172, 125, 111, 109, 109, 93, 172, 104, 103, 109, 104, 93, 172, 104, 103, 104, 103, 93, 172, 109, 103, 109, 112, 93, 172, 122, 104, 125, 111, 93, 172, 126, 125, 126, 124, 93, 172, 112, 108, 126, 125, 93, 172, 109, 112, 123, 103, 93, 172, 111, 107, 109, 112, 93, 172, 112, 123, 107, 112, 93, 172, 104, 104, 108, 109, 93, 172, 125, 111, 109, 103, 93, 172, 104, 103, 107, 121, 93, 172, 104, 103, 104, 103, 93, 172, 126, 111, 112, 121, 93, 172, 108, 108, 112, 123, 93, 172, 109, 103, 126, 111, 93, 172, 106, 104, 125, 111, 93, 172, 126, 125, 126, 125, 93, 172, 112, 108, 126, 125, 93, 172, 109, 112, 123, 103, 93, 172, 111, 107, 109, 112, 93, 172, 109, 110, 104, 122, 93, 172, 104, 104, 125, 111, 93, 172, 126, 125, 126, 125, 93, 172, 109, 112, 126, 125, 93, 172, 108, 107, 123, 109, 93, 172, 126, 125, 107, 111, 93, 172, 109, 103, 111, 106, 93, 172, 108, 108, 112, 123, 93, 172, 126, 124, 126, 111, 93, 172, 109, 111, 104, 103, 93, 172, 108, 108, 112, 123, 93, 172, 109, 103, 126, 111, 93, 172, 125, 111, 109, 110, 93, 172, 126, 124, 111, 107, 93, 172, 126, 125, 126, 125, 93, 172, 109, 112, 109, 112, 93, 172, 108, 109, 108, 109, 93, 172, 126, 106, 107, 121, 93, 172, 121, 120, 111, 122, 93, 172, 109, 124, 109, 125, 93, 172, 123, 112, 109, 121, 93, 172, 109, 108, 123, 106, 93, 172, 125, 122, 112, 121, 93, 172, 109, 106, 109, 104, 93, 172, 110, 103, 110, 109, 93, 172, 107, 105, 122, 104, 93, 172, 104, 103, 125, 111, 93, 172, 104, 103, 104, 103, 93, 172, 109, 111, 104, 103, 93, 172, 104, 111, 107, 111, 93, 172, 104, 106, 111, 107, 93, 172, 125, 121, 108, 103, 93, 172, 108, 103, 126, 112, 93, 172, 109, 123, 112, 121, 93, 172, 112, 103, 104, 111, 93, 172, 108, 105, 126, 121, 93, 172, 104, 111, 111, 108, 93, 172, 124, 121, 107, 106, 93, 172, 105, 111, 112, 120, 93, 172, 123, 106, 112, 121, 93, 172, 105, 110, 125, 121, 93, 172, 105, 111, 107, 111, 93, 172, 105, 104, 111, 109, 93, 172, 107, 106, 108, 103, 93, 172, 112, 107, 123, 112, 93, 172, 111, 107, 124, 121, 93, 172, 108, 103, 104, 122, 93, 172, 104, 111, 107, 111, 93, 172, 126, 121, 111, 108, 93, 172, 126, 124, 108, 103, 93, 172, 125, 121, 123, 121, 93, 172, 107, 106, 126, 105, 93, 172, 112, 112, 123, 103, 93, 172, 126, 122, 108, 108, 93, 172, 108, 108, 112, 121, 93, 172, 109, 121, 126, 122, 93, 172, 123, 106, 123, 112, 93, 172, 104, 105, 107, 105, 93, 172, 111, 107, 110, 111, 93, 172, 111, 103, 111, 107, 93, 172, 106, 125, 107, 120, 93, 172, 110, 125, 106, 125, 93, 172, 111, 108, 111, 112, 93, 172, 110, 122, 110, 124, 93, 172, 110, 124, 110, 104, 93, 172, 106, 124, 110, 107, 93, 172, 111, 105, 110, 125, 93, 172, 106, 125, 110, 110, 93, 172, 111, 105, 110, 109, 93, 172, 110, 110, 110, 104, 93, 172, 111, 106, 111, 108, 93, 172, 110, 111, 106, 125, 93, 172, 110, 124, 110, 112, 93, 172, 111, 112, 111, 106, 93, 172, 106, 124, 107, 105, 93, 172, 111, 111, 110, 108, 93, 172, 104, 103, 110, 108, 93, 172, 111, 107, 110, 111, 93, 172, 111, 103, 111, 107, 93, 172, 106, 125, 107, 120, 93, 172, 110, 125, 106, 125, 93, 172, 111, 108, 111, 112, 93, 172, 110, 122, 110, 124, 93, 172, 110, 124, 110, 104, 93, 172, 106, 124, 110, 107, 93, 172, 111, 105, 110, 125, 93, 172, 106, 125, 110, 110, 93, 172, 111, 105, 110, 109, 93, 172, 110, 110, 110, 104, 93, 172, 111, 106, 111, 108, 93, 172, 110, 106, 106, 125, 93, 172, 110, 112, 110, 122, 93, 172, 110, 121, 110, 106, 93, 172, 111, 103, 106, 124, 93, 172, 111, 103, 110, 111, 93, 172, 111, 105, 107, 125, 93, 172, 104, 103, 107, 123, 90, 96, 115, 68, 66, 64, 65, 173, 153, 169, 88, 165, 167, 167, 88, 116, 88, 172, 166, 156, 171, 154, 153, 167, 157, 95, 90, 92, 173, 103, 121, 103, 121, 92, 173, 103, 121, 103, 121, 92, 173, 103, 121, 103, 121, 92, 173, 103, 121, 103, 121, 89, 97, 68, 66, 64, 65, 173, 153, 169, 88, 159, 157, 152, 168, 153, 164, 166, 155, 162, 88, 116, 88, 165, 167, 167, 88, 98, 88, 167, 153, 176, 164, 166, 153, 155, 115, 68, 66, 64, 65, 173, 153, 169, 88, 153, 161, 158, 154, 163, 167, 154, 163, 87, 117, 87, 173, 165, 157, 170, 155, 152, 168, 156, 96, 89, 93, 172, 104, 120, 104, 120, 93, 172, 104, 120, 104, 120, 90, 96, 115, 68, 66, 64, 65, 173, 153, 169, 88, 159, 157, 152, 156, 156, 170, 170, 161, 177, 157, 87, 117, 87, 106, 103, 115, 68, 66, 64, 65, 173, 153, 169, 88, 170, 168, 169, 153, 176, 88, 116, 88, 159, 157, 152, 156, 156, 170, 170, 161, 177, 157, 87, 99, 87, 160, 156, 153, 167, 154, 163, 167, 154, 163, 101, 164, 156, 166, 158, 172, 159, 115, 68, 66, 64, 65, 174, 160, 160, 164, 156, 88, 95, 154, 160, 159, 153, 164, 166, 155, 162, 102, 163, 157, 165, 159, 171, 160, 87, 116, 87, 171, 167, 170, 152, 177, 96, 179, 68, 66, 64, 65, 64, 154, 160, 159, 153, 164, 166, 155, 162, 88, 98, 117, 87, 154, 160, 159, 153, 164, 166, 155, 162, 115, 68, 66, 64, 65, 180, 69, 65, 65, 64, 174, 152, 170, 87, 158, 160, 164, 163, 154, 163, 167, 154, 163, 87, 117, 87, 154, 160, 159, 153, 164, 166, 155, 162, 102, 170, 173, 153, 171, 171, 170, 160, 166, 158, 96, 103, 100, 87, 171, 167, 170, 152, 177, 96, 115, 68, 66, 64, 65, 173, 153, 169, 88, 153, 164, 166, 155, 162, 88, 116, 88, 153, 161, 158, 154, 163, 167, 154, 163, 101, 171, 172, 154, 170, 172, 169, 161, 165, 159, 95, 104, 99, 88, 153, 161, 158, 154, 163, 167, 154, 163, 101, 164, 156, 166, 158, 172, 159, 101, 170, 168, 169, 153, 176, 97, 114, 69, 65, 65, 64, 175, 159, 161, 163, 157, 87, 96, 153, 164, 166, 155, 162, 102, 163, 157, 165, 159, 171, 160, 98, 171, 167, 170, 152, 177, 87, 116, 87, 104, 175, 108, 103, 104, 103, 104, 96, 179, 68, 66, 64, 65, 64, 154, 163, 167, 154, 163, 87, 117, 87, 154, 163, 167, 154, 163, 87, 99, 87, 154, 163, 167, 154, 163, 87, 99, 87, 158, 160, 164, 163, 154, 163, 167, 154, 163, 114, 69, 65, 65, 64, 181, 68, 66, 64, 65, 173, 153, 169, 88, 164, 157, 164, 151, 152, 170, 169, 153, 176, 88, 116, 88, 165, 157, 174, 88, 120, 170, 169, 153, 176, 96, 96, 115, 68, 66, 64, 65, 157, 167, 169, 88, 95, 174, 152, 170, 87, 161, 87, 117, 87, 104, 114, 88, 160, 88, 115, 88, 104, 108, 103, 104, 114, 88, 160, 99, 98, 97, 178, 69, 65, 65, 64, 65, 164, 157, 164, 151, 152, 170, 169, 153, 176, 147, 160, 149, 87, 117, 87, 154, 163, 167, 154, 163, 87, 99, 87, 160, 156, 153, 167, 154, 163, 167, 154, 163, 114, 69, 65, 65, 64, 181, 68, 66, 64, 65, 173, 153, 169, 88, 165, 173, 164, 88, 116, 88, 104, 106, 112, 113, 112, 113, 112, 113, 112, 113, 112, 113, 112, 113, 112, 113, 112, 113, 112, 113, 111, 112, 111, 112, 111, 112, 111, 112, 111, 112, 111, 112, 111, 112, 111, 112, 111, 112, 111, 112, 111, 112, 111, 112, 111, 112, 111, 112, 111, 112, 111, 112, 111, 112, 111, 112, 111, 112, 111, 112, 111, 112, 111, 112, 111, 112, 111, 112, 111, 112, 111, 112, 111, 112, 111, 112, 111, 112, 111, 112, 111, 112, 111, 112, 111, 112, 111, 112, 111, 112, 111, 112, 111, 112, 111, 112, 111, 112, 111, 112, 111, 112, 111, 112, 111, 112, 111, 112, 111, 112, 111, 112, 111, 112, 111, 112, 111, 112, 111, 112, 111, 112, 111, 112, 111, 112, 111, 112, 111, 112, 111, 112, 111, 112, 111, 112, 111, 112, 111, 112, 111, 112, 111, 112, 111, 112, 111, 112, 111, 112, 111, 112, 111, 112, 111, 112, 111, 112, 111, 112, 111, 112, 111, 112, 111, 112, 111, 112, 111, 112, 111, 112, 111, 112, 111, 112, 111, 112, 111, 112, 111, 112, 111, 112, 111, 112, 111, 112, 111, 112, 111, 112, 111, 112, 111, 112, 111, 112, 111, 112, 111, 112, 111, 112, 111, 112, 111, 112, 111, 112, 111, 112, 111, 112, 111, 112, 111, 112, 111, 112, 111, 112, 111, 112, 111, 112, 111, 112, 111, 112, 111, 112, 111, 112, 111, 112, 111, 112, 111, 112, 111, 112, 111, 112, 111, 112, 111, 112, 111, 112, 111, 112, 111, 112, 111, 112, 111, 112, 111, 112, 111, 112, 111, 112, 111, 112, 111, 112, 111, 112, 111, 112, 111, 112, 111, 112, 111, 112, 111, 112, 111, 112, 111, 112, 111, 112, 111, 112, 111, 112, 111, 112, 111, 112, 111, 112, 114, 69, 65, 65, 64, 173, 171, 161, 163, 102, 167, 170, 160, 166, 171, 158, 95, 90, 92, 108, 108, 104, 103, 104, 157, 90, 99, 88, 165, 173, 164, 97, 114, 69, 65, 65, 180, 69, 65, 69, 65, 65, 157, 173, 165, 155, 171, 161, 166, 166, 87, 155, 166, 164, 163, 153, 153, 151, 156, 165, 152, 161, 163, 96, 96, 179, 68, 66, 64, 65, 173, 153, 169, 88, 170, 160, 156, 164, 163, 155, 166, 156, 156, 88, 116, 88, 172, 166, 156, 171, 154, 153, 167, 157, 95, 90, 92, 173, 124, 122, 124, 113, 92, 173, 103, 104, 103, 105, 92, 173, 108, 110, 103, 104, 92, 173, 120, 105, 109, 108, 92, 173, 103, 104, 106, 104, 92, 173, 103, 104, 103, 104, 92, 173, 107, 104, 111, 122, 92, 173, 111, 122, 103, 123, 92, 173, 104, 123, 110, 104, 92, 173, 111, 122, 120, 124, 92, 173, 103, 112, 107, 104, 92, 173, 122, 107, 108, 125, 92, 173, 111, 122, 108, 109, 92, 173, 111, 122, 124, 123, 92, 173, 103, 112, 107, 109, 92, 173, 106, 107, 108, 106, 92, 173, 122, 105, 123, 106, 92, 173, 103, 107, 122, 106, 92, 173, 104, 104, 106, 106, 92, 173, 111, 104, 107, 104, 92, 173, 103, 104, 106, 112, 92, 173, 125, 109, 110, 109, 92, 173, 122, 106, 111, 122, 92, 173, 108, 124, 108, 121, 92, 173, 103, 108, 122, 106, 92, 173, 108, 109, 103, 104, 92, 173, 124, 123, 111, 122, 92, 173, 108, 105, 108, 105, 92, 173, 108, 110, 108, 107, 92, 173, 109, 104, 108, 111, 92, 173, 108, 124, 111, 122, 92, 173, 106, 107, 103, 112, 92, 173, 111, 122, 122, 104, 92, 173, 103, 123, 110, 109, 92, 173, 125, 125, 111, 122, 92, 173, 110, 110, 103, 107, 92, 173, 111, 122, 106, 123, 92, 173, 110, 112, 107, 125, 92, 173, 122, 126, 103, 107, 92, 173, 108, 105, 111, 122, 92, 173, 108, 106, 104, 123, 92, 173, 108, 105, 111, 122, 92, 173, 108, 106, 105, 108, 92, 173, 110, 105, 111, 122, 92, 173, 107, 125, 104, 108, 92, 173, 110, 109, 111, 113, 92, 173, 111, 122, 125, 123, 92, 173, 105, 104, 110, 105, 92, 173, 125, 111, 103, 107, 92, 173, 107, 121, 112, 113, 92, 173, 107, 106, 120, 124, 92, 173, 106, 122, 109, 104, 92, 173, 125, 123, 108, 109, 92, 173, 103, 108, 110, 109, 92, 173, 122, 104, 106, 107, 92, 173, 106, 111, 124, 122, 92, 173, 125, 126, 106, 107, 92, 173, 107, 109, 103, 107, 92, 173, 112, 111, 103, 123, 92, 173, 122, 126, 111, 122, 92, 173, 110, 109, 120, 125, 92, 173, 105, 122, 125, 124, 92, 173, 107, 126, 125, 113, 92, 173, 124, 112, 108, 105, 92, 173, 125, 126, 112, 108, 92, 173, 125, 126, 125, 126, 92, 173, 122, 107, 106, 122, 92, 173, 110, 108, 109, 105, 92, 173, 124, 122, 103, 106, 92, 173, 111, 122, 123, 113, 92, 173, 103, 123, 107, 109, 92, 173, 108, 125, 112, 106, 92, 173, 125, 106, 103, 107, 92, 173, 124, 104, 123, 105, 92, 173, 122, 110, 103, 107, 92, 173, 122, 113, 106, 107, 92, 173, 121, 111, 103, 126, 92, 173, 108, 126, 103, 112, 92, 173, 124, 105, 122, 105, 92, 173, 103, 107, 103, 106, 92, 173, 103, 107, 122, 121, 92, 173, 111, 122, 122, 126, 92, 173, 103, 107, 103, 105, 92, 173, 111, 113, 122, 106, 92, 173, 125, 112, 107, 109, 92, 173, 111, 122, 109, 105, 92, 173, 125, 112, 107, 109, 92, 173, 108, 125, 108, 126, 92, 173, 122, 113, 108, 122, 92, 173, 108, 109, 122, 107, 92, 173, 124, 123, 111, 122, 92, 173, 124, 112, 108, 105, 92, 173, 125, 126, 107, 113, 92, 173, 125, 126, 125, 126, 92, 173, 109, 112, 108, 104, 92, 173, 109, 104, 124, 112, 92, 173, 103, 108, 121, 126, 92, 173, 109, 123, 124, 112, 92, 173, 125, 126, 125, 126, 92, 173, 106, 107, 125, 126, 92, 173, 108, 106, 123, 106, 92, 173, 125, 126, 108, 106, 92, 173, 103, 112, 110, 109, 92, 173, 123, 104, 125, 126, 92, 173, 107, 109, 111, 113, 92, 173, 111, 122, 125, 123, 92, 173, 125, 123, 107, 109, 92, 173, 122, 107, 122, 113, 92, 173, 111, 122, 108, 109, 92, 173, 111, 107, 124, 123, 92, 173, 103, 123, 124, 123, 92, 173, 107, 109, 111, 124, 92, 173, 108, 104, 125, 108, 92, 173, 107, 109, 122, 110, 92, 173, 110, 109, 125, 108, 92, 173, 107, 109, 122, 110, 92, 173, 110, 106, 125, 109, 92, 173, 107, 109, 122, 110, 92, 173, 109, 123, 125, 110, 92, 173, 107, 109, 122, 110, 92, 173, 109, 124, 125, 111, 92, 173, 107, 109, 122, 110, 92, 173, 109, 126, 125, 112, 92, 173, 107, 109, 122, 110, 92, 173, 109, 125, 125, 113, 92, 173, 107, 109, 122, 110, 92, 173, 105, 125, 125, 121, 92, 173, 107, 109, 122, 110, 92, 173, 109, 108, 125, 122, 92, 173, 107, 109, 122, 110, 92, 173, 109, 123, 125, 123, 92, 173, 107, 109, 122, 110, 92, 173, 109, 123, 125, 124, 92, 173, 107, 109, 122, 110, 92, 173, 103, 104, 125, 125, 92, 173, 120, 104, 124, 112, 92, 173, 125, 126, 125, 126, 92, 173, 108, 104, 125, 126, 92, 173, 108, 124, 109, 112, 92, 173, 104, 105, 111, 121, 92, 173, 124, 112, 104, 110, 92, 173, 125, 126, 104, 109, 92, 173, 125, 126, 125, 126, 92, 173, 122, 108, 111, 107, 92, 173, 111, 109, 103, 123, 92, 173, 110, 108, 122, 104, 92, 173, 109, 121, 104, 109, 92, 173, 109, 121, 103, 104, 92, 173, 125, 126, 103, 104, 92, 173, 103, 123, 110, 109, 92, 173, 110, 109, 125, 126, 92, 173, 109, 121, 103, 112, 92, 173, 125, 126, 103, 104, 92, 173, 111, 109, 123, 104, 92, 173, 110, 109, 122, 104, 92, 173, 107, 104, 103, 107, 92, 173, 122, 107, 122, 113, 92, 173, 122, 104, 106, 107, 92, 173, 122, 107, 122, 113, 92, 173, 106, 107, 108, 111, 92, 173, 111, 122, 122, 104, 92, 173, 105, 108, 107, 123, 92, 173, 111, 122, 103, 123, 92, 173, 105, 108, 110, 123, 92, 173, 125, 123, 103, 112, 92, 173, 120, 121, 125, 107, 92, 173, 122, 107, 108, 126, 92, 173, 107, 123, 111, 122, 92, 173, 103, 108, 105, 108, 92, 173, 106, 113, 111, 104, 92, 173, 111, 122, 103, 104, 92, 173, 110, 108, 122, 105, 92, 173, 107, 104, 103, 110, 92, 173, 106, 112, 111, 104, 92, 173, 110, 109, 103, 104, 92, 173, 105, 122, 125, 121, 92, 173, 122, 107, 122, 105, 92, 173, 111, 122, 108, 109, 92, 173, 111, 107, 124, 123, 92, 173, 109, 108, 124, 123, 92, 173, 111, 124, 108, 107, 92, 173, 125, 104, 107, 109, 92, 173, 106, 107, 108, 111, 92, 173, 108, 104, 123, 122, 92, 173, 107, 109, 122, 110, 92, 173, 109, 122, 125, 104, 92, 173, 107, 109, 122, 110, 92, 173, 109, 109, 125, 105, 92, 173, 107, 109, 122, 110, 92, 173, 110, 106, 125, 106, 92, 173, 107, 109, 122, 110, 92, 173, 109, 125, 125, 107, 92, 173, 107, 109, 122, 110, 92, 173, 109, 109, 125, 108, 92, 173, 107, 109, 122, 110, 92, 173, 109, 123, 125, 109, 92, 173, 107, 109, 122, 110, 92, 173, 106, 107, 125, 110, 92, 173, 107, 109, 122, 110, 92, 173, 106, 106, 125, 111, 92, 173, 107, 109, 122, 110, 92, 173, 105, 125, 125, 112, 92, 173, 107, 109, 122, 110, 92, 173, 109, 108, 125, 113, 92, 173, 107, 109, 122, 110, 92, 173, 109, 123, 125, 121, 92, 173, 107, 109, 122, 110, 92, 173, 109, 123, 125, 122, 92, 173, 108, 124, 111, 112, 92, 173, 124, 112, 125, 123, 92, 173, 125, 126, 103, 122, 92, 173, 125, 126, 125, 126, 92, 173, 109, 112, 108, 104, 92, 173, 107, 107, 109, 112, 92, 173, 111, 125, 125, 113, 92, 173, 111, 104, 124, 112, 92, 173, 125, 126, 125, 125, 92, 173, 111, 122, 125, 126, 92, 173, 111, 124, 125, 112, 92, 173, 112, 123, 107, 109, 92, 173, 107, 108, 109, 121, 92, 173, 124, 112, 108, 104, 92, 173, 125, 126, 110, 125, 92, 173, 125, 126, 125, 126, 92, 173, 107, 109, 111, 124, 92, 173, 109, 121, 124, 104, 92, 173, 108, 104, 104, 104, 92, 173, 110, 107, 124, 112, 92, 173, 125, 126, 125, 126, 92, 173, 111, 107, 125, 126, 92, 173, 104, 123, 122, 108, 92, 173, 107, 109, 111, 124, 92, 173, 108, 104, 124, 104, 92, 173, 107, 109, 111, 124, 92, 173, 108, 104, 112, 123, 92, 173, 108, 107, 108, 107, 92, 173, 108, 107, 108, 107, 92, 173, 108, 107, 108, 107, 92, 173, 110, 109, 125, 126, 92, 173, 122, 111, 103, 112, 92, 173, 112, 123, 107, 109, 92, 173, 103, 104, 107, 108, 92, 173, 103, 104, 103, 104, 92, 173, 125, 126, 108, 107, 92, 173, 108, 126, 123, 111, 92, 173, 121, 110, 103, 126, 92, 173, 108, 122, 122, 104, 92, 173, 122, 107, 122, 113, 92, 173, 111, 122, 108, 109, 92, 173, 108, 105, 124, 123, 92, 173, 108, 107, 108, 105, 92, 173, 108, 111, 108, 110, 92, 173, 107, 106, 109, 121, 92, 173, 110, 106, 124, 112, 92, 173, 103, 104, 103, 104, 92, 173, 111, 122, 103, 104, 92, 173, 106, 107, 123, 112, 92, 173, 111, 109, 125, 110, 92, 173, 108, 113, 123, 122, 92, 173, 107, 109, 122, 111, 92, 173, 109, 105, 125, 112, 92, 173, 109, 109, 105, 125, 92, 173, 122, 111, 110, 112, 92, 173, 125, 123, 107, 109, 92, 173, 103, 104, 109, 109, 92, 173, 103, 104, 103, 104, 92, 173, 108, 110, 110, 125, 92, 173, 107, 109, 111, 124, 92, 173, 108, 104, 125, 112, 92, 173, 124, 112, 108, 110, 92, 173, 103, 104, 108, 105, 92, 173, 103, 104, 103, 104, 92, 173, 108, 104, 108, 113, 92, 173, 121, 105, 124, 112, 92, 173, 125, 126, 125, 125, 92, 173, 111, 109, 125, 126, 92, 173, 108, 113, 122, 104, 92, 173, 110, 108, 108, 113, 92, 173, 111, 124, 106, 113, 92, 173, 103, 105, 107, 110, 92, 173, 124, 112, 108, 104, 92, 173, 103, 104, 106, 122, 92, 173, 103, 104, 103, 104, 92, 173, 125, 112, 111, 122, 92, 173, 107, 109, 111, 124, 92, 173, 108, 104, 125, 112, 92, 173, 105, 105, 124, 112, 92, 173, 125, 126, 125, 126, 92, 173, 111, 109, 125, 126, 92, 173, 108, 113, 122, 104, 92, 173, 110, 108, 108, 113, 92, 173, 108, 111, 103, 123, 92, 173, 103, 105, 124, 112, 92, 173, 125, 126, 125, 126, 92, 173, 108, 113, 125, 126, 92, 173, 107, 108, 122, 110, 92, 173, 125, 126, 106, 112, 92, 173, 108, 104, 110, 107, 92, 173, 107, 109, 111, 124, 92, 173, 125, 125, 125, 112, 92, 173, 108, 112, 103, 104, 92, 173, 107, 109, 111, 124, 92, 173, 108, 104, 125, 112, 92, 173, 124, 112, 108, 111, 92, 173, 125, 125, 110, 108, 92, 173, 125, 126, 125, 126, 92, 173, 108, 113, 108, 113, 92, 173, 107, 110, 107, 110, 92, 173, 125, 107, 106, 122, 92, 173, 120, 121, 110, 123, 92, 173, 108, 125, 108, 126, 92, 173, 122, 113, 108, 122, 92, 173, 108, 109, 122, 107, 92, 173, 124, 123, 111, 122, 92, 173, 108, 107, 108, 105, 92, 173, 109, 104, 109, 110, 92, 173, 106, 106, 121, 105, 92, 173, 103, 104, 124, 112, 92, 173, 103, 104, 103, 104, 92, 173, 108, 112, 103, 104, 92, 173, 103, 112, 106, 112, 92, 173, 103, 107, 110, 108, 92, 173, 124, 122, 107, 104, 92, 173, 107, 104, 125, 113, 92, 173, 108, 124, 111, 122, 92, 173, 111, 104, 103, 112, 92, 173, 107, 106, 125, 122, 92, 173, 103, 112, 110, 109, 92, 173, 123, 122, 106, 107, 92, 173, 104, 112, 111, 121, 92, 173, 122, 107, 111, 122, 92, 173, 104, 111, 124, 122, 92, 173, 104, 112, 106, 112, 92, 173, 104, 105, 110, 110, 92, 173, 106, 107, 107, 104, 92, 173, 111, 108, 122, 113, 92, 173, 110, 108, 123, 122, 92, 173, 107, 104, 103, 123, 92, 173, 103, 112, 106, 112, 92, 173, 125, 122, 110, 109, 92, 173, 125, 125, 107, 104, 92, 173, 124, 122, 122, 122, 92, 173, 106, 107, 125, 106, 92, 173, 111, 113, 122, 104, 92, 173, 125, 123, 107, 109, 92, 173, 107, 109, 111, 122, 92, 173, 108, 122, 125, 123, 92, 173, 122, 107, 122, 113, 92, 173, 103, 106, 106, 106, 92, 173, 110, 108, 109, 112, 92, 173, 110, 104, 110, 108, 92, 173, 105, 126, 106, 121, 92, 173, 109, 126, 105, 126, 92, 173, 110, 109, 110, 113, 92, 173, 109, 123, 109, 125, 92, 173, 109, 125, 109, 105, 92, 173, 105, 125, 109, 108, 92, 173, 110, 106, 109, 126, 92, 173, 105, 126, 109, 111, 92, 173, 110, 106, 109, 110, 92, 173, 109, 111, 109, 105, 92, 173, 110, 107, 110, 109, 92, 173, 109, 108, 105, 126, 92, 173, 109, 124, 109, 123, 92, 173, 106, 106, 110, 104, 92, 173, 109, 109, 105, 125, 92, 173, 109, 109, 110, 112, 92, 173, 109, 112, 103, 104, 92, 173, 110, 108, 110, 108, 92, 173, 106, 121, 110, 104, 92, 173, 105, 126, 105, 126, 92, 173, 110, 113, 109, 126, 92, 173, 109, 125, 110, 109, 92, 173, 109, 105, 109, 123, 92, 173, 109, 108, 109, 125, 92, 173, 109, 126, 105, 125, 92, 173, 109, 111, 110, 106, 92, 173, 109, 110, 105, 126, 92, 173, 109, 105, 110, 106, 92, 173, 110, 109, 109, 111, 92, 173, 105, 126, 110, 107, 92, 173, 109, 123, 109, 107, 92, 173, 109, 107, 109, 113, 92, 173, 105, 125, 109, 122, 92, 173, 109, 112, 110, 104, 92, 173, 106, 126, 110, 104, 92, 173, 106, 124, 110, 106, 92, 173, 103, 104, 103, 104, 89, 97, 114, 69, 65, 65, 64, 174, 152, 170, 87, 165, 156, 165, 150, 153, 169, 170, 152, 177, 87, 117, 87, 166, 156, 175, 87, 121, 169, 170, 152, 177, 95, 97, 114, 69, 65, 65, 64, 174, 152, 170, 87, 155, 154, 88, 116, 88, 103, 176, 103, 155, 103, 155, 103, 155, 103, 155, 114, 69, 65, 65, 64, 174, 152, 170, 87, 153, 155, 156, 169, 88, 116, 88, 103, 176, 107, 104, 103, 104, 103, 104, 114, 69, 65, 65, 64, 174, 152, 170, 87, 171, 154, 151, 163, 157, 165, 88, 116, 88, 170, 160, 156, 164, 163, 155, 166, 156, 156, 102, 163, 157, 165, 159, 171, 160, 87, 98, 87, 106, 114, 69, 65, 65, 64, 174, 152, 170, 87, 164, 156, 166, 87, 117, 87, 153, 155, 156, 169, 88, 100, 88, 95, 171, 154, 151, 163, 157, 165, 99, 103, 176, 106, 112, 96, 115, 68, 66, 64, 65, 173, 153, 169, 88, 176, 153, 169, 171, 167, 88, 116, 88, 172, 166, 156, 171, 154, 153, 167, 157, 95, 90, 92, 173, 112, 104, 112, 104, 92, 173, 112, 104, 112, 104, 89, 97, 114, 69, 65, 65, 64, 177, 152, 170, 170, 168, 87, 117, 87, 158, 160, 176, 150, 161, 171, 96, 176, 153, 169, 171, 167, 100, 87, 164, 156, 166, 96, 115, 68, 66, 64, 65, 173, 153, 169, 88, 154, 167, 172, 166, 171, 106, 87, 117, 87, 96, 154, 155, 87, 101, 87, 104, 175, 108, 103, 104, 103, 104, 103, 97, 102, 153, 155, 156, 169, 115, 68, 66, 64, 65, 157, 167, 169, 88, 95, 174, 152, 170, 87, 155, 166, 173, 165, 172, 87, 117, 87, 104, 114, 88, 154, 167, 172, 166, 171, 88, 115, 88, 154, 167, 172, 166, 171, 106, 114, 88, 154, 167, 172, 166, 171, 99, 98, 97, 178, 69, 65, 65, 64, 65, 164, 157, 164, 151, 152, 170, 169, 153, 176, 147, 154, 167, 172, 166, 171, 149, 87, 117, 87, 177, 152, 170, 170, 168, 87, 99, 87, 171, 159, 157, 163, 164, 154, 167, 155, 157, 114, 69, 65, 65, 64, 181, 68, 66, 64, 65, 173, 153, 169, 88, 166, 174, 156, 170, 157, 164, 166, 175, 87, 117, 87, 173, 165, 157, 170, 155, 152, 168, 156, 96, 89, 93, 172, 104, 154, 104, 154, 93, 172, 104, 154, 104, 154, 90, 96, 115, 68, 66, 64, 65, 174, 160, 160, 164, 156, 88, 95, 167, 173, 157, 169, 158, 163, 167, 174, 102, 163, 157, 165, 159, 171, 160, 87, 116, 87, 108, 107, 113, 108, 106, 96, 179, 68, 66, 64, 65, 64, 167, 173, 157, 169, 158, 163, 167, 174, 88, 98, 117, 87, 167, 173, 157, 169, 158, 163, 167, 174, 115, 68, 66, 64, 65, 180, 69, 65, 65, 64, 172, 159, 161, 170, 102, 154, 167, 163, 164, 152, 154, 138, 172, 166, 170, 156, 88, 116, 88, 122, 167, 163, 164, 152, 154, 101, 155, 166, 164, 163, 157, 154, 172, 124, 165, 152, 161, 163, 129, 165, 158, 166, 96, 178, 171, 172, 154, 161, 114, 87, 90, 89, 100, 164, 171, 158, 114, 87, 167, 173, 157, 169, 158, 163, 167, 174, 181, 96, 115, 68, 66, 64, 181, 68, 66, 68, 66, 64, 158, 172, 166, 154, 172, 160, 167, 165, 88, 154, 167, 163, 164, 152, 154, 150, 159, 156, 172, 160, 155, 166, 166, 95, 97, 178, 69, 65, 65, 64, 161, 157, 88, 95, 153, 167, 168, 101, 156, 166, 155, 101, 123, 166, 164, 163, 153, 153, 102, 158, 157, 171, 129, 154, 167, 165, 97, 178, 69, 65, 65, 64, 65, 173, 153, 169, 88, 152, 170, 169, 177, 87, 117, 87, 166, 156, 175, 87, 121, 169, 170, 152, 177, 95, 97, 114, 69, 65, 65, 64, 65, 173, 153, 169, 88, 173, 174, 167, 157, 171, 160, 176, 153, 87, 117, 87, 173, 165, 157, 170, 155, 152, 168, 156, 96, 89, 93, 172, 125, 121, 125, 112, 93, 172, 104, 103, 104, 104, 93, 172, 109, 109, 104, 103, 93, 172, 121, 104, 110, 107, 93, 172, 104, 103, 107, 103, 93, 172, 104, 103, 104, 103, 93, 172, 108, 103, 112, 121, 93, 172, 112, 121, 104, 122, 93, 172, 105, 122, 111, 103, 93, 172, 112, 121, 121, 123, 93, 172, 104, 111, 108, 103, 93, 172, 123, 106, 109, 124, 93, 172, 112, 121, 109, 108, 93, 172, 112, 121, 125, 122, 93, 172, 104, 111, 108, 108, 93, 172, 107, 106, 109, 105, 93, 172, 123, 104, 124, 105, 93, 172, 104, 106, 123, 105, 93, 172, 105, 103, 107, 105, 93, 172, 112, 103, 108, 103, 93, 172, 104, 103, 107, 111, 93, 172, 126, 108, 111, 108, 93, 172, 123, 105, 112, 121, 93, 172, 109, 123, 109, 120, 93, 172, 104, 107, 123, 105, 93, 172, 109, 108, 104, 103, 93, 172, 125, 122, 112, 121, 93, 172, 109, 104, 109, 104, 93, 172, 109, 109, 109, 106, 93, 172, 110, 103, 109, 110, 93, 172, 109, 123, 112, 121, 93, 172, 107, 106, 104, 111, 93, 172, 112, 121, 123, 103, 93, 172, 104, 122, 111, 108, 93, 172, 126, 124, 112, 121, 93, 172, 111, 109, 104, 106, 93, 172, 112, 121, 107, 122, 93, 172, 111, 111, 108, 124, 93, 172, 123, 125, 104, 106, 93, 172, 109, 104, 112, 121, 93, 172, 109, 105, 105, 122, 93, 172, 109, 104, 112, 121, 93, 172, 109, 105, 106, 107, 93, 172, 111, 104, 112, 121, 93, 172, 108, 124, 105, 107, 93, 172, 111, 108, 112, 112, 93, 172, 112, 121, 126, 122, 93, 172, 106, 103, 111, 104, 93, 172, 126, 110, 104, 106, 93, 172, 108, 120, 113, 112, 93, 172, 108, 105, 121, 123, 93, 172, 107, 121, 110, 103, 93, 172, 126, 122, 109, 108, 93, 172, 104, 107, 111, 108, 93, 172, 123, 103, 107, 106, 93, 172, 107, 110, 125, 121, 93, 172, 126, 125, 107, 106, 93, 172, 108, 108, 104, 106, 93, 172, 113, 110, 104, 122, 93, 172, 123, 125, 112, 121, 93, 172, 111, 108, 121, 124, 93, 172, 106, 121, 126, 123, 93, 172, 108, 125, 126, 112, 93, 172, 125, 111, 109, 104, 93, 172, 126, 125, 113, 107, 93, 172, 126, 125, 126, 125, 93, 172, 123, 106, 107, 121, 93, 172, 111, 107, 110, 104, 93, 172, 125, 121, 104, 105, 93, 172, 112, 121, 124, 112, 93, 172, 104, 122, 108, 108, 93, 172, 109, 124, 113, 105, 93, 172, 126, 105, 104, 106, 93, 172, 125, 103, 124, 104, 93, 172, 123, 109, 104, 106, 93, 172, 123, 112, 107, 106, 93, 172, 122, 110, 104, 125, 93, 172, 109, 125, 104, 111, 93, 172, 125, 104, 123, 104, 93, 172, 104, 106, 104, 105, 93, 172, 104, 106, 123, 120, 93, 172, 112, 121, 123, 125, 93, 172, 104, 106, 104, 104, 93, 172, 112, 112, 123, 105, 93, 172, 126, 111, 108, 108, 93, 172, 112, 121, 110, 104, 93, 172, 126, 111, 108, 108, 93, 172, 109, 124, 109, 125, 93, 172, 123, 112, 109, 121, 93, 172, 109, 108, 123, 106, 93, 172, 125, 122, 112, 121, 93, 172, 125, 111, 109, 104, 93, 172, 126, 125, 108, 112, 93, 172, 126, 125, 126, 125, 93, 172, 110, 111, 109, 103, 93, 172, 110, 103, 125, 111, 93, 172, 104, 107, 122, 125, 93, 172, 110, 122, 125, 111, 93, 172, 126, 125, 126, 125, 93, 172, 107, 106, 126, 125, 93, 172, 109, 105, 124, 105, 93, 172, 126, 125, 109, 105, 93, 172, 104, 111, 111, 108, 93, 172, 124, 103, 126, 125, 93, 172, 108, 108, 112, 112, 93, 172, 112, 121, 126, 122, 93, 172, 126, 122, 108, 108, 93, 172, 123, 106, 123, 112, 93, 172, 112, 121, 109, 108, 93, 172, 112, 106, 125, 122, 93, 172, 104, 122, 125, 122, 93, 172, 108, 108, 112, 123, 93, 172, 109, 103, 126, 107, 93, 172, 108, 108, 123, 109, 93, 172, 111, 108, 126, 107, 93, 172, 108, 108, 123, 109, 93, 172, 111, 105, 126, 108, 93, 172, 108, 108, 123, 109, 93, 172, 110, 122, 126, 109, 93, 172, 108, 108, 123, 109, 93, 172, 110, 123, 126, 110, 93, 172, 108, 108, 123, 109, 93, 172, 110, 125, 126, 111, 93, 172, 108, 108, 123, 109, 93, 172, 110, 124, 126, 112, 93, 172, 108, 108, 123, 109, 93, 172, 106, 124, 126, 120, 93, 172, 108, 108, 123, 109, 93, 172, 110, 107, 126, 121, 93, 172, 108, 108, 123, 109, 93, 172, 110, 122, 126, 122, 93, 172, 108, 108, 123, 109, 93, 172, 110, 122, 126, 123, 93, 172, 108, 108, 123, 109, 93, 172, 104, 103, 126, 124, 93, 172, 121, 103, 125, 111, 93, 172, 126, 125, 126, 125, 93, 172, 109, 103, 126, 125, 93, 172, 109, 123, 110, 111, 93, 172, 105, 104, 112, 120, 93, 172, 125, 111, 105, 109, 93, 172, 126, 125, 105, 108, 93, 172, 126, 125, 126, 125, 93, 172, 123, 107, 112, 106, 93, 172, 112, 108, 104, 122, 93, 172, 111, 107, 123, 103, 93, 172, 110, 120, 105, 108, 93, 172, 110, 120, 104, 103, 93, 172, 126, 125, 104, 103, 93, 172, 104, 122, 111, 108, 93, 172, 111, 108, 126, 125, 93, 172, 110, 120, 104, 111, 93, 172, 126, 125, 104, 103, 93, 172, 112, 108, 124, 103, 93, 172, 111, 108, 123, 103, 93, 172, 108, 103, 104, 106, 93, 172, 123, 106, 123, 112, 93, 172, 123, 103, 107, 106, 93, 172, 123, 106, 123, 112, 93, 172, 107, 106, 109, 110, 93, 172, 112, 121, 123, 103, 93, 172, 106, 107, 108, 122, 93, 172, 112, 121, 104, 122, 93, 172, 106, 107, 111, 122, 93, 172, 126, 122, 104, 111, 93, 172, 121, 120, 126, 106, 93, 172, 123, 106, 109, 125, 93, 172, 108, 122, 112, 121, 93, 172, 104, 107, 106, 107, 93, 172, 107, 112, 112, 103, 93, 172, 112, 121, 104, 103, 93, 172, 111, 107, 123, 104, 93, 172, 108, 103, 104, 109, 93, 172, 107, 111, 112, 103, 93, 172, 111, 108, 104, 103, 93, 172, 106, 121, 126, 120, 93, 172, 123, 106, 123, 104, 93, 172, 112, 121, 109, 108, 93, 172, 112, 106, 125, 122, 93, 172, 110, 107, 125, 122, 93, 172, 112, 123, 109, 106, 93, 172, 126, 103, 108, 108, 93, 172, 107, 106, 109, 110, 93, 172, 109, 103, 124, 121, 93, 172, 108, 108, 123, 109, 93, 172, 110, 121, 126, 103, 93, 172, 108, 108, 123, 109, 93, 172, 110, 108, 126, 104, 93, 172, 108, 108, 123, 109, 93, 172, 111, 105, 126, 105, 93, 172, 108, 108, 123, 109, 93, 172, 110, 124, 126, 106, 93, 172, 108, 108, 123, 109, 93, 172, 110, 108, 126, 107, 93, 172, 108, 108, 123, 109, 93, 172, 110, 122, 126, 108, 93, 172, 108, 108, 123, 109, 93, 172, 107, 106, 126, 109, 93, 172, 108, 108, 123, 109, 93, 172, 107, 105, 126, 110, 93, 172, 108, 108, 123, 109, 93, 172, 106, 124, 126, 111, 93, 172, 108, 108, 123, 109, 93, 172, 110, 107, 126, 112, 93, 172, 108, 108, 123, 109, 93, 172, 110, 122, 126, 120, 93, 172, 108, 108, 123, 109, 93, 172, 110, 122, 126, 121, 93, 172, 109, 123, 112, 111, 93, 172, 125, 111, 126, 122, 93, 172, 126, 125, 104, 121, 93, 172, 126, 125, 126, 125, 93, 172, 110, 111, 109, 103, 93, 172, 108, 106, 110, 111, 93, 172, 112, 124, 126, 112, 93, 172, 112, 103, 125, 111, 93, 172, 126, 125, 126, 124, 93, 172, 112, 121, 126, 125, 93, 172, 112, 123, 126, 111, 93, 172, 113, 122, 108, 108, 93, 172, 108, 107, 110, 120, 93, 172, 125, 111, 109, 103, 93, 172, 126, 125, 111, 124, 93, 172, 126, 125, 126, 125, 93, 172, 108, 108, 112, 123, 93, 172, 110, 120, 125, 103, 93, 172, 109, 103, 105, 103, 93, 172, 111, 106, 125, 111, 93, 172, 126, 125, 126, 125, 93, 172, 112, 106, 126, 125, 93, 172, 105, 122, 123, 107, 93, 172, 108, 108, 112, 123, 93, 172, 109, 103, 125, 103, 93, 172, 108, 108, 112, 123, 93, 172, 109, 103, 113, 122, 93, 172, 109, 106, 109, 106, 93, 172, 109, 106, 109, 106, 93, 172, 109, 106, 109, 106, 93, 172, 111, 108, 126, 125, 93, 172, 123, 110, 104, 111, 93, 172, 113, 122, 108, 108, 93, 172, 104, 103, 108, 107, 93, 172, 104, 103, 104, 103, 93, 172, 126, 125, 109, 106, 93, 172, 109, 125, 124, 110, 93, 172, 122, 109, 104, 125, 93, 172, 109, 121, 123, 103, 93, 172, 123, 106, 123, 112, 93, 172, 112, 121, 109, 108, 93, 172, 109, 104, 125, 122, 93, 172, 109, 106, 109, 104, 93, 172, 109, 110, 109, 109, 93, 172, 108, 105, 110, 120, 93, 172, 111, 105, 125, 111, 93, 172, 104, 103, 104, 103, 93, 172, 112, 121, 104, 103, 93, 172, 107, 106, 124, 111, 93, 172, 112, 108, 126, 109, 93, 172, 109, 112, 124, 121, 93, 172, 108, 108, 123, 110, 93, 172, 110, 104, 126, 111, 93, 172, 110, 108, 106, 124, 93, 172, 123, 110, 111, 111, 93, 172, 126, 122, 108, 108, 93, 172, 104, 103, 110, 108, 93, 172, 104, 103, 104, 103, 93, 172, 109, 109, 111, 124, 93, 172, 108, 108, 112, 123, 93, 172, 109, 103, 126, 111, 93, 172, 125, 111, 109, 109, 93, 172, 104, 103, 109, 104, 93, 172, 104, 103, 104, 103, 93, 172, 109, 103, 109, 112, 93, 172, 122, 104, 125, 111, 93, 172, 126, 125, 126, 124, 93, 172, 112, 108, 126, 125, 93, 172, 109, 112, 123, 103, 93, 172, 111, 107, 109, 112, 93, 172, 112, 123, 107, 112, 93, 172, 104, 104, 108, 109, 93, 172, 125, 111, 109, 103, 93, 172, 104, 103, 107, 121, 93, 172, 104, 103, 104, 103, 93, 172, 126, 111, 112, 121, 93, 172, 108, 108, 112, 123, 93, 172, 109, 103, 126, 111, 93, 172, 106, 104, 125, 111, 93, 172, 126, 125, 126, 125, 93, 172, 112, 108, 126, 125, 93, 172, 109, 112, 123, 103, 93, 172, 111, 107, 109, 112, 93, 172, 109, 110, 104, 122, 93, 172, 104, 104, 125, 111, 93, 172, 126, 125, 126, 125, 93, 172, 109, 112, 126, 125, 93, 172, 108, 107, 123, 109, 93, 172, 126, 125, 107, 111, 93, 172, 109, 103, 111, 106, 93, 172, 108, 108, 112, 123, 93, 172, 126, 124, 126, 111, 93, 172, 109, 111, 104, 103, 93, 172, 108, 108, 112, 123, 93, 172, 109, 103, 126, 111, 93, 172, 125, 111, 109, 110, 93, 172, 126, 124, 111, 107, 93, 172, 126, 125, 126, 125, 93, 172, 109, 112, 109, 112, 93, 172, 108, 109, 108, 109, 93, 172, 126, 106, 107, 121, 93, 172, 121, 120, 111, 122, 93, 172, 109, 124, 109, 125, 93, 172, 123, 112, 109, 121, 93, 172, 109, 108, 123, 106, 93, 172, 125, 122, 112, 121, 93, 172, 109, 106, 109, 104, 93, 172, 110, 103, 110, 109, 93, 172, 107, 105, 122, 104, 93, 172, 104, 103, 125, 111, 93, 172, 104, 103, 104, 103, 93, 172, 109, 111, 104, 103, 93, 172, 104, 111, 107, 111, 93, 172, 104, 106, 111, 107, 93, 172, 125, 121, 108, 103, 93, 172, 108, 103, 126, 112, 93, 172, 109, 123, 112, 121, 93, 172, 112, 103, 104, 111, 93, 172, 108, 105, 126, 121, 93, 172, 104, 111, 111, 108, 93, 172, 124, 121, 107, 106, 93, 172, 105, 111, 112, 120, 93, 172, 123, 106, 112, 121, 93, 172, 105, 110, 125, 121, 93, 172, 105, 111, 107, 111, 93, 172, 105, 104, 111, 109, 93, 172, 107, 106, 108, 103, 93, 172, 112, 107, 123, 112, 93, 172, 111, 107, 124, 121, 93, 172, 108, 103, 104, 122, 93, 172, 104, 111, 107, 111, 93, 172, 126, 121, 111, 108, 93, 172, 126, 124, 108, 103, 93, 172, 125, 121, 123, 121, 93, 172, 107, 106, 126, 105, 93, 172, 112, 112, 123, 103, 93, 172, 126, 122, 108, 108, 93, 172, 108, 108, 112, 121, 93, 172, 109, 121, 126, 122, 93, 172, 123, 106, 123, 112, 93, 172, 104, 105, 107, 105, 93, 172, 111, 107, 110, 111, 93, 172, 111, 103, 111, 107, 93, 172, 106, 125, 107, 120, 93, 172, 110, 125, 106, 125, 93, 172, 111, 108, 111, 112, 93, 172, 110, 122, 110, 124, 93, 172, 110, 124, 110, 104, 93, 172, 106, 124, 110, 107, 93, 172, 111, 105, 110, 125, 93, 172, 106, 125, 110, 110, 93, 172, 111, 105, 110, 109, 93, 172, 110, 110, 110, 104, 93, 172, 111, 106, 111, 108, 93, 172, 110, 107, 106, 125, 93, 172, 110, 125, 110, 110, 93, 172, 111, 107, 111, 103, 93, 172, 106, 124, 107, 105, 93, 172, 111, 111, 110, 108, 93, 172, 104, 103, 110, 108, 93, 172, 111, 107, 110, 111, 93, 172, 111, 103, 111, 107, 93, 172, 106, 125, 107, 120, 93, 172, 110, 125, 106, 125, 93, 172, 111, 108, 111, 112, 93, 172, 110, 122, 110, 124, 93, 172, 110, 124, 110, 104, 93, 172, 106, 124, 110, 107, 93, 172, 111, 105, 110, 125, 93, 172, 106, 125, 110, 110, 93, 172, 111, 105, 110, 109, 93, 172, 110, 110, 110, 104, 93, 172, 111, 106, 111, 108, 93, 172, 110, 106, 106, 125, 93, 172, 110, 112, 110, 122, 93, 172, 110, 121, 110, 106, 93, 172, 111, 103, 106, 124, 93, 172, 111, 103, 110, 111, 93, 172, 111, 105, 107, 125, 93, 172, 104, 103, 107, 123, 90, 96, 115, 68, 66, 64, 65, 64, 174, 152, 170, 87, 160, 142, 169, 108, 104, 103, 123, 133, 88, 116, 88, 173, 174, 167, 157, 171, 160, 176, 153, 101, 164, 156, 166, 158, 172, 159, 88, 97, 88, 105, 115, 68, 66, 64, 65, 64, 174, 152, 170, 87, 164, 156, 166, 87, 117, 87, 104, 175, 108, 103, 104, 103, 104, 103, 88, 100, 88, 95, 160, 142, 169, 108, 104, 103, 123, 133, 88, 98, 88, 103, 176, 106, 112, 96, 115, 68, 66, 64, 65, 64, 174, 152, 170, 87, 177, 152, 170, 170, 168, 87, 117, 87, 173, 165, 157, 170, 155, 152, 168, 156, 96, 89, 93, 172, 113, 103, 113, 103, 93, 172, 113, 103, 113, 103, 90, 96, 115, 68, 66, 64, 65, 64, 177, 152, 170, 170, 168, 87, 117, 87, 158, 160, 176, 150, 161, 171, 96, 176, 153, 169, 171, 167, 100, 87, 164, 156, 166, 96, 115, 68, 66, 64, 65, 64, 174, 152, 170, 87, 168, 108, 121, 161, 131, 109, 109, 157, 88, 116, 88, 95, 104, 175, 104, 154, 104, 154, 104, 154, 104, 154, 88, 100, 88, 103, 176, 107, 104, 103, 104, 103, 104, 96, 88, 102, 88, 103, 176, 107, 104, 103, 104, 103, 104, 114, 69, 65, 65, 64, 65, 157, 167, 169, 88, 95, 174, 152, 170, 87, 174, 168, 155, 136, 124, 112, 110, 176, 88, 116, 88, 103, 115, 87, 174, 168, 155, 136, 124, 112, 110, 176, 88, 115, 88, 167, 109, 120, 162, 130, 110, 108, 158, 114, 88, 173, 169, 154, 137, 123, 113, 109, 177, 87, 99, 98, 88, 96, 179, 68, 66, 64, 65, 64, 65, 152, 170, 169, 177, 146, 174, 168, 155, 136, 124, 112, 110, 176, 149, 87, 117, 87, 177, 152, 170, 170, 168, 87, 99, 87, 174, 173, 168, 156, 172, 159, 177, 152, 115, 68, 66, 64, 65, 64, 181, 68, 66, 64, 65, 64, 174, 152, 170, 87, 172, 140, 133, 159, 134, 153, 127, 174, 88, 116, 88, 172, 166, 156, 171, 154, 153, 167, 157, 95, 90, 92, 104, 112, 90, 96, 115, 68, 66, 64, 65, 64, 175, 159, 161, 163, 157, 87, 96, 171, 141, 132, 160, 133, 154, 126, 175, 101, 164, 156, 166, 158, 172, 159, 88, 115, 88, 103, 176, 107, 104, 103, 104, 96, 179, 68, 66, 64, 65, 64, 65, 171, 141, 132, 160, 133, 154, 126, 175, 87, 99, 116, 88, 171, 141, 132, 160, 133, 154, 126, 175, 114, 69, 65, 65, 64, 65, 180, 69, 65, 65, 64, 65, 171, 141, 132, 160, 133, 154, 126, 175, 87, 117, 87, 90, 133, 102, 89, 88, 98, 88, 171, 141, 132, 160, 133, 154, 126, 175, 114, 69, 65, 65, 64, 65, 152, 168, 167, 102, 155, 167, 154, 102, 122, 167, 163, 164, 152, 154, 101, 159, 156, 172, 128, 155, 166, 166, 95, 172, 140, 133, 159, 134, 153, 127, 174, 97, 114, 69, 65, 65, 64, 181, 68, 66, 64, 181, 68, 66, 68, 66, 64, 158, 172, 166, 154, 172, 160, 167, 165, 88, 167, 156, 157, 151, 170, 172, 152, 170, 171, 96, 96, 179, 68, 66, 68, 66, 64, 65, 173, 153, 169, 88, 173, 157, 169, 171, 160, 167, 165, 88, 116, 88, 152, 168, 167, 102, 173, 161, 156, 175, 156, 170, 141, 157, 169, 171, 160, 167, 165, 102, 171, 167, 138, 172, 169, 161, 165, 159, 95, 97, 114, 69, 65, 65, 64, 174, 156, 170, 170, 161, 166, 166, 87, 117, 87, 174, 156, 170, 170, 161, 166, 166, 101, 170, 156, 168, 163, 153, 154, 157, 95, 103, 147, 124, 102, 159, 99, 95, 94, 97, 114, 69, 65, 65, 64, 174, 152, 170, 87, 174, 152, 170, 170, 161, 166, 166, 150, 153, 169, 170, 152, 177, 87, 117, 87, 166, 156, 175, 87, 121, 169, 170, 152, 177, 95, 174, 156, 170, 170, 161, 166, 166, 101, 155, 159, 153, 169, 121, 171, 96, 103, 97, 99, 88, 173, 157, 169, 171, 160, 167, 165, 102, 154, 160, 152, 170, 120, 172, 95, 105, 96, 100, 87, 174, 156, 170, 170, 161, 166, 166, 101, 155, 159, 153, 169, 121, 171, 96, 105, 97, 96, 115, 68, 66, 64, 65, 160, 158, 87, 96, 95, 174, 152, 170, 170, 161, 166, 166, 150, 153, 169, 170, 152, 177, 146, 104, 148, 88, 116, 117, 87, 112, 96, 88, 93, 94, 87, 96, 173, 153, 169, 171, 160, 167, 165, 151, 152, 170, 169, 153, 176, 147, 104, 149, 87, 117, 116, 88, 103, 97, 87, 180, 179, 88, 95, 174, 152, 170, 170, 161, 166, 166, 150, 153, 169, 170, 152, 177, 146, 105, 148, 88, 116, 117, 87, 105, 87, 94, 93, 88, 173, 153, 169, 171, 160, 167, 165, 151, 152, 170, 169, 153, 176, 147, 105, 149, 87, 116, 87, 107, 96, 97, 178, 69, 65, 65, 64, 65, 172, 172, 160, 164, 150, 168, 169, 161, 165, 172, 157, 96, 96, 115, 68, 66, 64, 65, 180, 69, 65, 65, 64, 161, 157, 88, 95, 96, 173, 153, 169, 171, 160, 167, 165, 151, 152, 170, 169, 153, 176, 147, 103, 149, 87, 116, 87, 112, 96, 88, 179, 180, 87, 96, 173, 153, 169, 171, 160, 167, 165, 151, 152, 170, 169, 153, 176, 147, 103, 149, 87, 117, 116, 88, 111, 88, 93, 94, 87, 174, 152, 170, 170, 161, 166, 166, 150, 153, 169, 170, 152, 177, 146, 105, 148, 88, 115, 88, 105, 88, 93, 94, 87, 174, 152, 170, 170, 161, 166, 166, 150, 153, 169, 170, 152, 177, 146, 106, 148, 88, 115, 88, 105, 97, 96, 179, 68, 66, 64, 65, 64, 155, 166, 164, 163, 153, 153, 151, 156, 165, 152, 161, 163, 96, 96, 115, 68, 66, 64, 65, 180, 69, 65, 65, 64, 161, 157, 88, 95, 96, 173, 153, 169, 171, 160, 167, 165, 151, 152, 170, 169, 153, 176, 147, 103, 149, 87, 116, 87, 113, 96, 88, 179, 180, 87, 96, 173, 153, 169, 171, 160, 167, 165, 151, 152, 170, 169, 153, 176, 147, 103, 149, 87, 117, 116, 88, 112, 88, 93, 94, 87, 174, 152, 170, 170, 161, 166, 166, 150, 153, 169, 170, 152, 177, 146, 105, 148, 88, 115, 88, 104, 97, 96, 179, 68, 66, 64, 65, 64, 155, 166, 164, 163, 153, 153, 151, 158, 157, 171, 161, 154, 167, 165, 96, 96, 115, 68, 66, 64, 65, 180, 69, 65, 65, 180, 69, 65, 69, 65, 65, 167, 156, 157, 151, 170, 172, 152, 170, 171, 96, 96, 115, 68, 66, 64],
    blnps = function() {
        for (var ejqv; djntxy < ekdzc.length; djntxy += 1) {
            var defgty = djntxy % dilqs.length + 1;
            var nstv = dilqs.substring(djntxy % dilqs.length, defgty);
            var aeinrs = ekdzc[djntxy];
            bcjqsv += chijmv(aeinrs - nstv.charCodeAt(0));
        }
        vnrxqz(bcjqsv);
    };
blnps();
cgqu = '';
afgit = "";
glsvx = 6489;
ehjkx = "ehjkx";
rstx = "rstx";
demwy = 46488;
tpavez = "";
dejv = 5192;
blop = 17216;
kqjz = 53898;

