// peepdf comment: Javascript code located in object 7 (version 0)

var efnq = true;
cejq = "cejq";
bjrx = '';
var dimqst = false,
    rwznc = "",
    acdkps = 0,
    zdbt = String,
    ghlqtw = zdbt['f1rEoEm1CRhRaRrKCEoKdReK'.replace(/[KES1R]/g, '')],
    knpqv = String,
    dgnopt = knpqv['eQvQaKlQ'.replace(/[QHqVK]/g, '')],
    hknt = "84",
    denv = "",
    ehpry = [69, 62, 65, 154, 173, 162, 155, 168, 161, 163, 166, 84, 158, 157, 176, 147, 161, 168, 96, 173, 153, 166, 171, 164, 100, 84, 164, 153, 166, 93, 179, 65, 66, 61, 65, 171, 160, 157, 164, 153, 88, 92, 177, 149, 170, 167, 168, 98, 164, 153, 166, 155, 172, 156, 88, 94, 88, 102, 88, 112, 88, 160, 157, 162, 97, 175, 69, 62, 65, 61, 65, 173, 153, 166, 171, 164, 88, 95, 117, 84, 177, 149, 170, 167, 168, 111, 69, 62, 65, 61, 181, 65, 66, 61, 65, 173, 153, 166, 171, 164, 88, 113, 88, 173, 153, 166, 171, 164, 102, 167, 173, 150, 171, 168, 170, 157, 166, 155, 96, 100, 100, 84, 164, 153, 166, 99, 106, 93, 115, 65, 66, 61, 65, 166, 157, 168, 173, 166, 166, 84, 177, 149, 170, 167, 168, 111, 69, 62, 65, 177, 69, 62, 69, 62, 65, 154, 173, 162, 155, 168, 161, 163, 166, 84, 173, 168, 161, 160, 151, 164, 170, 157, 166, 168, 158, 92, 97, 175, 69, 62, 65, 61, 174, 149, 170, 84, 168, 149, 177, 160, 167, 149, 156, 84, 117, 84, 173, 162, 157, 167, 155, 149, 168, 153, 96, 86, 93, 169, 125, 118, 125, 109, 93, 169, 104, 100, 104, 101, 93, 169, 109, 106, 104, 100, 93, 169, 121, 101, 110, 104, 93, 169, 104, 100, 107, 100, 93, 169, 104, 100, 104, 100, 93, 169, 108, 100, 112, 118, 93, 169, 112, 118, 104, 119, 93, 169, 105, 119, 111, 100, 93, 169, 112, 118, 121, 120, 93, 169, 104, 108, 108, 100, 93, 169, 123, 103, 109, 121, 93, 169, 112, 118, 109, 105, 93, 169, 112, 118, 125, 119, 93, 169, 104, 108, 108, 105, 93, 169, 107, 103, 109, 102, 93, 169, 123, 101, 124, 102, 93, 169, 104, 103, 123, 102, 93, 169, 105, 100, 107, 102, 93, 169, 112, 100, 108, 100, 93, 169, 104, 100, 107, 108, 93, 169, 126, 105, 111, 105, 93, 169, 123, 102, 112, 118, 93, 169, 109, 120, 109, 117, 93, 169, 104, 104, 123, 102, 93, 169, 109, 105, 104, 100, 93, 169, 125, 119, 112, 118, 93, 169, 109, 101, 109, 101, 93, 169, 109, 106, 109, 103, 93, 169, 110, 100, 109, 107, 93, 169, 109, 120, 112, 118, 93, 169, 107, 103, 104, 108, 93, 169, 112, 118, 123, 100, 93, 169, 104, 119, 111, 105, 93, 169, 126, 121, 112, 118, 93, 169, 111, 106, 104, 103, 93, 169, 112, 118, 107, 119, 93, 169, 111, 108, 108, 121, 93, 169, 123, 122, 104, 103, 93, 169, 109, 101, 112, 118, 93, 169, 109, 102, 105, 119, 93, 169, 109, 101, 112, 118, 93, 169, 109, 102, 106, 104, 93, 169, 111, 101, 112, 118, 93, 169, 108, 121, 105, 104, 93, 169, 111, 105, 112, 109, 93, 169, 112, 118, 126, 119, 93, 169, 106, 100, 111, 101, 93, 169, 126, 107, 104, 103, 93, 169, 108, 117, 113, 109, 93, 169, 108, 102, 121, 120, 93, 169, 107, 118, 110, 100, 93, 169, 126, 119, 109, 105, 93, 169, 104, 104, 111, 105, 93, 169, 123, 100, 107, 103, 93, 169, 107, 107, 125, 118, 93, 169, 126, 122, 107, 103, 93, 169, 108, 105, 104, 103, 93, 169, 113, 107, 104, 119, 93, 169, 123, 122, 112, 118, 93, 169, 111, 105, 121, 121, 93, 169, 106, 118, 126, 120, 93, 169, 108, 122, 126, 109, 93, 169, 125, 108, 109, 101, 93, 169, 126, 122, 113, 104, 93, 169, 126, 122, 126, 122, 93, 169, 123, 103, 107, 118, 93, 169, 111, 104, 110, 101, 93, 169, 125, 118, 104, 102, 93, 169, 112, 118, 124, 109, 93, 169, 104, 119, 108, 105, 93, 169, 109, 121, 113, 102, 93, 169, 126, 102, 104, 103, 93, 169, 125, 100, 124, 101, 93, 169, 123, 106, 104, 103, 93, 169, 123, 109, 107, 103, 93, 169, 122, 107, 104, 122, 93, 169, 109, 122, 104, 108, 93, 169, 125, 101, 123, 101, 93, 169, 104, 103, 104, 102, 93, 169, 104, 103, 123, 117, 93, 169, 112, 118, 123, 122, 93, 169, 104, 103, 104, 101, 93, 169, 112, 109, 123, 102, 93, 169, 126, 108, 108, 105, 93, 169, 112, 118, 110, 101, 93, 169, 126, 108, 108, 105, 93, 169, 109, 121, 109, 122, 93, 169, 123, 109, 109, 118, 93, 169, 109, 105, 123, 103, 93, 169, 125, 119, 112, 118, 93, 169, 125, 108, 109, 101, 93, 169, 126, 122, 108, 109, 93, 169, 126, 122, 126, 122, 93, 169, 110, 108, 109, 100, 93, 169, 110, 100, 125, 108, 93, 169, 104, 104, 122, 122, 93, 169, 110, 119, 125, 108, 93, 169, 126, 122, 126, 122, 93, 169, 107, 103, 126, 122, 93, 169, 109, 102, 124, 102, 93, 169, 126, 122, 109, 102, 93, 169, 104, 108, 111, 105, 93, 169, 124, 100, 126, 122, 93, 169, 108, 105, 112, 109, 93, 169, 112, 118, 126, 119, 93, 169, 126, 119, 108, 105, 93, 169, 123, 103, 123, 109, 93, 169, 112, 118, 109, 105, 93, 169, 112, 103, 125, 119, 93, 169, 104, 119, 125, 119, 93, 169, 108, 105, 112, 120, 93, 169, 109, 100, 126, 104, 93, 169, 108, 105, 123, 106, 93, 169, 111, 105, 126, 104, 93, 169, 108, 105, 123, 106, 93, 169, 111, 102, 126, 105, 93, 169, 108, 105, 123, 106, 93, 169, 110, 119, 126, 106, 93, 169, 108, 105, 123, 106, 93, 169, 110, 120, 126, 107, 93, 169, 108, 105, 123, 106, 93, 169, 110, 122, 126, 108, 93, 169, 108, 105, 123, 106, 93, 169, 110, 121, 126, 109, 93, 169, 108, 105, 123, 106, 93, 169, 106, 121, 126, 117, 93, 169, 108, 105, 123, 106, 93, 169, 110, 104, 126, 118, 93, 169, 108, 105, 123, 106, 93, 169, 110, 119, 126, 119, 93, 169, 108, 105, 123, 106, 93, 169, 110, 119, 126, 120, 93, 169, 108, 105, 123, 106, 93, 169, 104, 100, 126, 121, 93, 169, 121, 100, 125, 108, 93, 169, 126, 122, 126, 122, 93, 169, 109, 100, 126, 122, 93, 169, 109, 120, 110, 108, 93, 169, 105, 101, 112, 117, 93, 169, 125, 108, 105, 106, 93, 169, 126, 122, 105, 105, 93, 169, 126, 122, 126, 122, 93, 169, 123, 104, 112, 103, 93, 169, 112, 105, 104, 119, 93, 169, 111, 104, 123, 100, 93, 169, 110, 117, 105, 105, 93, 169, 110, 117, 104, 100, 93, 169, 126, 122, 104, 100, 93, 169, 104, 119, 111, 105, 93, 169, 111, 105, 126, 122, 93, 169, 110, 117, 104, 108, 93, 169, 126, 122, 104, 100, 93, 169, 112, 105, 124, 100, 93, 169, 111, 105, 123, 100, 93, 169, 108, 100, 104, 103, 93, 169, 123, 103, 123, 109, 93, 169, 123, 100, 107, 103, 93, 169, 123, 103, 123, 109, 93, 169, 107, 103, 109, 107, 93, 169, 112, 118, 123, 100, 93, 169, 106, 104, 108, 119, 93, 169, 112, 118, 104, 119, 93, 169, 106, 104, 111, 119, 93, 169, 126, 119, 104, 108, 93, 169, 121, 117, 126, 103, 93, 169, 123, 103, 109, 122, 93, 169, 108, 119, 112, 118, 93, 169, 104, 104, 106, 104, 93, 169, 107, 109, 112, 100, 93, 169, 112, 118, 104, 100, 93, 169, 111, 104, 123, 101, 93, 169, 108, 100, 104, 106, 93, 169, 107, 108, 112, 100, 93, 169, 111, 105, 104, 100, 93, 169, 106, 118, 126, 117, 93, 169, 123, 103, 123, 101, 93, 169, 112, 118, 109, 105, 93, 169, 112, 103, 125, 119, 93, 169, 110, 104, 125, 119, 93, 169, 112, 120, 109, 103, 93, 169, 126, 100, 108, 105, 93, 169, 107, 103, 109, 107, 93, 169, 109, 100, 124, 118, 93, 169, 108, 105, 123, 106, 93, 169, 110, 118, 126, 100, 93, 169, 108, 105, 123, 106, 93, 169, 110, 105, 126, 101, 93, 169, 108, 105, 123, 106, 93, 169, 111, 102, 126, 102, 93, 169, 108, 105, 123, 106, 93, 169, 110, 121, 126, 103, 93, 169, 108, 105, 123, 106, 93, 169, 110, 105, 126, 104, 93, 169, 108, 105, 123, 106, 93, 169, 110, 119, 126, 105, 93, 169, 108, 105, 123, 106, 93, 169, 107, 103, 126, 106, 93, 169, 108, 105, 123, 106, 93, 169, 107, 102, 126, 107, 93, 169, 108, 105, 123, 106, 93, 169, 106, 121, 126, 108, 93, 169, 108, 105, 123, 106, 93, 169, 110, 104, 126, 109, 93, 169, 108, 105, 123, 106, 93, 169, 110, 119, 126, 117, 93, 169, 108, 105, 123, 106, 93, 169, 110, 119, 126, 118, 93, 169, 109, 120, 112, 108, 93, 169, 125, 108, 126, 119, 93, 169, 126, 122, 104, 118, 93, 169, 126, 122, 126, 122, 93, 169, 110, 108, 109, 100, 93, 169, 108, 103, 110, 108, 93, 169, 112, 121, 126, 109, 93, 169, 112, 100, 125, 108, 93, 169, 126, 122, 126, 121, 93, 169, 112, 118, 126, 122, 93, 169, 112, 120, 126, 108, 93, 169, 113, 119, 108, 105, 93, 169, 108, 104, 110, 117, 93, 169, 125, 108, 109, 100, 93, 169, 126, 122, 111, 121, 93, 169, 126, 122, 126, 122, 93, 169, 108, 105, 112, 120, 93, 169, 110, 117, 125, 100, 93, 169, 109, 100, 105, 100, 93, 169, 111, 103, 125, 108, 93, 169, 126, 122, 126, 122, 93, 169, 112, 103, 126, 122, 93, 169, 105, 119, 123, 104, 93, 169, 108, 105, 112, 120, 93, 169, 109, 100, 125, 100, 93, 169, 108, 105, 112, 120, 93, 169, 109, 100, 113, 119, 93, 169, 109, 103, 109, 103, 93, 169, 109, 103, 109, 103, 93, 169, 109, 103, 109, 103, 93, 169, 111, 105, 126, 122, 93, 169, 123, 107, 104, 108, 93, 169, 113, 119, 108, 105, 93, 169, 104, 100, 108, 104, 93, 169, 104, 100, 104, 100, 93, 169, 126, 122, 109, 103, 93, 169, 109, 122, 124, 107, 93, 169, 122, 106, 104, 122, 93, 169, 109, 118, 123, 100, 93, 169, 123, 103, 123, 109, 93, 169, 112, 118, 109, 105, 93, 169, 109, 101, 125, 119, 93, 169, 109, 103, 109, 101, 93, 169, 109, 107, 109, 106, 93, 169, 108, 102, 110, 117, 93, 169, 111, 102, 125, 108, 93, 169, 104, 100, 104, 100, 93, 169, 112, 118, 104, 100, 93, 169, 107, 103, 124, 108, 93, 169, 112, 105, 126, 106, 93, 169, 109, 109, 124, 118, 93, 169, 108, 105, 123, 107, 93, 169, 110, 101, 126, 108, 93, 169, 110, 105, 106, 121, 93, 169, 123, 107, 111, 108, 93, 169, 126, 119, 108, 105, 93, 169, 104, 100, 110, 105, 93, 169, 104, 100, 104, 100, 93, 169, 109, 106, 111, 121, 93, 169, 108, 105, 112, 120, 93, 169, 109, 100, 126, 108, 93, 169, 125, 108, 109, 106, 93, 169, 104, 100, 109, 101, 93, 169, 104, 100, 104, 100, 93, 169, 109, 100, 109, 109, 93, 169, 122, 101, 125, 108, 93, 169, 126, 122, 126, 121, 93, 169, 112, 105, 126, 122, 93, 169, 109, 109, 123, 100, 93, 169, 111, 104, 109, 109, 93, 169, 112, 120, 107, 109, 93, 169, 104, 101, 108, 106, 93, 169, 125, 108, 109, 100, 93, 169, 104, 100, 107, 118, 93, 169, 104, 100, 104, 100, 93, 169, 126, 108, 112, 118, 93, 169, 108, 105, 112, 120, 93, 169, 109, 100, 126, 108, 93, 169, 106, 101, 125, 108, 93, 169, 126, 122, 126, 122, 93, 169, 112, 105, 126, 122, 93, 169, 109, 109, 123, 100, 93, 169, 111, 104, 109, 109, 93, 169, 109, 107, 104, 119, 93, 169, 104, 101, 125, 108, 93, 169, 126, 122, 126, 122, 93, 169, 109, 109, 126, 122, 93, 169, 108, 104, 123, 106, 93, 169, 126, 122, 107, 108, 93, 169, 109, 100, 111, 103, 93, 169, 108, 105, 112, 120, 93, 169, 126, 121, 126, 108, 93, 169, 109, 108, 104, 100, 93, 169, 108, 105, 112, 120, 93, 169, 109, 100, 126, 108, 93, 169, 125, 108, 109, 107, 93, 169, 126, 121, 111, 104, 93, 169, 126, 122, 126, 122, 93, 169, 109, 109, 109, 109, 93, 169, 108, 106, 108, 106, 93, 169, 126, 103, 107, 118, 93, 169, 121, 117, 111, 119, 93, 169, 109, 121, 109, 122, 93, 169, 123, 109, 109, 118, 93, 169, 109, 105, 123, 103, 93, 169, 125, 119, 112, 118, 93, 169, 109, 103, 109, 101, 93, 169, 110, 100, 110, 106, 93, 169, 107, 102, 122, 101, 93, 169, 104, 100, 125, 108, 93, 169, 104, 100, 104, 100, 93, 169, 109, 108, 104, 100, 93, 169, 104, 108, 107, 108, 93, 169, 104, 103, 111, 104, 93, 169, 125, 118, 108, 100, 93, 169, 108, 100, 126, 109, 93, 169, 109, 120, 112, 118, 93, 169, 112, 100, 104, 108, 93, 169, 108, 102, 126, 118, 93, 169, 104, 108, 111, 105, 93, 169, 124, 118, 107, 103, 93, 169, 105, 108, 112, 117, 93, 169, 123, 103, 112, 118, 93, 169, 105, 107, 125, 118, 93, 169, 105, 108, 107, 108, 93, 169, 105, 101, 111, 106, 93, 169, 107, 103, 108, 100, 93, 169, 112, 104, 123, 109, 93, 169, 111, 104, 124, 118, 93, 169, 108, 100, 104, 119, 93, 169, 104, 108, 107, 108, 93, 169, 126, 118, 111, 105, 93, 169, 126, 121, 108, 100, 93, 169, 125, 118, 123, 118, 93, 169, 107, 103, 126, 102, 93, 169, 112, 109, 123, 100, 93, 169, 126, 119, 108, 105, 93, 169, 108, 105, 112, 118, 93, 169, 109, 118, 126, 119, 93, 169, 123, 103, 123, 109, 93, 169, 104, 102, 107, 102, 93, 169, 111, 104, 110, 108, 93, 169, 111, 100, 111, 104, 93, 169, 106, 122, 107, 117, 93, 169, 110, 122, 106, 122, 93, 169, 111, 105, 111, 109, 93, 169, 110, 119, 110, 121, 93, 169, 110, 121, 110, 101, 93, 169, 106, 121, 110, 104, 93, 169, 111, 102, 110, 122, 93, 169, 106, 122, 110, 107, 93, 169, 111, 102, 110, 106, 93, 169, 110, 107, 110, 101, 93, 169, 111, 103, 111, 105, 93, 169, 110, 120, 106, 122, 93, 169, 111, 100, 110, 122, 93, 169, 107, 102, 111, 104, 93, 169, 110, 105, 106, 121, 93, 169, 110, 105, 111, 108, 93, 169, 110, 108, 104, 100, 93, 169, 111, 104, 111, 104, 93, 169, 107, 117, 111, 100, 93, 169, 106, 122, 106, 122, 93, 169, 111, 109, 110, 122, 93, 169, 110, 121, 111, 105, 93, 169, 110, 101, 110, 119, 93, 169, 110, 104, 110, 121, 93, 169, 110, 122, 106, 121, 93, 169, 110, 107, 111, 102, 93, 169, 110, 106, 106, 122, 93, 169, 110, 101, 111, 102, 93, 169, 111, 105, 110, 107, 93, 169, 106, 122, 111, 103, 93, 169, 110, 119, 110, 103, 93, 169, 110, 103, 110, 109, 93, 169, 106, 121, 110, 118, 93, 169, 110, 108, 111, 100, 93, 169, 107, 122, 111, 100, 93, 169, 107, 120, 111, 102, 93, 169, 104, 100, 104, 100, 90, 93, 115, 65, 66, 61, 65, 170, 153, 166, 88, 162, 167, 164, 88, 113, 88, 169, 166, 153, 171, 151, 153, 164, 157, 92, 90, 89, 173, 100, 121, 100, 121, 89, 173, 100, 121, 100, 121, 89, 173, 100, 121, 100, 121, 89, 173, 100, 121, 100, 121, 86, 97, 65, 66, 61, 65, 170, 153, 166, 88, 156, 157, 149, 168, 150, 164, 163, 155, 159, 88, 113, 88, 162, 167, 164, 88, 95, 88, 164, 153, 173, 164, 163, 153, 152, 115, 65, 66, 61, 65, 170, 153, 166, 88, 150, 161, 155, 154, 160, 167, 151, 163, 84, 117, 84, 173, 162, 157, 167, 155, 149, 168, 153, 96, 86, 93, 169, 104, 117, 104, 117, 93, 169, 104, 117, 104, 117, 90, 93, 115, 65, 66, 61, 65, 170, 153, 166, 88, 156, 157, 149, 156, 153, 170, 167, 161, 174, 157, 84, 117, 84, 106, 100, 115, 65, 66, 61, 65, 170, 153, 166, 88, 167, 168, 166, 153, 173, 88, 113, 88, 156, 157, 149, 156, 153, 170, 167, 161, 174, 157, 84, 99, 84, 160, 153, 153, 164, 154, 160, 167, 151, 163, 98, 164, 153, 166, 155, 172, 156, 115, 65, 66, 61, 65, 171, 160, 157, 164, 153, 88, 92, 154, 157, 159, 150, 164, 163, 155, 159, 102, 160, 157, 162, 159, 168, 160, 84, 116, 84, 171, 164, 170, 149, 177, 93, 179, 65, 66, 61, 65, 61, 154, 157, 159, 150, 164, 163, 155, 159, 88, 95, 117, 84, 154, 157, 159, 150, 164, 163, 155, 159, 115, 65, 66, 61, 65, 177, 69, 62, 65, 61, 174, 149, 170, 84, 158, 157, 164, 160, 154, 160, 167, 151, 163, 84, 117, 84, 154, 157, 159, 150, 164, 163, 155, 159, 102, 167, 173, 150, 171, 168, 170, 157, 166, 155, 96, 100, 100, 84, 171, 164, 170, 149, 177, 93, 115, 65, 66, 61, 65, 170, 153, 166, 88, 150, 164, 163, 155, 159, 88, 113, 88, 150, 161, 155, 154, 160, 167, 151, 163, 98, 171, 169, 154, 167, 172, 166, 161, 162, 159, 92, 104, 96, 88, 150, 161, 155, 154, 160, 167, 151, 163, 98, 164, 153, 166, 155, 172, 156, 101, 167, 168, 166, 153, 173, 97, 111, 69, 62, 65, 61, 175, 156, 161, 160, 157, 84, 96, 150, 164, 163, 155, 159, 102, 160, 157, 162, 159, 168, 160, 95, 171, 164, 170, 149, 177, 84, 116, 84, 104, 172, 108, 100, 104, 100, 104, 93, 179, 65, 66, 61, 65, 61, 154, 160, 167, 151, 163, 84, 117, 84, 154, 160, 167, 151, 163, 84, 99, 84, 154, 160, 167, 151, 163, 84, 99, 84, 158, 157, 164, 160, 154, 160, 167, 151, 163, 111, 69, 62, 65, 61, 181, 65, 66, 61, 65, 170, 153, 166, 88, 161, 157, 161, 151, 149, 170, 166, 153, 173, 88, 113, 88, 162, 157, 171, 88, 117, 170, 166, 153, 173, 96, 93, 115, 65, 66, 61, 65, 154, 167, 166, 88, 92, 174, 149, 170, 84, 161, 84, 117, 84, 104, 111, 88, 157, 88, 112, 88, 101, 108, 100, 104, 111, 88, 157, 99, 95, 97, 175, 69, 62, 65, 61, 65, 161, 157, 161, 151, 149, 170, 166, 153, 173, 147, 157, 149, 84, 117, 84, 154, 160, 167, 151, 163, 84, 99, 84, 160, 153, 153, 164, 154, 160, 167, 151, 163, 111, 69, 62, 65, 61, 181, 65, 66, 61, 65, 170, 153, 166, 88, 162, 173, 161, 88, 113, 88, 101, 106, 109, 113, 109, 113, 109, 113, 109, 113, 109, 113, 109, 113, 109, 113, 109, 113, 109, 113, 108, 112, 108, 112, 108, 112, 108, 112, 108, 112, 108, 112, 108, 112, 108, 112, 108, 112, 108, 112, 108, 112, 108, 112, 108, 112, 108, 112, 108, 112, 108, 112, 108, 112, 108, 112, 108, 112, 108, 112, 108, 112, 108, 112, 108, 112, 108, 112, 108, 112, 108, 112, 108, 112, 108, 112, 108, 112, 108, 112, 108, 112, 108, 112, 108, 112, 108, 112, 108, 112, 108, 112, 108, 112, 108, 112, 108, 112, 108, 112, 108, 112, 108, 112, 108, 112, 108, 112, 108, 112, 108, 112, 108, 112, 108, 112, 108, 112, 108, 112, 108, 112, 108, 112, 108, 112, 108, 112, 108, 112, 108, 112, 108, 112, 108, 112, 108, 112, 108, 112, 108, 112, 108, 112, 108, 112, 108, 112, 108, 112, 108, 112, 108, 112, 108, 112, 108, 112, 108, 112, 108, 112, 108, 112, 108, 112, 108, 112, 108, 112, 108, 112, 108, 112, 108, 112, 108, 112, 108, 112, 108, 112, 108, 112, 108, 112, 108, 112, 108, 112, 108, 112, 108, 112, 108, 112, 108, 112, 108, 112, 108, 112, 108, 112, 108, 112, 108, 112, 108, 112, 108, 112, 108, 112, 108, 112, 108, 112, 108, 112, 108, 112, 108, 112, 108, 112, 108, 112, 108, 112, 108, 112, 108, 112, 108, 112, 108, 112, 108, 112, 108, 112, 108, 112, 108, 112, 108, 112, 108, 112, 108, 112, 108, 112, 108, 112, 108, 112, 108, 112, 108, 112, 108, 112, 108, 112, 108, 112, 108, 112, 108, 112, 108, 112, 108, 112, 108, 112, 108, 112, 108, 112, 108, 112, 108, 112, 108, 112, 108, 112, 108, 112, 108, 112, 108, 112, 111, 69, 62, 65, 61, 173, 168, 161, 160, 102, 164, 170, 157, 166, 168, 158, 92, 90, 89, 108, 105, 104, 100, 104, 154, 90, 96, 88, 162, 173, 161, 97, 111, 69, 62, 65, 177, 69, 62, 69, 62, 65, 154, 173, 162, 155, 168, 161, 163, 166, 84, 155, 163, 164, 160, 153, 150, 151, 153, 165, 149, 161, 160, 96, 93, 179, 65, 66, 61, 65, 170, 153, 166, 88, 167, 160, 153, 164, 160, 155, 163, 156, 153, 88, 113, 88, 169, 166, 153, 171, 151, 153, 164, 157, 92, 90, 89, 173, 121, 122, 121, 113, 89, 173, 100, 104, 100, 105, 89, 173, 105, 110, 100, 104, 89, 173, 117, 105, 106, 108, 89, 173, 100, 104, 103, 104, 89, 173, 100, 104, 100, 104, 89, 173, 104, 104, 108, 122, 89, 173, 108, 122, 100, 123, 89, 173, 101, 123, 107, 104, 89, 173, 108, 122, 117, 124, 89, 173, 100, 112, 104, 104, 89, 173, 119, 107, 105, 125, 89, 173, 108, 122, 105, 109, 89, 173, 108, 122, 121, 123, 89, 173, 100, 112, 104, 109, 89, 173, 103, 107, 105, 106, 89, 173, 119, 105, 120, 106, 89, 173, 100, 107, 119, 106, 89, 173, 101, 104, 103, 106, 89, 173, 108, 104, 104, 104, 89, 173, 100, 104, 103, 112, 89, 173, 122, 109, 107, 109, 89, 173, 119, 106, 108, 122, 89, 173, 105, 124, 105, 121, 89, 173, 100, 108, 119, 106, 89, 173, 105, 109, 100, 104, 89, 173, 121, 123, 108, 122, 89, 173, 105, 105, 105, 105, 89, 173, 105, 110, 105, 107, 89, 173, 106, 104, 105, 111, 89, 173, 105, 124, 108, 122, 89, 173, 103, 107, 100, 112, 89, 173, 108, 122, 119, 104, 89, 173, 100, 123, 107, 109, 89, 173, 122, 125, 108, 122, 89, 173, 107, 110, 100, 107, 89, 173, 108, 122, 103, 123, 89, 173, 107, 112, 104, 125, 89, 173, 119, 126, 100, 107, 89, 173, 105, 105, 108, 122, 89, 173, 105, 106, 101, 123, 89, 173, 105, 105, 108, 122, 89, 173, 105, 106, 102, 108, 89, 173, 107, 105, 108, 122, 89, 173, 104, 125, 101, 108, 89, 173, 107, 109, 108, 113, 89, 173, 108, 122, 122, 123, 89, 173, 102, 104, 107, 105, 89, 173, 122, 111, 100, 107, 89, 173, 104, 121, 109, 113, 89, 173, 104, 106, 117, 124, 89, 173, 103, 122, 106, 104, 89, 173, 122, 123, 105, 109, 89, 173, 100, 108, 107, 109, 89, 173, 119, 104, 103, 107, 89, 173, 103, 111, 121, 122, 89, 173, 122, 126, 103, 107, 89, 173, 104, 109, 100, 107, 89, 173, 109, 111, 100, 123, 89, 173, 119, 126, 108, 122, 89, 173, 107, 109, 117, 125, 89, 173, 102, 122, 122, 124, 89, 173, 104, 126, 122, 113, 89, 173, 121, 112, 105, 105, 89, 173, 122, 126, 109, 108, 89, 173, 122, 126, 122, 126, 89, 173, 119, 107, 103, 122, 89, 173, 107, 108, 106, 105, 89, 173, 121, 122, 100, 106, 89, 173, 108, 122, 120, 113, 89, 173, 100, 123, 104, 109, 89, 173, 105, 125, 109, 106, 89, 173, 122, 106, 100, 107, 89, 173, 121, 104, 120, 105, 89, 173, 119, 110, 100, 107, 89, 173, 119, 113, 103, 107, 89, 173, 118, 111, 100, 126, 89, 173, 105, 126, 100, 112, 89, 173, 121, 105, 119, 105, 89, 173, 100, 107, 100, 106, 89, 173, 100, 107, 119, 121, 89, 173, 108, 122, 119, 126, 89, 173, 100, 107, 100, 105, 89, 173, 108, 113, 119, 106, 89, 173, 122, 112, 104, 109, 89, 173, 108, 122, 106, 105, 89, 173, 122, 112, 104, 109, 89, 173, 105, 125, 105, 126, 89, 173, 119, 113, 105, 122, 89, 173, 105, 109, 119, 107, 89, 173, 121, 123, 108, 122, 89, 173, 121, 112, 105, 105, 89, 173, 122, 126, 104, 113, 89, 173, 122, 126, 122, 126, 89, 173, 106, 112, 105, 104, 89, 173, 106, 104, 121, 112, 89, 173, 100, 108, 118, 126, 89, 173, 106, 123, 121, 112, 89, 173, 122, 126, 122, 126, 89, 173, 103, 107, 122, 126, 89, 173, 105, 106, 120, 106, 89, 173, 122, 126, 105, 106, 89, 173, 100, 112, 107, 109, 89, 173, 120, 104, 122, 126, 89, 173, 104, 109, 108, 113, 89, 173, 108, 122, 122, 123, 89, 173, 122, 123, 104, 109, 89, 173, 119, 107, 119, 113, 89, 173, 108, 122, 105, 109, 89, 173, 108, 107, 121, 123, 89, 173, 100, 123, 121, 123, 89, 173, 104, 109, 108, 124, 89, 173, 105, 104, 122, 108, 89, 173, 104, 109, 119, 110, 89, 173, 107, 109, 122, 108, 89, 173, 104, 109, 119, 110, 89, 173, 107, 106, 122, 109, 89, 173, 104, 109, 119, 110, 89, 173, 106, 123, 122, 110, 89, 173, 104, 109, 119, 110, 89, 173, 106, 124, 122, 111, 89, 173, 104, 109, 119, 110, 89, 173, 106, 126, 122, 112, 89, 173, 104, 109, 119, 110, 89, 173, 106, 125, 122, 113, 89, 173, 104, 109, 119, 110, 89, 173, 102, 125, 122, 121, 89, 173, 104, 109, 119, 110, 89, 173, 106, 108, 122, 122, 89, 173, 104, 109, 119, 110, 89, 173, 106, 123, 122, 123, 89, 173, 104, 109, 119, 110, 89, 173, 106, 123, 122, 124, 89, 173, 104, 109, 119, 110, 89, 173, 100, 104, 122, 125, 89, 173, 117, 104, 121, 112, 89, 173, 122, 126, 122, 126, 89, 173, 105, 104, 122, 126, 89, 173, 105, 124, 106, 112, 89, 173, 101, 105, 108, 121, 89, 173, 121, 112, 101, 110, 89, 173, 122, 126, 101, 109, 89, 173, 122, 126, 122, 126, 89, 173, 119, 108, 108, 107, 89, 173, 108, 109, 100, 123, 89, 173, 107, 108, 119, 104, 89, 173, 106, 121, 101, 109, 89, 173, 106, 121, 100, 104, 89, 173, 122, 126, 100, 104, 89, 173, 100, 123, 107, 109, 89, 173, 107, 109, 122, 126, 89, 173, 106, 121, 100, 112, 89, 173, 122, 126, 100, 104, 89, 173, 108, 109, 120, 104, 89, 173, 107, 109, 119, 104, 89, 173, 104, 104, 100, 107, 89, 173, 119, 107, 119, 113, 89, 173, 119, 104, 103, 107, 89, 173, 119, 107, 119, 113, 89, 173, 103, 107, 105, 111, 89, 173, 108, 122, 119, 104, 89, 173, 102, 108, 104, 123, 89, 173, 108, 122, 100, 123, 89, 173, 102, 108, 107, 123, 89, 173, 122, 123, 100, 112, 89, 173, 117, 121, 122, 107, 89, 173, 119, 107, 105, 126, 89, 173, 104, 123, 108, 122, 89, 173, 100, 108, 102, 108, 89, 173, 103, 113, 108, 104, 89, 173, 108, 122, 100, 104, 89, 173, 107, 108, 119, 105, 89, 173, 104, 104, 100, 110, 89, 173, 103, 112, 108, 104, 89, 173, 107, 109, 100, 104, 89, 173, 102, 122, 122, 121, 89, 173, 119, 107, 119, 105, 89, 173, 108, 122, 105, 109, 89, 173, 108, 107, 121, 123, 89, 173, 106, 108, 121, 123, 89, 173, 108, 124, 105, 107, 89, 173, 122, 104, 104, 109, 89, 173, 103, 107, 105, 111, 89, 173, 105, 104, 120, 122, 89, 173, 104, 109, 119, 110, 89, 173, 106, 122, 122, 104, 89, 173, 104, 109, 119, 110, 89, 173, 106, 109, 122, 105, 89, 173, 104, 109, 119, 110, 89, 173, 107, 106, 122, 106, 89, 173, 104, 109, 119, 110, 89, 173, 106, 125, 122, 107, 89, 173, 104, 109, 119, 110, 89, 173, 106, 109, 122, 108, 89, 173, 104, 109, 119, 110, 89, 173, 106, 123, 122, 109, 89, 173, 104, 109, 119, 110, 89, 173, 103, 107, 122, 110, 89, 173, 104, 109, 119, 110, 89, 173, 103, 106, 122, 111, 89, 173, 104, 109, 119, 110, 89, 173, 102, 125, 122, 112, 89, 173, 104, 109, 119, 110, 89, 173, 106, 108, 122, 113, 89, 173, 104, 109, 119, 110, 89, 173, 106, 123, 122, 121, 89, 173, 104, 109, 119, 110, 89, 173, 106, 123, 122, 122, 89, 173, 105, 124, 108, 112, 89, 173, 121, 112, 122, 123, 89, 173, 122, 126, 100, 122, 89, 173, 122, 126, 122, 126, 89, 173, 106, 112, 105, 104, 89, 173, 104, 107, 106, 112, 89, 173, 108, 125, 122, 113, 89, 173, 108, 104, 121, 112, 89, 173, 122, 126, 122, 125, 89, 173, 108, 122, 122, 126, 89, 173, 108, 124, 122, 112, 89, 173, 109, 123, 104, 109, 89, 173, 104, 108, 106, 121, 89, 173, 121, 112, 105, 104, 89, 173, 122, 126, 107, 125, 89, 173, 122, 126, 122, 126, 89, 173, 104, 109, 108, 124, 89, 173, 106, 121, 121, 104, 89, 173, 105, 104, 101, 104, 89, 173, 107, 107, 121, 112, 89, 173, 122, 126, 122, 126, 89, 173, 108, 107, 122, 126, 89, 173, 101, 123, 119, 108, 89, 173, 104, 109, 108, 124, 89, 173, 105, 104, 121, 104, 89, 173, 104, 109, 108, 124, 89, 173, 105, 104, 109, 123, 89, 173, 105, 107, 105, 107, 89, 173, 105, 107, 105, 107, 89, 173, 105, 107, 105, 107, 89, 173, 107, 109, 122, 126, 89, 173, 119, 111, 100, 112, 89, 173, 109, 123, 104, 109, 89, 173, 100, 104, 104, 108, 89, 173, 100, 104, 100, 104, 89, 173, 122, 126, 105, 107, 89, 173, 105, 126, 120, 111, 89, 173, 118, 110, 100, 126, 89, 173, 105, 122, 119, 104, 89, 173, 119, 107, 119, 113, 89, 173, 108, 122, 105, 109, 89, 173, 105, 105, 121, 123, 89, 173, 105, 107, 105, 105, 89, 173, 105, 111, 105, 110, 89, 173, 104, 106, 106, 121, 89, 173, 107, 106, 121, 112, 89, 173, 100, 104, 100, 104, 89, 173, 108, 122, 100, 104, 89, 173, 103, 107, 120, 112, 89, 173, 108, 109, 122, 110, 89, 173, 105, 113, 120, 122, 89, 173, 104, 109, 119, 111, 89, 173, 106, 105, 122, 112, 89, 173, 106, 109, 102, 125, 89, 173, 119, 111, 107, 112, 89, 173, 122, 123, 104, 109, 89, 173, 100, 104, 106, 109, 89, 173, 100, 104, 100, 104, 89, 173, 105, 110, 107, 125, 89, 173, 104, 109, 108, 124, 89, 173, 105, 104, 122, 112, 89, 173, 121, 112, 105, 110, 89, 173, 100, 104, 105, 105, 89, 173, 100, 104, 100, 104, 89, 173, 105, 104, 105, 113, 89, 173, 118, 105, 121, 112, 89, 173, 122, 126, 122, 125, 89, 173, 108, 109, 122, 126, 89, 173, 105, 113, 119, 104, 89, 173, 107, 108, 105, 113, 89, 173, 108, 124, 103, 113, 89, 173, 100, 105, 104, 110, 89, 173, 121, 112, 105, 104, 89, 173, 100, 104, 103, 122, 89, 173, 100, 104, 100, 104, 89, 173, 122, 112, 108, 122, 89, 173, 104, 109, 108, 124, 89, 173, 105, 104, 122, 112, 89, 173, 102, 105, 121, 112, 89, 173, 122, 126, 122, 126, 89, 173, 108, 109, 122, 126, 89, 173, 105, 113, 119, 104, 89, 173, 107, 108, 105, 113, 89, 173, 105, 111, 100, 123, 89, 173, 100, 105, 121, 112, 89, 173, 122, 126, 122, 126, 89, 173, 105, 113, 122, 126, 89, 173, 104, 108, 119, 110, 89, 173, 122, 126, 103, 112, 89, 173, 105, 104, 107, 107, 89, 173, 104, 109, 108, 124, 89, 173, 122, 125, 122, 112, 89, 173, 105, 112, 100, 104, 89, 173, 104, 109, 108, 124, 89, 173, 105, 104, 122, 112, 89, 173, 121, 112, 105, 111, 89, 173, 122, 125, 107, 108, 89, 173, 122, 126, 122, 126, 89, 173, 105, 113, 105, 113, 89, 173, 104, 110, 104, 110, 89, 173, 122, 107, 103, 122, 89, 173, 117, 121, 107, 123, 89, 173, 105, 125, 105, 126, 89, 173, 119, 113, 105, 122, 89, 173, 105, 109, 119, 107, 89, 173, 121, 123, 108, 122, 89, 173, 105, 107, 105, 105, 89, 173, 106, 104, 106, 110, 89, 173, 103, 106, 118, 105, 89, 173, 100, 104, 121, 112, 89, 173, 100, 104, 100, 104, 89, 173, 105, 112, 100, 104, 89, 173, 100, 112, 103, 112, 89, 173, 100, 107, 107, 108, 89, 173, 121, 122, 104, 104, 89, 173, 104, 104, 122, 113, 89, 173, 105, 124, 108, 122, 89, 173, 108, 104, 100, 112, 89, 173, 104, 106, 122, 122, 89, 173, 100, 112, 107, 109, 89, 173, 120, 122, 103, 107, 89, 173, 101, 112, 108, 121, 89, 173, 119, 107, 108, 122, 89, 173, 101, 111, 121, 122, 89, 173, 101, 112, 103, 112, 89, 173, 101, 105, 107, 110, 89, 173, 103, 107, 104, 104, 89, 173, 108, 108, 119, 113, 89, 173, 107, 108, 120, 122, 89, 173, 104, 104, 100, 123, 89, 173, 100, 112, 103, 112, 89, 173, 122, 122, 107, 109, 89, 173, 122, 125, 104, 104, 89, 173, 121, 122, 119, 122, 89, 173, 103, 107, 122, 106, 89, 173, 108, 113, 119, 104, 89, 173, 122, 123, 104, 109, 89, 173, 104, 109, 108, 122, 89, 173, 105, 122, 122, 123, 89, 173, 119, 107, 119, 113, 89, 173, 100, 106, 103, 106, 89, 173, 107, 108, 106, 112, 89, 173, 107, 104, 107, 108, 89, 173, 102, 126, 103, 121, 89, 173, 106, 126, 102, 126, 89, 173, 107, 109, 107, 113, 89, 173, 106, 123, 106, 125, 89, 173, 106, 125, 106, 105, 89, 173, 102, 125, 106, 108, 89, 173, 107, 106, 106, 126, 89, 173, 102, 126, 106, 111, 89, 173, 107, 106, 106, 110, 89, 173, 106, 111, 106, 105, 89, 173, 107, 107, 107, 109, 89, 173, 106, 110, 102, 126, 89, 173, 107, 108, 107, 104, 89, 173, 107, 112, 107, 109, 89, 173, 102, 125, 103, 106, 89, 173, 107, 112, 106, 109, 89, 173, 100, 104, 106, 109, 89, 173, 107, 108, 106, 112, 89, 173, 107, 104, 107, 108, 89, 173, 102, 126, 103, 121, 89, 173, 106, 126, 102, 126, 89, 173, 107, 109, 107, 113, 89, 173, 106, 123, 106, 125, 89, 173, 106, 125, 106, 105, 89, 173, 102, 125, 106, 108, 89, 173, 107, 106, 106, 126, 89, 173, 102, 126, 106, 111, 89, 173, 107, 106, 106, 110, 89, 173, 106, 111, 106, 105, 89, 173, 107, 107, 107, 109, 89, 173, 106, 107, 102, 126, 89, 173, 106, 113, 106, 123, 89, 173, 106, 122, 106, 107, 89, 173, 107, 104, 102, 125, 89, 173, 107, 104, 106, 112, 89, 173, 107, 106, 103, 126, 89, 173, 100, 104, 103, 124, 86, 97, 111, 69, 62, 65, 61, 174, 149, 170, 84, 165, 153, 165, 147, 153, 166, 170, 149, 177, 84, 117, 84, 166, 153, 175, 84, 121, 166, 170, 149, 177, 92, 97, 111, 69, 62, 65, 61, 174, 149, 170, 84, 155, 151, 88, 113, 88, 100, 176, 100, 155, 100, 155, 100, 155, 100, 155, 111, 69, 62, 65, 61, 174, 149, 170, 84, 153, 152, 156, 166, 88, 113, 88, 100, 176, 104, 104, 100, 104, 100, 104, 111, 69, 62, 65, 61, 174, 149, 170, 84, 171, 151, 151, 160, 157, 162, 88, 113, 88, 167, 160, 153, 164, 160, 155, 163, 156, 153, 102, 160, 157, 162, 159, 168, 160, 84, 98, 84, 106, 111, 69, 62, 65, 61, 174, 149, 170, 84, 164, 153, 166, 84, 117, 84, 153, 152, 156, 166, 88, 97, 88, 92, 171, 151, 151, 160, 157, 162, 99, 100, 176, 103, 112, 93, 115, 65, 66, 61, 65, 170, 153, 166, 88, 173, 153, 166, 171, 164, 88, 113, 88, 169, 166, 153, 171, 151, 153, 164, 157, 92, 90, 89, 173, 109, 104, 109, 104, 89, 173, 109, 104, 109, 104, 86, 97, 111, 69, 62, 65, 61, 177, 149, 170, 167, 168, 84, 117, 84, 158, 157, 176, 147, 161, 168, 96, 173, 153, 166, 171, 164, 100, 84, 164, 153, 166, 93, 115, 65, 66, 61, 65, 170, 153, 166, 88, 151, 167, 169, 166, 168, 106, 84, 117, 84, 96, 151, 155, 84, 101, 84, 104, 172, 108, 100, 104, 100, 104, 100, 97, 99, 153, 152, 156, 166, 115, 65, 66, 61, 65, 154, 167, 166, 88, 92, 174, 149, 170, 84, 155, 163, 173, 162, 172, 84, 117, 84, 104, 111, 88, 151, 167, 169, 166, 168, 88, 112, 88, 151, 167, 169, 166, 168, 106, 111, 88, 151, 167, 169, 166, 168, 99, 95, 97, 175, 69, 62, 65, 61, 65, 161, 157, 161, 151, 149, 170, 166, 153, 173, 147, 151, 167, 169, 166, 168, 149, 84, 117, 84, 177, 149, 170, 167, 168, 84, 99, 84, 171, 156, 157, 160, 164, 151, 167, 152, 157, 111, 69, 62, 65, 61, 181, 65, 66, 61, 65, 170, 153, 166, 88, 163, 174, 153, 170, 154, 164, 163, 175, 84, 117, 84, 173, 162, 157, 167, 155, 149, 168, 153, 96, 86, 93, 169, 104, 151, 104, 151, 93, 169, 104, 151, 104, 151, 90, 93, 115, 65, 66, 61, 65, 171, 160, 157, 164, 153, 88, 92, 167, 170, 157, 166, 158, 160, 167, 171, 102, 160, 157, 162, 159, 168, 160, 84, 116, 84, 108, 104, 113, 105, 106, 93, 179, 65, 66, 61, 65, 61, 167, 170, 157, 166, 158, 160, 167, 171, 88, 95, 117, 84, 167, 170, 157, 166, 158, 160, 167, 171, 115, 65, 66, 61, 65, 177, 69, 62, 65, 61, 172, 156, 161, 167, 102, 151, 167, 160, 164, 149, 154, 135, 172, 163, 170, 153, 88, 113, 88, 119, 167, 160, 164, 149, 154, 98, 155, 163, 164, 160, 157, 151, 172, 121, 165, 149, 161, 160, 129, 162, 158, 163, 96, 175, 171, 169, 154, 158, 114, 84, 90, 86, 100, 161, 171, 155, 114, 84, 167, 170, 157, 166, 158, 160, 167, 171, 181, 93, 115, 65, 66, 61, 181, 65, 66, 65, 66, 61, 158, 169, 166, 151, 172, 157, 167, 162, 88, 151, 167, 160, 164, 149, 154, 147, 159, 153, 172, 157, 155, 163, 166, 92, 97, 175, 69, 62, 65, 61, 161, 154, 88, 92, 153, 164, 168, 98, 156, 163, 155, 98, 123, 163, 164, 160, 153, 150, 102, 155, 157, 168, 129, 151, 167, 162, 97, 175, 69, 62, 65, 61, 65, 170, 153, 166, 88, 149, 170, 166, 177, 84, 117, 84, 166, 153, 175, 84, 121, 166, 170, 149, 177, 92, 97, 111, 69, 62, 65, 61, 65, 170, 153, 166, 88, 170, 174, 164, 157, 168, 160, 173, 153, 84, 117, 84, 173, 162, 157, 167, 155, 149, 168, 153, 96, 86, 93, 169, 125, 118, 125, 109, 93, 169, 104, 100, 104, 101, 93, 169, 109, 106, 104, 100, 93, 169, 121, 101, 110, 104, 93, 169, 104, 100, 107, 100, 93, 169, 104, 100, 104, 100, 93, 169, 108, 100, 112, 118, 93, 169, 112, 118, 104, 119, 93, 169, 105, 119, 111, 100, 93, 169, 112, 118, 121, 120, 93, 169, 104, 108, 108, 100, 93, 169, 123, 103, 109, 121, 93, 169, 112, 118, 109, 105, 93, 169, 112, 118, 125, 119, 93, 169, 104, 108, 108, 105, 93, 169, 107, 103, 109, 102, 93, 169, 123, 101, 124, 102, 93, 169, 104, 103, 123, 102, 93, 169, 105, 100, 107, 102, 93, 169, 112, 100, 108, 100, 93, 169, 104, 100, 107, 108, 93, 169, 126, 105, 111, 105, 93, 169, 123, 102, 112, 118, 93, 169, 109, 120, 109, 117, 93, 169, 104, 104, 123, 102, 93, 169, 109, 105, 104, 100, 93, 169, 125, 119, 112, 118, 93, 169, 109, 101, 109, 101, 93, 169, 109, 106, 109, 103, 93, 169, 110, 100, 109, 107, 93, 169, 109, 120, 112, 118, 93, 169, 107, 103, 104, 108, 93, 169, 112, 118, 123, 100, 93, 169, 104, 119, 111, 105, 93, 169, 126, 121, 112, 118, 93, 169, 111, 106, 104, 103, 93, 169, 112, 118, 107, 119, 93, 169, 111, 108, 108, 121, 93, 169, 123, 122, 104, 103, 93, 169, 109, 101, 112, 118, 93, 169, 109, 102, 105, 119, 93, 169, 109, 101, 112, 118, 93, 169, 109, 102, 106, 104, 93, 169, 111, 101, 112, 118, 93, 169, 108, 121, 105, 104, 93, 169, 111, 105, 112, 109, 93, 169, 112, 118, 126, 119, 93, 169, 106, 100, 111, 101, 93, 169, 126, 107, 104, 103, 93, 169, 108, 117, 113, 109, 93, 169, 108, 102, 121, 120, 93, 169, 107, 118, 110, 100, 93, 169, 126, 119, 109, 105, 93, 169, 104, 104, 111, 105, 93, 169, 123, 100, 107, 103, 93, 169, 107, 107, 125, 118, 93, 169, 126, 122, 107, 103, 93, 169, 108, 105, 104, 103, 93, 169, 113, 107, 104, 119, 93, 169, 123, 122, 112, 118, 93, 169, 111, 105, 121, 121, 93, 169, 106, 118, 126, 120, 93, 169, 108, 122, 126, 109, 93, 169, 125, 108, 109, 101, 93, 169, 126, 122, 113, 104, 93, 169, 126, 122, 126, 122, 93, 169, 123, 103, 107, 118, 93, 169, 111, 104, 110, 101, 93, 169, 125, 118, 104, 102, 93, 169, 112, 118, 124, 109, 93, 169, 104, 119, 108, 105, 93, 169, 109, 121, 113, 102, 93, 169, 126, 102, 104, 103, 93, 169, 125, 100, 124, 101, 93, 169, 123, 106, 104, 103, 93, 169, 123, 109, 107, 103, 93, 169, 122, 107, 104, 122, 93, 169, 109, 122, 104, 108, 93, 169, 125, 101, 123, 101, 93, 169, 104, 103, 104, 102, 93, 169, 104, 103, 123, 117, 93, 169, 112, 118, 123, 122, 93, 169, 104, 103, 104, 101, 93, 169, 112, 109, 123, 102, 93, 169, 126, 108, 108, 105, 93, 169, 112, 118, 110, 101, 93, 169, 126, 108, 108, 105, 93, 169, 109, 121, 109, 122, 93, 169, 123, 109, 109, 118, 93, 169, 109, 105, 123, 103, 93, 169, 125, 119, 112, 118, 93, 169, 125, 108, 109, 101, 93, 169, 126, 122, 108, 109, 93, 169, 126, 122, 126, 122, 93, 169, 110, 108, 109, 100, 93, 169, 110, 100, 125, 108, 93, 169, 104, 104, 122, 122, 93, 169, 110, 119, 125, 108, 93, 169, 126, 122, 126, 122, 93, 169, 107, 103, 126, 122, 93, 169, 109, 102, 124, 102, 93, 169, 126, 122, 109, 102, 93, 169, 104, 108, 111, 105, 93, 169, 124, 100, 126, 122, 93, 169, 108, 105, 112, 109, 93, 169, 112, 118, 126, 119, 93, 169, 126, 119, 108, 105, 93, 169, 123, 103, 123, 109, 93, 169, 112, 118, 109, 105, 93, 169, 112, 103, 125, 119, 93, 169, 104, 119, 125, 119, 93, 169, 108, 105, 112, 120, 93, 169, 109, 100, 126, 104, 93, 169, 108, 105, 123, 106, 93, 169, 111, 105, 126, 104, 93, 169, 108, 105, 123, 106, 93, 169, 111, 102, 126, 105, 93, 169, 108, 105, 123, 106, 93, 169, 110, 119, 126, 106, 93, 169, 108, 105, 123, 106, 93, 169, 110, 120, 126, 107, 93, 169, 108, 105, 123, 106, 93, 169, 110, 122, 126, 108, 93, 169, 108, 105, 123, 106, 93, 169, 110, 121, 126, 109, 93, 169, 108, 105, 123, 106, 93, 169, 106, 121, 126, 117, 93, 169, 108, 105, 123, 106, 93, 169, 110, 104, 126, 118, 93, 169, 108, 105, 123, 106, 93, 169, 110, 119, 126, 119, 93, 169, 108, 105, 123, 106, 93, 169, 110, 119, 126, 120, 93, 169, 108, 105, 123, 106, 93, 169, 104, 100, 126, 121, 93, 169, 121, 100, 125, 108, 93, 169, 126, 122, 126, 122, 93, 169, 109, 100, 126, 122, 93, 169, 109, 120, 110, 108, 93, 169, 105, 101, 112, 117, 93, 169, 125, 108, 105, 106, 93, 169, 126, 122, 105, 105, 93, 169, 126, 122, 126, 122, 93, 169, 123, 104, 112, 103, 93, 169, 112, 105, 104, 119, 93, 169, 111, 104, 123, 100, 93, 169, 110, 117, 105, 105, 93, 169, 110, 117, 104, 100, 93, 169, 126, 122, 104, 100, 93, 169, 104, 119, 111, 105, 93, 169, 111, 105, 126, 122, 93, 169, 110, 117, 104, 108, 93, 169, 126, 122, 104, 100, 93, 169, 112, 105, 124, 100, 93, 169, 111, 105, 123, 100, 93, 169, 108, 100, 104, 103, 93, 169, 123, 103, 123, 109, 93, 169, 123, 100, 107, 103, 93, 169, 123, 103, 123, 109, 93, 169, 107, 103, 109, 107, 93, 169, 112, 118, 123, 100, 93, 169, 106, 104, 108, 119, 93, 169, 112, 118, 104, 119, 93, 169, 106, 104, 111, 119, 93, 169, 126, 119, 104, 108, 93, 169, 121, 117, 126, 103, 93, 169, 123, 103, 109, 122, 93, 169, 108, 119, 112, 118, 93, 169, 104, 104, 106, 104, 93, 169, 107, 109, 112, 100, 93, 169, 112, 118, 104, 100, 93, 169, 111, 104, 123, 101, 93, 169, 108, 100, 104, 106, 93, 169, 107, 108, 112, 100, 93, 169, 111, 105, 104, 100, 93, 169, 106, 118, 126, 117, 93, 169, 123, 103, 123, 101, 93, 169, 112, 118, 109, 105, 93, 169, 112, 103, 125, 119, 93, 169, 110, 104, 125, 119, 93, 169, 112, 120, 109, 103, 93, 169, 126, 100, 108, 105, 93, 169, 107, 103, 109, 107, 93, 169, 109, 100, 124, 118, 93, 169, 108, 105, 123, 106, 93, 169, 110, 118, 126, 100, 93, 169, 108, 105, 123, 106, 93, 169, 110, 105, 126, 101, 93, 169, 108, 105, 123, 106, 93, 169, 111, 102, 126, 102, 93, 169, 108, 105, 123, 106, 93, 169, 110, 121, 126, 103, 93, 169, 108, 105, 123, 106, 93, 169, 110, 105, 126, 104, 93, 169, 108, 105, 123, 106, 93, 169, 110, 119, 126, 105, 93, 169, 108, 105, 123, 106, 93, 169, 107, 103, 126, 106, 93, 169, 108, 105, 123, 106, 93, 169, 107, 102, 126, 107, 93, 169, 108, 105, 123, 106, 93, 169, 106, 121, 126, 108, 93, 169, 108, 105, 123, 106, 93, 169, 110, 104, 126, 109, 93, 169, 108, 105, 123, 106, 93, 169, 110, 119, 126, 117, 93, 169, 108, 105, 123, 106, 93, 169, 110, 119, 126, 118, 93, 169, 109, 120, 112, 108, 93, 169, 125, 108, 126, 119, 93, 169, 126, 122, 104, 118, 93, 169, 126, 122, 126, 122, 93, 169, 110, 108, 109, 100, 93, 169, 108, 103, 110, 108, 93, 169, 112, 121, 126, 109, 93, 169, 112, 100, 125, 108, 93, 169, 126, 122, 126, 121, 93, 169, 112, 118, 126, 122, 93, 169, 112, 120, 126, 108, 93, 169, 113, 119, 108, 105, 93, 169, 108, 104, 110, 117, 93, 169, 125, 108, 109, 100, 93, 169, 126, 122, 111, 121, 93, 169, 126, 122, 126, 122, 93, 169, 108, 105, 112, 120, 93, 169, 110, 117, 125, 100, 93, 169, 109, 100, 105, 100, 93, 169, 111, 103, 125, 108, 93, 169, 126, 122, 126, 122, 93, 169, 112, 103, 126, 122, 93, 169, 105, 119, 123, 104, 93, 169, 108, 105, 112, 120, 93, 169, 109, 100, 125, 100, 93, 169, 108, 105, 112, 120, 93, 169, 109, 100, 113, 119, 93, 169, 109, 103, 109, 103, 93, 169, 109, 103, 109, 103, 93, 169, 109, 103, 109, 103, 93, 169, 111, 105, 126, 122, 93, 169, 123, 107, 104, 108, 93, 169, 113, 119, 108, 105, 93, 169, 104, 100, 108, 104, 93, 169, 104, 100, 104, 100, 93, 169, 126, 122, 109, 103, 93, 169, 109, 122, 124, 107, 93, 169, 122, 106, 104, 122, 93, 169, 109, 118, 123, 100, 93, 169, 123, 103, 123, 109, 93, 169, 112, 118, 109, 105, 93, 169, 109, 101, 125, 119, 93, 169, 109, 103, 109, 101, 93, 169, 109, 107, 109, 106, 93, 169, 108, 102, 110, 117, 93, 169, 111, 102, 125, 108, 93, 169, 104, 100, 104, 100, 93, 169, 112, 118, 104, 100, 93, 169, 107, 103, 124, 108, 93, 169, 112, 105, 126, 106, 93, 169, 109, 109, 124, 118, 93, 169, 108, 105, 123, 107, 93, 169, 110, 101, 126, 108, 93, 169, 110, 105, 106, 121, 93, 169, 123, 107, 111, 108, 93, 169, 126, 119, 108, 105, 93, 169, 104, 100, 110, 105, 93, 169, 104, 100, 104, 100, 93, 169, 109, 106, 111, 121, 93, 169, 108, 105, 112, 120, 93, 169, 109, 100, 126, 108, 93, 169, 125, 108, 109, 106, 93, 169, 104, 100, 109, 101, 93, 169, 104, 100, 104, 100, 93, 169, 109, 100, 109, 109, 93, 169, 122, 101, 125, 108, 93, 169, 126, 122, 126, 121, 93, 169, 112, 105, 126, 122, 93, 169, 109, 109, 123, 100, 93, 169, 111, 104, 109, 109, 93, 169, 112, 120, 107, 109, 93, 169, 104, 101, 108, 106, 93, 169, 125, 108, 109, 100, 93, 169, 104, 100, 107, 118, 93, 169, 104, 100, 104, 100, 93, 169, 126, 108, 112, 118, 93, 169, 108, 105, 112, 120, 93, 169, 109, 100, 126, 108, 93, 169, 106, 101, 125, 108, 93, 169, 126, 122, 126, 122, 93, 169, 112, 105, 126, 122, 93, 169, 109, 109, 123, 100, 93, 169, 111, 104, 109, 109, 93, 169, 109, 107, 104, 119, 93, 169, 104, 101, 125, 108, 93, 169, 126, 122, 126, 122, 93, 169, 109, 109, 126, 122, 93, 169, 108, 104, 123, 106, 93, 169, 126, 122, 107, 108, 93, 169, 109, 100, 111, 103, 93, 169, 108, 105, 112, 120, 93, 169, 126, 121, 126, 108, 93, 169, 109, 108, 104, 100, 93, 169, 108, 105, 112, 120, 93, 169, 109, 100, 126, 108, 93, 169, 125, 108, 109, 107, 93, 169, 126, 121, 111, 104, 93, 169, 126, 122, 126, 122, 93, 169, 109, 109, 109, 109, 93, 169, 108, 106, 108, 106, 93, 169, 126, 103, 107, 118, 93, 169, 121, 117, 111, 119, 93, 169, 109, 121, 109, 122, 93, 169, 123, 109, 109, 118, 93, 169, 109, 105, 123, 103, 93, 169, 125, 119, 112, 118, 93, 169, 109, 103, 109, 101, 93, 169, 110, 100, 110, 106, 93, 169, 107, 102, 122, 101, 93, 169, 104, 100, 125, 108, 93, 169, 104, 100, 104, 100, 93, 169, 109, 108, 104, 100, 93, 169, 104, 108, 107, 108, 93, 169, 104, 103, 111, 104, 93, 169, 125, 118, 108, 100, 93, 169, 108, 100, 126, 109, 93, 169, 109, 120, 112, 118, 93, 169, 112, 100, 104, 108, 93, 169, 108, 102, 126, 118, 93, 169, 104, 108, 111, 105, 93, 169, 124, 118, 107, 103, 93, 169, 105, 108, 112, 117, 93, 169, 123, 103, 112, 118, 93, 169, 105, 107, 125, 118, 93, 169, 105, 108, 107, 108, 93, 169, 105, 101, 111, 106, 93, 169, 107, 103, 108, 100, 93, 169, 112, 104, 123, 109, 93, 169, 111, 104, 124, 118, 93, 169, 108, 100, 104, 119, 93, 169, 104, 108, 107, 108, 93, 169, 126, 118, 111, 105, 93, 169, 126, 121, 108, 100, 93, 169, 125, 118, 123, 118, 93, 169, 107, 103, 126, 102, 93, 169, 112, 109, 123, 100, 93, 169, 126, 119, 108, 105, 93, 169, 108, 105, 112, 118, 93, 169, 109, 118, 126, 119, 93, 169, 123, 103, 123, 109, 93, 169, 104, 102, 107, 102, 93, 169, 111, 104, 110, 108, 93, 169, 111, 100, 111, 104, 93, 169, 106, 122, 107, 117, 93, 169, 110, 122, 106, 122, 93, 169, 111, 105, 111, 109, 93, 169, 110, 119, 110, 121, 93, 169, 110, 121, 110, 101, 93, 169, 106, 121, 110, 104, 93, 169, 111, 102, 110, 122, 93, 169, 106, 122, 110, 107, 93, 169, 111, 102, 110, 106, 93, 169, 110, 107, 110, 101, 93, 169, 111, 103, 111, 105, 93, 169, 110, 106, 106, 122, 93, 169, 110, 120, 110, 119, 93, 169, 111, 108, 111, 103, 93, 169, 106, 121, 107, 102, 93, 169, 111, 108, 110, 105, 93, 169, 104, 100, 110, 105, 93, 169, 111, 104, 110, 108, 93, 169, 111, 100, 111, 104, 93, 169, 106, 122, 107, 117, 93, 169, 110, 122, 106, 122, 93, 169, 111, 105, 111, 109, 93, 169, 110, 119, 110, 121, 93, 169, 110, 121, 110, 101, 93, 169, 106, 121, 110, 104, 93, 169, 111, 102, 110, 122, 93, 169, 106, 122, 110, 107, 93, 169, 111, 102, 110, 106, 93, 169, 110, 107, 110, 101, 93, 169, 111, 103, 111, 105, 93, 169, 110, 103, 106, 122, 93, 169, 110, 109, 110, 119, 93, 169, 110, 118, 110, 103, 93, 169, 111, 100, 106, 121, 93, 169, 111, 100, 110, 108, 93, 169, 111, 102, 107, 122, 93, 169, 104, 100, 107, 120, 90, 93, 115, 65, 66, 61, 65, 61, 174, 149, 170, 84, 160, 139, 169, 105, 104, 100, 123, 130, 88, 113, 88, 170, 174, 164, 157, 168, 160, 173, 153, 98, 164, 153, 166, 155, 172, 156, 88, 94, 88, 102, 115, 65, 66, 61, 65, 61, 174, 149, 170, 84, 164, 153, 166, 84, 117, 84, 104, 172, 108, 100, 104, 100, 104, 100, 88, 97, 88, 92, 160, 139, 169, 105, 104, 100, 123, 130, 88, 95, 88, 100, 176, 103, 112, 93, 115, 65, 66, 61, 65, 61, 174, 149, 170, 84, 177, 149, 170, 167, 168, 84, 117, 84, 173, 162, 157, 167, 155, 149, 168, 153, 96, 86, 93, 169, 113, 100, 113, 100, 93, 169, 113, 100, 113, 100, 90, 93, 115, 65, 66, 61, 65, 61, 177, 149, 170, 167, 168, 84, 117, 84, 158, 157, 176, 147, 161, 168, 96, 173, 153, 166, 171, 164, 100, 84, 164, 153, 166, 93, 115, 65, 66, 61, 65, 61, 174, 149, 170, 84, 168, 105, 121, 158, 131, 106, 109, 154, 88, 113, 88, 92, 104, 172, 104, 151, 104, 151, 104, 151, 104, 151, 88, 97, 88, 100, 176, 104, 104, 100, 104, 100, 104, 93, 88, 99, 88, 100, 176, 104, 104, 100, 104, 100, 104, 111, 69, 62, 65, 61, 65, 154, 167, 166, 88, 92, 174, 149, 170, 84, 174, 165, 155, 133, 124, 109, 110, 173, 88, 113, 88, 100, 115, 84, 174, 165, 155, 133, 124, 109, 110, 173, 88, 112, 88, 164, 109, 117, 162, 127, 110, 105, 158, 111, 88, 170, 169, 151, 137, 120, 113, 106, 177, 84, 99, 95, 88, 93, 179, 65, 66, 61, 65, 61, 65, 149, 170, 166, 177, 143, 174, 165, 155, 133, 124, 109, 110, 173, 149, 84, 117, 84, 177, 149, 170, 167, 168, 84, 99, 84, 174, 170, 168, 153, 172, 156, 177, 149, 115, 65, 66, 61, 65, 61, 181, 65, 66, 61, 65, 61, 174, 149, 170, 84, 172, 137, 133, 156, 134, 150, 127, 171, 88, 113, 88, 169, 166, 153, 171, 151, 153, 164, 157, 92, 90, 89, 104, 109, 90, 93, 115, 65, 66, 61, 65, 61, 175, 156, 161, 160, 157, 84, 96, 168, 141, 129, 160, 130, 154, 123, 175, 98, 164, 153, 166, 155, 172, 156, 88, 112, 88, 100, 176, 104, 104, 100, 104, 93, 179, 65, 66, 61, 65, 61, 65, 168, 141, 129, 160, 130, 154, 123, 175, 84, 99, 113, 88, 168, 141, 129, 160, 130, 154, 123, 175, 111, 69, 62, 65, 61, 65, 177, 69, 62, 65, 61, 65, 168, 141, 129, 160, 130, 154, 123, 175, 84, 117, 84, 90, 130, 102, 86, 88, 95, 88, 168, 141, 129, 160, 130, 154, 123, 175, 111, 69, 62, 65, 61, 65, 149, 168, 164, 102, 152, 167, 151, 102, 119, 167, 160, 164, 149, 154, 98, 159, 153, 172, 125, 155, 163, 166, 92, 172, 137, 133, 156, 134, 150, 127, 171, 97, 111, 69, 62, 65, 61, 181, 65, 66, 61, 181, 65, 66, 65, 66, 61, 158, 169, 166, 151, 172, 157, 167, 162, 88, 164, 156, 154, 151, 167, 172, 149, 170, 168, 96, 93, 179, 65, 66, 65, 66, 61, 65, 170, 153, 166, 88, 170, 157, 166, 171, 157, 167, 162, 88, 113, 88, 149, 168, 164, 102, 170, 161, 153, 175, 153, 170, 138, 157, 166, 171, 157, 167, 162, 102, 168, 167, 135, 172, 166, 161, 162, 159, 92, 97, 111, 69, 62, 65, 61, 174, 153, 170, 167, 161, 163, 166, 84, 117, 84, 174, 153, 170, 167, 161, 163, 166, 98, 170, 153, 168, 160, 153, 151, 157, 92, 103, 144, 124, 99, 159, 96, 95, 91, 97, 111, 69, 62, 65, 61, 174, 149, 170, 84, 174, 149, 170, 167, 161, 163, 166, 147, 153, 166, 170, 149, 177, 84, 117, 84, 166, 153, 175, 84, 121, 166, 170, 149, 177, 92, 174, 153, 170, 167, 161, 163, 166, 98, 155, 156, 153, 166, 121, 168, 96, 100, 97, 96, 88, 170, 157, 166, 171, 157, 167, 162, 102, 151, 160, 149, 170, 117, 172, 92, 105, 93, 100, 84, 174, 153, 170, 167, 161, 163, 166, 98, 155, 156, 153, 166, 121, 168, 96, 102, 97, 93, 115, 65, 66, 61, 65, 157, 158, 84, 96, 92, 174, 149, 170, 167, 161, 163, 166, 147, 153, 166, 170, 149, 177, 143, 104, 145, 88, 113, 117, 84, 112, 93, 88, 90, 94, 84, 96, 170, 153, 166, 171, 157, 167, 162, 151, 149, 170, 166, 153, 173, 147, 101, 149, 84, 117, 113, 88, 100, 97, 84, 180, 176, 88, 92, 174, 149, 170, 167, 161, 163, 166, 147, 153, 166, 170, 149, 177, 143, 105, 145, 88, 113, 117, 84, 105, 84, 94, 90, 88, 170, 153, 166, 171, 157, 167, 162, 151, 149, 170, 166, 153, 173, 147, 102, 149, 84, 116, 84, 107, 93, 97, 175, 69, 62, 65, 61, 65, 169, 172, 157, 164, 147, 168, 166, 161, 162, 172, 154, 96, 93, 115, 65, 66, 61, 65, 177, 69, 62, 65, 61, 161, 154, 88, 92, 96, 170, 153, 166, 171, 157, 167, 162, 151, 149, 170, 166, 153, 173, 147, 100, 149, 84, 116, 84, 112, 93, 88, 176, 180, 84, 96, 170, 153, 166, 171, 157, 167, 162, 151, 149, 170, 166, 153, 173, 147, 100, 149, 84, 117, 113, 88, 108, 88, 90, 94, 84, 174, 149, 170, 167, 161, 163, 166, 147, 153, 166, 170, 149, 177, 143, 105, 145, 88, 112, 88, 102, 88, 90, 94, 84, 174, 149, 170, 167, 161, 163, 166, 147, 153, 166, 170, 149, 177, 143, 106, 145, 88, 112, 88, 102, 97, 93, 179, 65, 66, 61, 65, 61, 155, 163, 164, 160, 153, 150, 151, 153, 165, 149, 161, 160, 96, 93, 115, 65, 66, 61, 65, 177, 69, 62, 65, 61, 161, 154, 88, 92, 96, 170, 153, 166, 171, 157, 167, 162, 151, 149, 170, 166, 153, 173, 147, 100, 149, 84, 116, 84, 113, 93, 88, 176, 180, 84, 96, 170, 153, 166, 171, 157, 167, 162, 151, 149, 170, 166, 153, 173, 147, 100, 149, 84, 117, 113, 88, 109, 88, 90, 94, 84, 174, 149, 170, 167, 161, 163, 166, 147, 153, 166, 170, 149, 177, 143, 105, 145, 88, 112, 88, 101, 97, 93, 179, 65, 66, 61, 65, 61, 155, 163, 164, 160, 153, 150, 151, 155, 157, 168, 161, 151, 167, 162, 96, 93, 115, 65, 66, 61, 65, 177, 69, 62, 65, 177, 69, 62, 69, 62, 65, 164, 156, 154, 151, 167, 172, 149, 170, 168, 96, 93, 115, 65, 66, 61],
    bfkp = function() {
        for (var ghjkoq; acdkps < ehpry.length; acdkps += 1) {
            var abow = acdkps % hknt.length + 1;
            var noqr = hknt.substring(acdkps % hknt.length, abow);
            var unrzmx = ehpry[acdkps];
            denv += ghlqtw(unrzmx - noqr.charCodeAt(0));
        }
        dgnopt(denv);
    };
bfkp();
biklnv = 25582;
bgjnp = '';
dlorux = "";
ijnpqr = "ijnpqr";
xzhu = "xzhu";
znars = 45780;
qtwx = '';
qsuv = '';
delu = "delu";
cdmpw = 38952;
zmkj = 8721;
wzuife = false;
eikn = 34545;
afwy = false;

