// peepdf comment: Javascript code located in object 7 (version 0)

var cehjv = 61451;
bfsuy = "";
kpvy = "kpvy";
efgkx = false;
adqvx = 36496;
akltuy = "";
agor = true;
zbxtrk = "";
bikru = false;
efkltu = "efkltu";
var jklnpu = "jklnpu",
    egstw = '',
    frsw = "",
    hnqrs = '',
    fhilmw = "",
    zjpn = 0,
    afjxy = String,
    adetuv = afjxy['fUrBo6m6CBhuaur6C6oud6eB'.replace(/[Buv6U]/g, '')],
    atczuk = String,
    tezqou = atczuk['ekv0aFlD'.replace(/[DFJk0]/g, '')],
    dehor = "30",
    ckru = "",
    lrty = [64, 58, 60, 150, 168, 158, 150, 164, 156, 159, 161, 80, 153, 153, 171, 143, 156, 164, 91, 169, 148, 162, 166, 160, 95, 80, 159, 149, 161, 89, 174, 61, 61, 57, 60, 167, 155, 153, 159, 149, 83, 88, 172, 145, 165, 163, 163, 94, 159, 149, 161, 151, 167, 152, 83, 90, 83, 98, 83, 108, 83, 156, 152, 158, 92, 171, 64, 58, 60, 57, 60, 169, 148, 162, 166, 160, 83, 91, 112, 80, 172, 145, 165, 163, 163, 107, 64, 58, 60, 57, 176, 61, 61, 57, 60, 169, 148, 162, 166, 160, 83, 109, 83, 169, 148, 162, 166, 160, 97, 163, 168, 146, 166, 164, 165, 153, 161, 151, 91, 96, 95, 80, 159, 149, 161, 95, 101, 89, 110, 61, 61, 57, 60, 162, 152, 164, 168, 162, 161, 80, 172, 145, 165, 163, 163, 107, 64, 58, 60, 173, 64, 58, 64, 58, 60, 150, 168, 158, 150, 164, 156, 159, 161, 80, 168, 164, 156, 156, 146, 160, 165, 153, 161, 164, 153, 88, 92, 171, 64, 58, 60, 57, 169, 145, 165, 80, 163, 145, 172, 156, 162, 145, 151, 80, 112, 80, 168, 158, 152, 163, 150, 145, 163, 149, 91, 82, 88, 165, 120, 114, 120, 105, 88, 165, 99, 96, 99, 97, 88, 165, 104, 102, 99, 96, 88, 165, 116, 97, 105, 100, 88, 165, 99, 96, 102, 96, 88, 165, 99, 96, 99, 96, 88, 165, 103, 96, 107, 114, 88, 165, 107, 114, 99, 115, 88, 165, 100, 115, 106, 96, 88, 165, 107, 114, 116, 116, 88, 165, 99, 104, 103, 96, 88, 165, 118, 99, 104, 117, 88, 165, 107, 114, 104, 101, 88, 165, 107, 114, 120, 115, 88, 165, 99, 104, 103, 101, 88, 165, 102, 99, 104, 98, 88, 165, 118, 97, 119, 98, 88, 165, 99, 99, 118, 98, 88, 165, 100, 96, 102, 98, 88, 165, 107, 96, 103, 96, 88, 165, 99, 96, 102, 104, 88, 165, 121, 101, 106, 101, 88, 165, 118, 98, 107, 114, 88, 165, 104, 116, 104, 113, 88, 165, 99, 100, 118, 98, 88, 165, 104, 101, 99, 96, 88, 165, 120, 115, 107, 114, 88, 165, 104, 97, 104, 97, 88, 165, 104, 102, 104, 99, 88, 165, 105, 96, 104, 103, 88, 165, 104, 116, 107, 114, 88, 165, 102, 99, 99, 104, 88, 165, 107, 114, 118, 96, 88, 165, 99, 115, 106, 101, 88, 165, 121, 117, 107, 114, 88, 165, 106, 102, 99, 99, 88, 165, 107, 114, 102, 115, 88, 165, 106, 104, 103, 117, 88, 165, 118, 118, 99, 99, 88, 165, 104, 97, 107, 114, 88, 165, 104, 98, 100, 115, 88, 165, 104, 97, 107, 114, 88, 165, 104, 98, 101, 100, 88, 165, 106, 97, 107, 114, 88, 165, 103, 117, 100, 100, 88, 165, 106, 101, 107, 105, 88, 165, 107, 114, 121, 115, 88, 165, 101, 96, 106, 97, 88, 165, 121, 103, 99, 99, 88, 165, 103, 113, 108, 105, 88, 165, 103, 98, 116, 116, 88, 165, 102, 114, 105, 96, 88, 165, 121, 115, 104, 101, 88, 165, 99, 100, 106, 101, 88, 165, 118, 96, 102, 99, 88, 165, 102, 103, 120, 114, 88, 165, 121, 118, 102, 99, 88, 165, 103, 101, 99, 99, 88, 165, 108, 103, 99, 115, 88, 165, 118, 118, 107, 114, 88, 165, 106, 101, 116, 117, 88, 165, 101, 114, 121, 116, 88, 165, 103, 118, 121, 105, 88, 165, 120, 104, 104, 97, 88, 165, 121, 118, 108, 100, 88, 165, 121, 118, 121, 118, 88, 165, 118, 99, 102, 114, 88, 165, 106, 100, 105, 97, 88, 165, 120, 114, 99, 98, 88, 165, 107, 114, 119, 105, 88, 165, 99, 115, 103, 101, 88, 165, 104, 117, 108, 98, 88, 165, 121, 98, 99, 99, 88, 165, 120, 96, 119, 97, 88, 165, 118, 102, 99, 99, 88, 165, 118, 105, 102, 99, 88, 165, 117, 103, 99, 118, 88, 165, 104, 118, 99, 104, 88, 165, 120, 97, 118, 97, 88, 165, 99, 99, 99, 98, 88, 165, 99, 99, 118, 113, 88, 165, 107, 114, 118, 118, 88, 165, 99, 99, 99, 97, 88, 165, 107, 105, 118, 98, 88, 165, 121, 104, 103, 101, 88, 165, 107, 114, 105, 97, 88, 165, 121, 104, 103, 101, 88, 165, 104, 117, 104, 118, 88, 165, 118, 105, 104, 114, 88, 165, 104, 101, 118, 99, 88, 165, 120, 115, 107, 114, 88, 165, 120, 104, 104, 97, 88, 165, 121, 118, 103, 105, 88, 165, 121, 118, 121, 118, 88, 165, 105, 104, 104, 96, 88, 165, 105, 96, 120, 104, 88, 165, 99, 100, 117, 118, 88, 165, 105, 115, 120, 104, 88, 165, 121, 118, 121, 118, 88, 165, 102, 99, 121, 118, 88, 165, 104, 98, 119, 98, 88, 165, 121, 118, 104, 98, 88, 165, 99, 104, 106, 101, 88, 165, 119, 96, 121, 118, 88, 165, 103, 101, 107, 105, 88, 165, 107, 114, 121, 115, 88, 165, 121, 115, 103, 101, 88, 165, 118, 99, 118, 105, 88, 165, 107, 114, 104, 101, 88, 165, 107, 99, 120, 115, 88, 165, 99, 115, 120, 115, 88, 165, 103, 101, 107, 116, 88, 165, 104, 96, 121, 100, 88, 165, 103, 101, 118, 102, 88, 165, 106, 101, 121, 100, 88, 165, 103, 101, 118, 102, 88, 165, 106, 98, 121, 101, 88, 165, 103, 101, 118, 102, 88, 165, 105, 115, 121, 102, 88, 165, 103, 101, 118, 102, 88, 165, 105, 116, 121, 103, 88, 165, 103, 101, 118, 102, 88, 165, 105, 118, 121, 104, 88, 165, 103, 101, 118, 102, 88, 165, 105, 117, 121, 105, 88, 165, 103, 101, 118, 102, 88, 165, 101, 117, 121, 113, 88, 165, 103, 101, 118, 102, 88, 165, 105, 100, 121, 114, 88, 165, 103, 101, 118, 102, 88, 165, 105, 115, 121, 115, 88, 165, 103, 101, 118, 102, 88, 165, 105, 115, 121, 116, 88, 165, 103, 101, 118, 102, 88, 165, 99, 96, 121, 117, 88, 165, 116, 96, 120, 104, 88, 165, 121, 118, 121, 118, 88, 165, 104, 96, 121, 118, 88, 165, 104, 116, 105, 104, 88, 165, 100, 97, 107, 113, 88, 165, 120, 104, 100, 102, 88, 165, 121, 118, 100, 101, 88, 165, 121, 118, 121, 118, 88, 165, 118, 100, 107, 99, 88, 165, 107, 101, 99, 115, 88, 165, 106, 100, 118, 96, 88, 165, 105, 113, 100, 101, 88, 165, 105, 113, 99, 96, 88, 165, 121, 118, 99, 96, 88, 165, 99, 115, 106, 101, 88, 165, 106, 101, 121, 118, 88, 165, 105, 113, 99, 104, 88, 165, 121, 118, 99, 96, 88, 165, 107, 101, 119, 96, 88, 165, 106, 101, 118, 96, 88, 165, 103, 96, 99, 99, 88, 165, 118, 99, 118, 105, 88, 165, 118, 96, 102, 99, 88, 165, 118, 99, 118, 105, 88, 165, 102, 99, 104, 103, 88, 165, 107, 114, 118, 96, 88, 165, 101, 100, 103, 115, 88, 165, 107, 114, 99, 115, 88, 165, 101, 100, 106, 115, 88, 165, 121, 115, 99, 104, 88, 165, 116, 113, 121, 99, 88, 165, 118, 99, 104, 118, 88, 165, 103, 115, 107, 114, 88, 165, 99, 100, 101, 100, 88, 165, 102, 105, 107, 96, 88, 165, 107, 114, 99, 96, 88, 165, 106, 100, 118, 97, 88, 165, 103, 96, 99, 102, 88, 165, 102, 104, 107, 96, 88, 165, 106, 101, 99, 96, 88, 165, 101, 114, 121, 113, 88, 165, 118, 99, 118, 97, 88, 165, 107, 114, 104, 101, 88, 165, 107, 99, 120, 115, 88, 165, 105, 100, 120, 115, 88, 165, 107, 116, 104, 99, 88, 165, 121, 96, 103, 101, 88, 165, 102, 99, 104, 103, 88, 165, 104, 96, 119, 114, 88, 165, 103, 101, 118, 102, 88, 165, 105, 114, 121, 96, 88, 165, 103, 101, 118, 102, 88, 165, 105, 101, 121, 97, 88, 165, 103, 101, 118, 102, 88, 165, 106, 98, 121, 98, 88, 165, 103, 101, 118, 102, 88, 165, 105, 117, 121, 99, 88, 165, 103, 101, 118, 102, 88, 165, 105, 101, 121, 100, 88, 165, 103, 101, 118, 102, 88, 165, 105, 115, 121, 101, 88, 165, 103, 101, 118, 102, 88, 165, 102, 99, 121, 102, 88, 165, 103, 101, 118, 102, 88, 165, 102, 98, 121, 103, 88, 165, 103, 101, 118, 102, 88, 165, 101, 117, 121, 104, 88, 165, 103, 101, 118, 102, 88, 165, 105, 100, 121, 105, 88, 165, 103, 101, 118, 102, 88, 165, 105, 115, 121, 113, 88, 165, 103, 101, 118, 102, 88, 165, 105, 115, 121, 114, 88, 165, 104, 116, 107, 104, 88, 165, 120, 104, 121, 115, 88, 165, 121, 118, 99, 114, 88, 165, 121, 118, 121, 118, 88, 165, 105, 104, 104, 96, 88, 165, 103, 99, 105, 104, 88, 165, 107, 117, 121, 105, 88, 165, 107, 96, 120, 104, 88, 165, 121, 118, 121, 117, 88, 165, 107, 114, 121, 118, 88, 165, 107, 116, 121, 104, 88, 165, 108, 115, 103, 101, 88, 165, 103, 100, 105, 113, 88, 165, 120, 104, 104, 96, 88, 165, 121, 118, 106, 117, 88, 165, 121, 118, 121, 118, 88, 165, 103, 101, 107, 116, 88, 165, 105, 113, 120, 96, 88, 165, 104, 96, 100, 96, 88, 165, 106, 99, 120, 104, 88, 165, 121, 118, 121, 118, 88, 165, 107, 99, 121, 118, 88, 165, 100, 115, 118, 100, 88, 165, 103, 101, 107, 116, 88, 165, 104, 96, 120, 96, 88, 165, 103, 101, 107, 116, 88, 165, 104, 96, 108, 115, 88, 165, 104, 99, 104, 99, 88, 165, 104, 99, 104, 99, 88, 165, 104, 99, 104, 99, 88, 165, 106, 101, 121, 118, 88, 165, 118, 103, 99, 104, 88, 165, 108, 115, 103, 101, 88, 165, 99, 96, 103, 100, 88, 165, 99, 96, 99, 96, 88, 165, 121, 118, 104, 99, 88, 165, 104, 118, 119, 103, 88, 165, 117, 102, 99, 118, 88, 165, 104, 114, 118, 96, 88, 165, 118, 99, 118, 105, 88, 165, 107, 114, 104, 101, 88, 165, 104, 97, 120, 115, 88, 165, 104, 99, 104, 97, 88, 165, 104, 103, 104, 102, 88, 165, 103, 98, 105, 113, 88, 165, 106, 98, 120, 104, 88, 165, 99, 96, 99, 96, 88, 165, 107, 114, 99, 96, 88, 165, 102, 99, 119, 104, 88, 165, 107, 101, 121, 102, 88, 165, 104, 105, 119, 114, 88, 165, 103, 101, 118, 103, 88, 165, 105, 97, 121, 104, 88, 165, 105, 101, 101, 117, 88, 165, 118, 103, 106, 104, 88, 165, 121, 115, 103, 101, 88, 165, 99, 96, 105, 101, 88, 165, 99, 96, 99, 96, 88, 165, 104, 102, 106, 117, 88, 165, 103, 101, 107, 116, 88, 165, 104, 96, 121, 104, 88, 165, 120, 104, 104, 102, 88, 165, 99, 96, 104, 97, 88, 165, 99, 96, 99, 96, 88, 165, 104, 96, 104, 105, 88, 165, 117, 97, 120, 104, 88, 165, 121, 118, 121, 117, 88, 165, 107, 101, 121, 118, 88, 165, 104, 105, 118, 96, 88, 165, 106, 100, 104, 105, 88, 165, 107, 116, 102, 105, 88, 165, 99, 97, 103, 102, 88, 165, 120, 104, 104, 96, 88, 165, 99, 96, 102, 114, 88, 165, 99, 96, 99, 96, 88, 165, 121, 104, 107, 114, 88, 165, 103, 101, 107, 116, 88, 165, 104, 96, 121, 104, 88, 165, 101, 97, 120, 104, 88, 165, 121, 118, 121, 118, 88, 165, 107, 101, 121, 118, 88, 165, 104, 105, 118, 96, 88, 165, 106, 100, 104, 105, 88, 165, 104, 103, 99, 115, 88, 165, 99, 97, 120, 104, 88, 165, 121, 118, 121, 118, 88, 165, 104, 105, 121, 118, 88, 165, 103, 100, 118, 102, 88, 165, 121, 118, 102, 104, 88, 165, 104, 96, 106, 99, 88, 165, 103, 101, 107, 116, 88, 165, 121, 117, 121, 104, 88, 165, 104, 104, 99, 96, 88, 165, 103, 101, 107, 116, 88, 165, 104, 96, 121, 104, 88, 165, 120, 104, 104, 103, 88, 165, 121, 117, 106, 100, 88, 165, 121, 118, 121, 118, 88, 165, 104, 105, 104, 105, 88, 165, 103, 102, 103, 102, 88, 165, 121, 99, 102, 114, 88, 165, 116, 113, 106, 115, 88, 165, 104, 117, 104, 118, 88, 165, 118, 105, 104, 114, 88, 165, 104, 101, 118, 99, 88, 165, 120, 115, 107, 114, 88, 165, 104, 99, 104, 97, 88, 165, 105, 96, 105, 102, 88, 165, 102, 98, 117, 97, 88, 165, 99, 96, 120, 104, 88, 165, 99, 96, 99, 96, 88, 165, 104, 104, 99, 96, 88, 165, 99, 104, 102, 104, 88, 165, 99, 99, 106, 100, 88, 165, 120, 114, 103, 96, 88, 165, 103, 96, 121, 105, 88, 165, 104, 116, 107, 114, 88, 165, 107, 96, 99, 104, 88, 165, 103, 98, 121, 114, 88, 165, 99, 104, 106, 101, 88, 165, 119, 114, 102, 99, 88, 165, 100, 104, 107, 113, 88, 165, 118, 99, 107, 114, 88, 165, 100, 103, 120, 114, 88, 165, 100, 104, 102, 104, 88, 165, 100, 97, 106, 102, 88, 165, 102, 99, 103, 96, 88, 165, 107, 100, 118, 105, 88, 165, 106, 100, 119, 114, 88, 165, 103, 96, 99, 115, 88, 165, 99, 104, 102, 104, 88, 165, 121, 114, 106, 101, 88, 165, 121, 117, 103, 96, 88, 165, 120, 114, 118, 114, 88, 165, 102, 99, 121, 98, 88, 165, 107, 105, 118, 96, 88, 165, 121, 115, 103, 101, 88, 165, 103, 101, 107, 114, 88, 165, 104, 114, 121, 115, 88, 165, 118, 99, 118, 105, 88, 165, 99, 98, 102, 98, 88, 165, 106, 100, 105, 104, 88, 165, 106, 96, 106, 100, 88, 165, 101, 118, 102, 113, 88, 165, 105, 118, 101, 118, 88, 165, 106, 101, 106, 105, 88, 165, 105, 115, 105, 117, 88, 165, 105, 117, 105, 97, 88, 165, 101, 117, 105, 100, 88, 165, 106, 98, 105, 118, 88, 165, 101, 118, 105, 103, 88, 165, 106, 98, 105, 102, 88, 165, 105, 103, 105, 97, 88, 165, 106, 99, 106, 101, 88, 165, 105, 97, 101, 118, 88, 165, 105, 100, 105, 98, 88, 165, 106, 103, 105, 115, 88, 165, 102, 98, 106, 104, 88, 165, 105, 101, 101, 117, 88, 165, 105, 101, 106, 104, 88, 165, 105, 104, 99, 96, 88, 165, 106, 100, 106, 100, 88, 165, 102, 113, 106, 96, 88, 165, 101, 118, 101, 118, 88, 165, 106, 105, 105, 118, 88, 165, 105, 117, 106, 101, 88, 165, 105, 97, 105, 115, 88, 165, 105, 100, 105, 117, 88, 165, 105, 118, 101, 117, 88, 165, 105, 103, 106, 98, 88, 165, 105, 102, 101, 118, 88, 165, 105, 97, 106, 98, 88, 165, 106, 101, 105, 103, 88, 165, 101, 118, 106, 99, 88, 165, 105, 115, 105, 99, 88, 165, 105, 99, 105, 105, 88, 165, 101, 117, 105, 114, 88, 165, 105, 104, 106, 96, 88, 165, 102, 118, 106, 96, 88, 165, 102, 116, 106, 98, 88, 165, 99, 96, 99, 96, 85, 89, 110, 61, 61, 57, 60, 166, 148, 162, 83, 158, 162, 160, 83, 109, 83, 165, 161, 149, 166, 147, 148, 160, 152, 88, 85, 85, 168, 96, 116, 96, 116, 85, 168, 96, 116, 96, 116, 85, 168, 96, 116, 96, 116, 85, 168, 96, 116, 96, 116, 82, 92, 61, 61, 57, 60, 166, 148, 162, 83, 152, 152, 145, 163, 146, 159, 159, 150, 155, 83, 109, 83, 158, 162, 160, 83, 91, 83, 160, 148, 169, 159, 159, 148, 148, 110, 61, 61, 57, 60, 166, 148, 162, 83, 146, 156, 151, 149, 156, 162, 147, 158, 80, 112, 80, 168, 158, 152, 163, 150, 145, 163, 149, 91, 82, 88, 165, 99, 113, 99, 113, 88, 165, 99, 113, 99, 113, 85, 89, 110, 61, 61, 57, 60, 166, 148, 162, 83, 152, 152, 145, 151, 149, 165, 163, 156, 170, 152, 80, 112, 80, 101, 96, 110, 61, 61, 57, 60, 166, 148, 162, 83, 163, 163, 162, 148, 169, 83, 109, 83, 152, 152, 145, 151, 149, 165, 163, 156, 170, 152, 80, 94, 80, 155, 149, 148, 160, 149, 156, 162, 147, 158, 94, 159, 149, 161, 151, 167, 152, 110, 61, 61, 57, 60, 167, 155, 153, 159, 149, 83, 88, 149, 153, 154, 146, 159, 159, 150, 155, 97, 156, 152, 158, 154, 164, 155, 80, 111, 80, 166, 160, 165, 145, 172, 89, 174, 61, 61, 57, 60, 57, 149, 153, 154, 146, 159, 159, 150, 155, 83, 91, 112, 80, 149, 153, 154, 146, 159, 159, 150, 155, 110, 61, 61, 57, 60, 173, 64, 58, 60, 57, 169, 145, 165, 80, 153, 153, 159, 156, 149, 156, 162, 147, 158, 80, 112, 80, 149, 153, 154, 146, 159, 159, 150, 155, 97, 163, 168, 146, 166, 164, 165, 153, 161, 151, 91, 96, 95, 80, 166, 160, 165, 145, 172, 89, 110, 61, 61, 57, 60, 166, 148, 162, 83, 146, 159, 159, 150, 155, 83, 109, 83, 146, 156, 151, 149, 156, 162, 147, 158, 94, 166, 165, 149, 163, 167, 162, 156, 158, 154, 88, 99, 92, 83, 146, 156, 151, 149, 156, 162, 147, 158, 94, 159, 149, 161, 151, 167, 152, 96, 163, 163, 162, 148, 169, 92, 107, 64, 58, 60, 57, 170, 152, 156, 156, 152, 80, 91, 146, 159, 159, 150, 155, 97, 156, 152, 158, 154, 164, 155, 91, 166, 160, 165, 145, 172, 80, 111, 80, 99, 168, 103, 96, 99, 96, 99, 89, 174, 61, 61, 57, 60, 57, 149, 156, 162, 147, 158, 80, 112, 80, 149, 156, 162, 147, 158, 80, 94, 80, 149, 156, 162, 147, 158, 80, 94, 80, 153, 153, 159, 156, 149, 156, 162, 147, 158, 107, 64, 58, 60, 57, 176, 61, 61, 57, 60, 166, 148, 162, 83, 157, 152, 157, 146, 145, 165, 162, 148, 169, 83, 109, 83, 158, 152, 167, 83, 113, 165, 162, 148, 169, 91, 89, 110, 61, 61, 57, 60, 150, 162, 162, 83, 88, 169, 145, 165, 80, 156, 80, 112, 80, 99, 107, 83, 153, 83, 108, 83, 97, 103, 96, 99, 107, 83, 153, 94, 91, 92, 171, 64, 58, 60, 57, 60, 157, 152, 157, 146, 145, 165, 162, 148, 169, 142, 153, 144, 80, 112, 80, 149, 156, 162, 147, 158, 80, 94, 80, 155, 149, 148, 160, 149, 156, 162, 147, 158, 107, 64, 58, 60, 57, 176, 61, 61, 57, 60, 166, 148, 162, 83, 158, 168, 157, 83, 109, 83, 97, 101, 105, 108, 105, 108, 105, 108, 105, 108, 105, 108, 105, 108, 105, 108, 105, 108, 105, 108, 104, 107, 104, 107, 104, 107, 104, 107, 104, 107, 104, 107, 104, 107, 104, 107, 104, 107, 104, 107, 104, 107, 104, 107, 104, 107, 104, 107, 104, 107, 104, 107, 104, 107, 104, 107, 104, 107, 104, 107, 104, 107, 104, 107, 104, 107, 104, 107, 104, 107, 104, 107, 104, 107, 104, 107, 104, 107, 104, 107, 104, 107, 104, 107, 104, 107, 104, 107, 104, 107, 104, 107, 104, 107, 104, 107, 104, 107, 104, 107, 104, 107, 104, 107, 104, 107, 104, 107, 104, 107, 104, 107, 104, 107, 104, 107, 104, 107, 104, 107, 104, 107, 104, 107, 104, 107, 104, 107, 104, 107, 104, 107, 104, 107, 104, 107, 104, 107, 104, 107, 104, 107, 104, 107, 104, 107, 104, 107, 104, 107, 104, 107, 104, 107, 104, 107, 104, 107, 104, 107, 104, 107, 104, 107, 104, 107, 104, 107, 104, 107, 104, 107, 104, 107, 104, 107, 104, 107, 104, 107, 104, 107, 104, 107, 104, 107, 104, 107, 104, 107, 104, 107, 104, 107, 104, 107, 104, 107, 104, 107, 104, 107, 104, 107, 104, 107, 104, 107, 104, 107, 104, 107, 104, 107, 104, 107, 104, 107, 104, 107, 104, 107, 104, 107, 104, 107, 104, 107, 104, 107, 104, 107, 104, 107, 104, 107, 104, 107, 104, 107, 104, 107, 104, 107, 104, 107, 104, 107, 104, 107, 104, 107, 104, 107, 104, 107, 104, 107, 104, 107, 104, 107, 104, 107, 104, 107, 104, 107, 104, 107, 104, 107, 104, 107, 104, 107, 104, 107, 104, 107, 104, 107, 104, 107, 104, 107, 104, 107, 104, 107, 104, 107, 104, 107, 104, 107, 107, 64, 58, 60, 57, 168, 164, 156, 156, 97, 160, 165, 153, 161, 164, 153, 88, 85, 85, 103, 101, 99, 96, 99, 150, 85, 92, 83, 158, 168, 157, 92, 107, 64, 58, 60, 173, 64, 58, 64, 58, 60, 150, 168, 158, 150, 164, 156, 159, 161, 80, 150, 159, 159, 156, 148, 146, 146, 149, 160, 145, 156, 156, 91, 89, 174, 61, 61, 57, 60, 166, 148, 162, 83, 163, 155, 149, 159, 156, 150, 159, 151, 149, 83, 109, 83, 165, 161, 149, 166, 147, 148, 160, 152, 88, 85, 85, 168, 117, 117, 117, 108, 85, 168, 96, 99, 96, 100, 85, 168, 101, 105, 96, 99, 85, 168, 113, 100, 102, 103, 85, 168, 96, 99, 99, 99, 85, 168, 96, 99, 96, 99, 85, 168, 100, 99, 104, 117, 85, 168, 104, 117, 96, 118, 85, 168, 97, 118, 103, 99, 85, 168, 104, 117, 113, 119, 85, 168, 96, 107, 100, 99, 85, 168, 115, 102, 101, 120, 85, 168, 104, 117, 101, 104, 85, 168, 104, 117, 117, 118, 85, 168, 96, 107, 100, 104, 85, 168, 99, 102, 101, 101, 85, 168, 115, 100, 116, 101, 85, 168, 96, 102, 115, 101, 85, 168, 97, 99, 99, 101, 85, 168, 104, 99, 100, 99, 85, 168, 96, 99, 99, 107, 85, 168, 118, 104, 103, 104, 85, 168, 115, 101, 104, 117, 85, 168, 101, 119, 101, 116, 85, 168, 96, 103, 115, 101, 85, 168, 101, 104, 96, 99, 85, 168, 117, 118, 104, 117, 85, 168, 101, 100, 101, 100, 85, 168, 101, 105, 101, 102, 85, 168, 102, 99, 101, 106, 85, 168, 101, 119, 104, 117, 85, 168, 99, 102, 96, 107, 85, 168, 104, 117, 115, 99, 85, 168, 96, 118, 103, 104, 85, 168, 118, 120, 104, 117, 85, 168, 103, 105, 96, 102, 85, 168, 104, 117, 99, 118, 85, 168, 103, 107, 100, 120, 85, 168, 115, 121, 96, 102, 85, 168, 101, 100, 104, 117, 85, 168, 101, 101, 97, 118, 85, 168, 101, 100, 104, 117, 85, 168, 101, 101, 98, 103, 85, 168, 103, 100, 104, 117, 85, 168, 100, 120, 97, 103, 85, 168, 103, 104, 104, 108, 85, 168, 104, 117, 118, 118, 85, 168, 98, 99, 103, 100, 85, 168, 118, 106, 96, 102, 85, 168, 100, 116, 105, 108, 85, 168, 100, 101, 113, 119, 85, 168, 99, 117, 102, 99, 85, 168, 118, 118, 101, 104, 85, 168, 96, 103, 103, 104, 85, 168, 115, 99, 99, 102, 85, 168, 99, 106, 117, 117, 85, 168, 118, 121, 99, 102, 85, 168, 100, 104, 96, 102, 85, 168, 105, 106, 96, 118, 85, 168, 115, 121, 104, 117, 85, 168, 103, 104, 113, 120, 85, 168, 98, 117, 118, 119, 85, 168, 100, 121, 118, 108, 85, 168, 117, 107, 101, 100, 85, 168, 118, 121, 105, 103, 85, 168, 118, 121, 118, 121, 85, 168, 115, 102, 99, 117, 85, 168, 103, 103, 102, 100, 85, 168, 117, 117, 96, 101, 85, 168, 104, 117, 116, 108, 85, 168, 96, 118, 100, 104, 85, 168, 101, 120, 105, 101, 85, 168, 118, 101, 96, 102, 85, 168, 117, 99, 116, 100, 85, 168, 115, 105, 96, 102, 85, 168, 115, 108, 99, 102, 85, 168, 114, 106, 96, 121, 85, 168, 101, 121, 96, 107, 85, 168, 117, 100, 115, 100, 85, 168, 96, 102, 96, 101, 85, 168, 96, 102, 115, 116, 85, 168, 104, 117, 115, 121, 85, 168, 96, 102, 96, 100, 85, 168, 104, 108, 115, 101, 85, 168, 118, 107, 100, 104, 85, 168, 104, 117, 102, 100, 85, 168, 118, 107, 100, 104, 85, 168, 101, 120, 101, 121, 85, 168, 115, 108, 101, 117, 85, 168, 101, 104, 115, 102, 85, 168, 117, 118, 104, 117, 85, 168, 117, 107, 101, 100, 85, 168, 118, 121, 100, 108, 85, 168, 118, 121, 118, 121, 85, 168, 102, 107, 101, 99, 85, 168, 102, 99, 117, 107, 85, 168, 96, 103, 114, 121, 85, 168, 102, 118, 117, 107, 85, 168, 118, 121, 118, 121, 85, 168, 99, 102, 118, 121, 85, 168, 101, 101, 116, 101, 85, 168, 118, 121, 101, 101, 85, 168, 96, 107, 103, 104, 85, 168, 116, 99, 118, 121, 85, 168, 100, 104, 104, 108, 85, 168, 104, 117, 118, 118, 85, 168, 118, 118, 100, 104, 85, 168, 115, 102, 115, 108, 85, 168, 104, 117, 101, 104, 85, 168, 104, 102, 117, 118, 85, 168, 96, 118, 117, 118, 85, 168, 100, 104, 104, 119, 85, 168, 101, 99, 118, 103, 85, 168, 100, 104, 115, 105, 85, 168, 103, 104, 118, 103, 85, 168, 100, 104, 115, 105, 85, 168, 103, 101, 118, 104, 85, 168, 100, 104, 115, 105, 85, 168, 102, 118, 118, 105, 85, 168, 100, 104, 115, 105, 85, 168, 102, 119, 118, 106, 85, 168, 100, 104, 115, 105, 85, 168, 102, 121, 118, 107, 85, 168, 100, 104, 115, 105, 85, 168, 102, 120, 118, 108, 85, 168, 100, 104, 115, 105, 85, 168, 98, 120, 118, 116, 85, 168, 100, 104, 115, 105, 85, 168, 102, 103, 118, 117, 85, 168, 100, 104, 115, 105, 85, 168, 102, 118, 118, 118, 85, 168, 100, 104, 115, 105, 85, 168, 102, 118, 118, 119, 85, 168, 100, 104, 115, 105, 85, 168, 96, 99, 118, 120, 85, 168, 113, 99, 117, 107, 85, 168, 118, 121, 118, 121, 85, 168, 101, 99, 118, 121, 85, 168, 101, 119, 102, 107, 85, 168, 97, 100, 104, 116, 85, 168, 117, 107, 97, 105, 85, 168, 118, 121, 97, 104, 85, 168, 118, 121, 118, 121, 85, 168, 115, 103, 104, 102, 85, 168, 104, 104, 96, 118, 85, 168, 103, 103, 115, 99, 85, 168, 102, 116, 97, 104, 85, 168, 102, 116, 96, 99, 85, 168, 118, 121, 96, 99, 85, 168, 96, 118, 103, 104, 85, 168, 103, 104, 118, 121, 85, 168, 102, 116, 96, 107, 85, 168, 118, 121, 96, 99, 85, 168, 104, 104, 116, 99, 85, 168, 103, 104, 115, 99, 85, 168, 100, 99, 96, 102, 85, 168, 115, 102, 115, 108, 85, 168, 115, 99, 99, 102, 85, 168, 115, 102, 115, 108, 85, 168, 99, 102, 101, 106, 85, 168, 104, 117, 115, 99, 85, 168, 98, 103, 100, 118, 85, 168, 104, 117, 96, 118, 85, 168, 98, 103, 103, 118, 85, 168, 118, 118, 96, 107, 85, 168, 113, 116, 118, 102, 85, 168, 115, 102, 101, 121, 85, 168, 100, 118, 104, 117, 85, 168, 96, 103, 98, 103, 85, 168, 99, 108, 104, 99, 85, 168, 104, 117, 96, 99, 85, 168, 103, 103, 115, 100, 85, 168, 100, 99, 96, 105, 85, 168, 99, 107, 104, 99, 85, 168, 103, 104, 96, 99, 85, 168, 98, 117, 118, 116, 85, 168, 115, 102, 115, 100, 85, 168, 104, 117, 101, 104, 85, 168, 104, 102, 117, 118, 85, 168, 102, 103, 117, 118, 85, 168, 104, 119, 101, 102, 85, 168, 118, 99, 100, 104, 85, 168, 99, 102, 101, 106, 85, 168, 101, 99, 116, 117, 85, 168, 100, 104, 115, 105, 85, 168, 102, 117, 118, 99, 85, 168, 100, 104, 115, 105, 85, 168, 102, 104, 118, 100, 85, 168, 100, 104, 115, 105, 85, 168, 103, 101, 118, 101, 85, 168, 100, 104, 115, 105, 85, 168, 102, 120, 118, 102, 85, 168, 100, 104, 115, 105, 85, 168, 102, 104, 118, 103, 85, 168, 100, 104, 115, 105, 85, 168, 102, 118, 118, 104, 85, 168, 100, 104, 115, 105, 85, 168, 99, 102, 118, 105, 85, 168, 100, 104, 115, 105, 85, 168, 99, 101, 118, 106, 85, 168, 100, 104, 115, 105, 85, 168, 98, 120, 118, 107, 85, 168, 100, 104, 115, 105, 85, 168, 102, 103, 118, 108, 85, 168, 100, 104, 115, 105, 85, 168, 102, 118, 118, 116, 85, 168, 100, 104, 115, 105, 85, 168, 102, 118, 118, 117, 85, 168, 101, 119, 104, 107, 85, 168, 117, 107, 118, 118, 85, 168, 118, 121, 96, 117, 85, 168, 118, 121, 118, 121, 85, 168, 102, 107, 101, 99, 85, 168, 100, 102, 102, 107, 85, 168, 104, 120, 118, 108, 85, 168, 104, 99, 117, 107, 85, 168, 118, 121, 118, 120, 85, 168, 104, 117, 118, 121, 85, 168, 104, 119, 118, 107, 85, 168, 105, 118, 100, 104, 85, 168, 100, 103, 102, 116, 85, 168, 117, 107, 101, 99, 85, 168, 118, 121, 103, 120, 85, 168, 118, 121, 118, 121, 85, 168, 100, 104, 104, 119, 85, 168, 102, 116, 117, 99, 85, 168, 101, 99, 97, 99, 85, 168, 103, 102, 117, 107, 85, 168, 118, 121, 118, 121, 85, 168, 104, 102, 118, 121, 85, 168, 97, 118, 115, 103, 85, 168, 100, 104, 104, 119, 85, 168, 101, 99, 117, 99, 85, 168, 100, 104, 104, 119, 85, 168, 101, 99, 105, 118, 85, 168, 101, 102, 101, 102, 85, 168, 101, 102, 101, 102, 85, 168, 101, 102, 101, 102, 85, 168, 103, 104, 118, 121, 85, 168, 115, 106, 96, 107, 85, 168, 105, 118, 100, 104, 85, 168, 96, 99, 100, 103, 85, 168, 96, 99, 96, 99, 85, 168, 118, 121, 101, 102, 85, 168, 101, 121, 116, 106, 85, 168, 114, 105, 96, 121, 85, 168, 101, 117, 115, 99, 85, 168, 115, 102, 115, 108, 85, 168, 104, 117, 101, 104, 85, 168, 101, 100, 117, 118, 85, 168, 101, 102, 101, 100, 85, 168, 101, 106, 101, 105, 85, 168, 100, 101, 102, 116, 85, 168, 103, 101, 117, 107, 85, 168, 96, 99, 96, 99, 85, 168, 104, 117, 96, 99, 85, 168, 99, 102, 116, 107, 85, 168, 104, 104, 118, 105, 85, 168, 101, 108, 116, 117, 85, 168, 100, 104, 115, 106, 85, 168, 102, 100, 118, 107, 85, 168, 102, 104, 98, 120, 85, 168, 115, 106, 103, 107, 85, 168, 118, 118, 100, 104, 85, 168, 96, 99, 102, 104, 85, 168, 96, 99, 96, 99, 85, 168, 101, 105, 103, 120, 85, 168, 100, 104, 104, 119, 85, 168, 101, 99, 118, 107, 85, 168, 117, 107, 101, 105, 85, 168, 96, 99, 101, 100, 85, 168, 96, 99, 96, 99, 85, 168, 101, 99, 101, 108, 85, 168, 114, 100, 117, 107, 85, 168, 118, 121, 118, 120, 85, 168, 104, 104, 118, 121, 85, 168, 101, 108, 115, 99, 85, 168, 103, 103, 101, 108, 85, 168, 104, 119, 99, 108, 85, 168, 96, 100, 100, 105, 85, 168, 117, 107, 101, 99, 85, 168, 96, 99, 99, 117, 85, 168, 96, 99, 96, 99, 85, 168, 118, 107, 104, 117, 85, 168, 100, 104, 104, 119, 85, 168, 101, 99, 118, 107, 85, 168, 98, 100, 117, 107, 85, 168, 118, 121, 118, 121, 85, 168, 104, 104, 118, 121, 85, 168, 101, 108, 115, 99, 85, 168, 103, 103, 101, 108, 85, 168, 101, 106, 96, 118, 85, 168, 96, 100, 117, 107, 85, 168, 118, 121, 118, 121, 85, 168, 101, 108, 118, 121, 85, 168, 100, 103, 115, 105, 85, 168, 118, 121, 99, 107, 85, 168, 101, 99, 103, 102, 85, 168, 100, 104, 104, 119, 85, 168, 118, 120, 118, 107, 85, 168, 101, 107, 96, 99, 85, 168, 100, 104, 104, 119, 85, 168, 101, 99, 118, 107, 85, 168, 117, 107, 101, 106, 85, 168, 118, 120, 103, 103, 85, 168, 118, 121, 118, 121, 85, 168, 101, 108, 101, 108, 85, 168, 100, 105, 100, 105, 85, 168, 118, 102, 99, 117, 85, 168, 113, 116, 103, 118, 85, 168, 101, 120, 101, 121, 85, 168, 115, 108, 101, 117, 85, 168, 101, 104, 115, 102, 85, 168, 117, 118, 104, 117, 85, 168, 101, 102, 101, 100, 85, 168, 102, 99, 102, 105, 85, 168, 99, 101, 114, 100, 85, 168, 96, 99, 117, 107, 85, 168, 96, 99, 96, 99, 85, 168, 101, 107, 96, 99, 85, 168, 96, 107, 99, 107, 85, 168, 96, 102, 103, 103, 85, 168, 117, 117, 100, 99, 85, 168, 100, 99, 118, 108, 85, 168, 101, 119, 104, 117, 85, 168, 104, 99, 96, 107, 85, 168, 100, 101, 118, 117, 85, 168, 96, 107, 103, 104, 85, 168, 116, 117, 99, 102, 85, 168, 97, 107, 104, 116, 85, 168, 115, 102, 104, 117, 85, 168, 97, 106, 117, 117, 85, 168, 97, 107, 99, 107, 85, 168, 97, 100, 103, 105, 85, 168, 99, 102, 100, 99, 85, 168, 104, 103, 115, 108, 85, 168, 103, 103, 116, 117, 85, 168, 100, 99, 96, 118, 85, 168, 96, 107, 99, 107, 85, 168, 118, 117, 103, 104, 85, 168, 118, 120, 100, 99, 85, 168, 117, 117, 115, 117, 85, 168, 99, 102, 118, 101, 85, 168, 104, 108, 115, 99, 85, 168, 118, 118, 100, 104, 85, 168, 100, 104, 104, 117, 85, 168, 101, 117, 118, 118, 85, 168, 115, 102, 115, 108, 85, 168, 96, 101, 99, 101, 85, 168, 103, 103, 102, 107, 85, 168, 103, 99, 103, 103, 85, 168, 98, 121, 99, 116, 85, 168, 102, 121, 98, 121, 85, 168, 103, 104, 103, 108, 85, 168, 102, 118, 102, 120, 85, 168, 102, 120, 102, 100, 85, 168, 98, 120, 102, 103, 85, 168, 103, 101, 102, 121, 85, 168, 98, 121, 102, 106, 85, 168, 103, 101, 102, 105, 85, 168, 102, 106, 102, 100, 85, 168, 103, 102, 103, 104, 85, 168, 102, 105, 98, 121, 85, 168, 102, 107, 102, 106, 85, 168, 99, 101, 103, 104, 85, 168, 102, 104, 98, 120, 85, 168, 102, 104, 103, 107, 85, 168, 102, 107, 96, 99, 85, 168, 103, 103, 103, 103, 85, 168, 99, 116, 103, 99, 85, 168, 98, 121, 98, 121, 85, 168, 103, 108, 102, 121, 85, 168, 102, 120, 103, 104, 85, 168, 102, 100, 102, 118, 85, 168, 102, 103, 102, 120, 85, 168, 102, 121, 98, 120, 85, 168, 102, 106, 103, 101, 85, 168, 102, 105, 98, 121, 85, 168, 102, 100, 103, 101, 85, 168, 103, 104, 102, 106, 85, 168, 98, 121, 103, 102, 85, 168, 102, 118, 102, 102, 85, 168, 102, 102, 102, 108, 85, 168, 98, 120, 102, 117, 85, 168, 102, 107, 103, 99, 85, 168, 99, 121, 103, 99, 85, 168, 99, 119, 103, 101, 85, 168, 96, 99, 96, 99, 82, 92, 107, 64, 58, 60, 57, 169, 145, 165, 80, 160, 149, 160, 143, 148, 162, 165, 145, 172, 80, 112, 80, 161, 149, 170, 80, 116, 162, 165, 145, 172, 88, 92, 107, 64, 58, 60, 57, 169, 145, 165, 80, 150, 147, 83, 109, 83, 96, 171, 96, 150, 96, 150, 96, 150, 96, 150, 107, 64, 58, 60, 57, 169, 145, 165, 80, 148, 148, 151, 162, 83, 109, 83, 96, 171, 100, 99, 96, 99, 96, 99, 107, 64, 58, 60, 57, 169, 145, 165, 80, 166, 147, 146, 156, 152, 158, 83, 109, 83, 163, 155, 149, 159, 156, 150, 159, 151, 149, 97, 156, 152, 158, 154, 164, 155, 80, 93, 80, 101, 107, 64, 58, 60, 57, 169, 145, 165, 80, 159, 149, 161, 80, 112, 80, 148, 148, 151, 162, 83, 93, 83, 88, 166, 147, 146, 156, 152, 158, 94, 96, 171, 99, 107, 89, 110, 61, 61, 57, 60, 166, 148, 162, 83, 169, 148, 162, 166, 160, 83, 109, 83, 165, 161, 149, 166, 147, 148, 160, 152, 88, 85, 85, 168, 105, 99, 105, 99, 85, 168, 105, 99, 105, 99, 82, 92, 107, 64, 58, 60, 57, 172, 145, 165, 163, 163, 80, 112, 80, 153, 153, 171, 143, 156, 164, 91, 169, 148, 162, 166, 160, 95, 80, 159, 149, 161, 89, 110, 61, 61, 57, 60, 166, 148, 162, 83, 147, 162, 165, 161, 164, 101, 80, 112, 80, 91, 147, 150, 80, 96, 80, 99, 168, 103, 96, 99, 96, 99, 96, 92, 95, 148, 148, 151, 162, 110, 61, 61, 57, 60, 150, 162, 162, 83, 88, 169, 145, 165, 80, 150, 159, 168, 158, 167, 80, 112, 80, 99, 107, 83, 147, 162, 165, 161, 164, 83, 108, 83, 147, 162, 165, 161, 164, 101, 107, 83, 147, 162, 165, 161, 164, 94, 91, 92, 171, 64, 58, 60, 57, 60, 157, 152, 157, 146, 145, 165, 162, 148, 169, 142, 147, 162, 165, 161, 164, 144, 80, 112, 80, 172, 145, 165, 163, 163, 80, 94, 80, 166, 152, 152, 156, 159, 147, 162, 148, 152, 107, 64, 58, 60, 57, 176, 61, 61, 57, 60, 166, 148, 162, 83, 159, 169, 149, 165, 150, 159, 159, 170, 80, 112, 80, 168, 158, 152, 163, 150, 145, 163, 149, 91, 82, 88, 165, 99, 147, 99, 147, 88, 165, 99, 147, 99, 147, 85, 89, 110, 61, 61, 57, 60, 167, 155, 153, 159, 149, 83, 88, 162, 166, 152, 162, 153, 156, 162, 167, 97, 156, 152, 158, 154, 164, 155, 80, 111, 80, 103, 100, 108, 101, 101, 89, 174, 61, 61, 57, 60, 57, 162, 166, 152, 162, 153, 156, 162, 167, 83, 91, 112, 80, 162, 166, 152, 162, 153, 156, 162, 167, 110, 61, 61, 57, 60, 173, 64, 58, 60, 57, 167, 152, 156, 163, 97, 147, 162, 156, 159, 145, 149, 131, 167, 159, 165, 149, 83, 109, 83, 115, 162, 156, 159, 145, 149, 94, 150, 159, 159, 156, 152, 147, 167, 117, 160, 145, 156, 156, 124, 158, 153, 159, 91, 171, 166, 165, 149, 154, 109, 80, 85, 82, 95, 157, 166, 151, 109, 80, 162, 166, 152, 162, 153, 156, 162, 167, 176, 89, 110, 61, 61, 57, 176, 61, 61, 61, 61, 57, 153, 165, 161, 147, 167, 153, 162, 158, 83, 147, 162, 156, 159, 145, 149, 143, 154, 149, 167, 153, 150, 159, 161, 88, 92, 171, 64, 58, 60, 57, 156, 150, 83, 88, 148, 160, 163, 94, 151, 159, 150, 94, 118, 159, 159, 156, 148, 146, 97, 151, 152, 164, 124, 147, 162, 158, 92, 171, 64, 58, 60, 57, 60, 166, 148, 162, 83, 145, 165, 162, 172, 80, 112, 80, 161, 149, 170, 80, 116, 162, 165, 145, 172, 88, 92, 107, 64, 58, 60, 57, 60, 166, 148, 162, 83, 166, 169, 160, 152, 164, 155, 169, 148, 80, 112, 80, 168, 158, 152, 163, 150, 145, 163, 149, 91, 82, 88, 165, 120, 114, 120, 105, 88, 165, 99, 96, 99, 97, 88, 165, 104, 102, 99, 96, 88, 165, 116, 97, 105, 100, 88, 165, 99, 96, 102, 96, 88, 165, 99, 96, 99, 96, 88, 165, 103, 96, 107, 114, 88, 165, 107, 114, 99, 115, 88, 165, 100, 115, 106, 96, 88, 165, 107, 114, 116, 116, 88, 165, 99, 104, 103, 96, 88, 165, 118, 99, 104, 117, 88, 165, 107, 114, 104, 101, 88, 165, 107, 114, 120, 115, 88, 165, 99, 104, 103, 101, 88, 165, 102, 99, 104, 98, 88, 165, 118, 97, 119, 98, 88, 165, 99, 99, 118, 98, 88, 165, 100, 96, 102, 98, 88, 165, 107, 96, 103, 96, 88, 165, 99, 96, 102, 104, 88, 165, 121, 101, 106, 101, 88, 165, 118, 98, 107, 114, 88, 165, 104, 116, 104, 113, 88, 165, 99, 100, 118, 98, 88, 165, 104, 101, 99, 96, 88, 165, 120, 115, 107, 114, 88, 165, 104, 97, 104, 97, 88, 165, 104, 102, 104, 99, 88, 165, 105, 96, 104, 103, 88, 165, 104, 116, 107, 114, 88, 165, 102, 99, 99, 104, 88, 165, 107, 114, 118, 96, 88, 165, 99, 115, 106, 101, 88, 165, 121, 117, 107, 114, 88, 165, 106, 102, 99, 99, 88, 165, 107, 114, 102, 115, 88, 165, 106, 104, 103, 117, 88, 165, 118, 118, 99, 99, 88, 165, 104, 97, 107, 114, 88, 165, 104, 98, 100, 115, 88, 165, 104, 97, 107, 114, 88, 165, 104, 98, 101, 100, 88, 165, 106, 97, 107, 114, 88, 165, 103, 117, 100, 100, 88, 165, 106, 101, 107, 105, 88, 165, 107, 114, 121, 115, 88, 165, 101, 96, 106, 97, 88, 165, 121, 103, 99, 99, 88, 165, 103, 113, 108, 105, 88, 165, 103, 98, 116, 116, 88, 165, 102, 114, 105, 96, 88, 165, 121, 115, 104, 101, 88, 165, 99, 100, 106, 101, 88, 165, 118, 96, 102, 99, 88, 165, 102, 103, 120, 114, 88, 165, 121, 118, 102, 99, 88, 165, 103, 101, 99, 99, 88, 165, 108, 103, 99, 115, 88, 165, 118, 118, 107, 114, 88, 165, 106, 101, 116, 117, 88, 165, 101, 114, 121, 116, 88, 165, 103, 118, 121, 105, 88, 165, 120, 104, 104, 97, 88, 165, 121, 118, 108, 100, 88, 165, 121, 118, 121, 118, 88, 165, 118, 99, 102, 114, 88, 165, 106, 100, 105, 97, 88, 165, 120, 114, 99, 98, 88, 165, 107, 114, 119, 105, 88, 165, 99, 115, 103, 101, 88, 165, 104, 117, 108, 98, 88, 165, 121, 98, 99, 99, 88, 165, 120, 96, 119, 97, 88, 165, 118, 102, 99, 99, 88, 165, 118, 105, 102, 99, 88, 165, 117, 103, 99, 118, 88, 165, 104, 118, 99, 104, 88, 165, 120, 97, 118, 97, 88, 165, 99, 99, 99, 98, 88, 165, 99, 99, 118, 113, 88, 165, 107, 114, 118, 118, 88, 165, 99, 99, 99, 97, 88, 165, 107, 105, 118, 98, 88, 165, 121, 104, 103, 101, 88, 165, 107, 114, 105, 97, 88, 165, 121, 104, 103, 101, 88, 165, 104, 117, 104, 118, 88, 165, 118, 105, 104, 114, 88, 165, 104, 101, 118, 99, 88, 165, 120, 115, 107, 114, 88, 165, 120, 104, 104, 97, 88, 165, 121, 118, 103, 105, 88, 165, 121, 118, 121, 118, 88, 165, 105, 104, 104, 96, 88, 165, 105, 96, 120, 104, 88, 165, 99, 100, 117, 118, 88, 165, 105, 115, 120, 104, 88, 165, 121, 118, 121, 118, 88, 165, 102, 99, 121, 118, 88, 165, 104, 98, 119, 98, 88, 165, 121, 118, 104, 98, 88, 165, 99, 104, 106, 101, 88, 165, 119, 96, 121, 118, 88, 165, 103, 101, 107, 105, 88, 165, 107, 114, 121, 115, 88, 165, 121, 115, 103, 101, 88, 165, 118, 99, 118, 105, 88, 165, 107, 114, 104, 101, 88, 165, 107, 99, 120, 115, 88, 165, 99, 115, 120, 115, 88, 165, 103, 101, 107, 116, 88, 165, 104, 96, 121, 100, 88, 165, 103, 101, 118, 102, 88, 165, 106, 101, 121, 100, 88, 165, 103, 101, 118, 102, 88, 165, 106, 98, 121, 101, 88, 165, 103, 101, 118, 102, 88, 165, 105, 115, 121, 102, 88, 165, 103, 101, 118, 102, 88, 165, 105, 116, 121, 103, 88, 165, 103, 101, 118, 102, 88, 165, 105, 118, 121, 104, 88, 165, 103, 101, 118, 102, 88, 165, 105, 117, 121, 105, 88, 165, 103, 101, 118, 102, 88, 165, 101, 117, 121, 113, 88, 165, 103, 101, 118, 102, 88, 165, 105, 100, 121, 114, 88, 165, 103, 101, 118, 102, 88, 165, 105, 115, 121, 115, 88, 165, 103, 101, 118, 102, 88, 165, 105, 115, 121, 116, 88, 165, 103, 101, 118, 102, 88, 165, 99, 96, 121, 117, 88, 165, 116, 96, 120, 104, 88, 165, 121, 118, 121, 118, 88, 165, 104, 96, 121, 118, 88, 165, 104, 116, 105, 104, 88, 165, 100, 97, 107, 113, 88, 165, 120, 104, 100, 102, 88, 165, 121, 118, 100, 101, 88, 165, 121, 118, 121, 118, 88, 165, 118, 100, 107, 99, 88, 165, 107, 101, 99, 115, 88, 165, 106, 100, 118, 96, 88, 165, 105, 113, 100, 101, 88, 165, 105, 113, 99, 96, 88, 165, 121, 118, 99, 96, 88, 165, 99, 115, 106, 101, 88, 165, 106, 101, 121, 118, 88, 165, 105, 113, 99, 104, 88, 165, 121, 118, 99, 96, 88, 165, 107, 101, 119, 96, 88, 165, 106, 101, 118, 96, 88, 165, 103, 96, 99, 99, 88, 165, 118, 99, 118, 105, 88, 165, 118, 96, 102, 99, 88, 165, 118, 99, 118, 105, 88, 165, 102, 99, 104, 103, 88, 165, 107, 114, 118, 96, 88, 165, 101, 100, 103, 115, 88, 165, 107, 114, 99, 115, 88, 165, 101, 100, 106, 115, 88, 165, 121, 115, 99, 104, 88, 165, 116, 113, 121, 99, 88, 165, 118, 99, 104, 118, 88, 165, 103, 115, 107, 114, 88, 165, 99, 100, 101, 100, 88, 165, 102, 105, 107, 96, 88, 165, 107, 114, 99, 96, 88, 165, 106, 100, 118, 97, 88, 165, 103, 96, 99, 102, 88, 165, 102, 104, 107, 96, 88, 165, 106, 101, 99, 96, 88, 165, 101, 114, 121, 113, 88, 165, 118, 99, 118, 97, 88, 165, 107, 114, 104, 101, 88, 165, 107, 99, 120, 115, 88, 165, 105, 100, 120, 115, 88, 165, 107, 116, 104, 99, 88, 165, 121, 96, 103, 101, 88, 165, 102, 99, 104, 103, 88, 165, 104, 96, 119, 114, 88, 165, 103, 101, 118, 102, 88, 165, 105, 114, 121, 96, 88, 165, 103, 101, 118, 102, 88, 165, 105, 101, 121, 97, 88, 165, 103, 101, 118, 102, 88, 165, 106, 98, 121, 98, 88, 165, 103, 101, 118, 102, 88, 165, 105, 117, 121, 99, 88, 165, 103, 101, 118, 102, 88, 165, 105, 101, 121, 100, 88, 165, 103, 101, 118, 102, 88, 165, 105, 115, 121, 101, 88, 165, 103, 101, 118, 102, 88, 165, 102, 99, 121, 102, 88, 165, 103, 101, 118, 102, 88, 165, 102, 98, 121, 103, 88, 165, 103, 101, 118, 102, 88, 165, 101, 117, 121, 104, 88, 165, 103, 101, 118, 102, 88, 165, 105, 100, 121, 105, 88, 165, 103, 101, 118, 102, 88, 165, 105, 115, 121, 113, 88, 165, 103, 101, 118, 102, 88, 165, 105, 115, 121, 114, 88, 165, 104, 116, 107, 104, 88, 165, 120, 104, 121, 115, 88, 165, 121, 118, 99, 114, 88, 165, 121, 118, 121, 118, 88, 165, 105, 104, 104, 96, 88, 165, 103, 99, 105, 104, 88, 165, 107, 117, 121, 105, 88, 165, 107, 96, 120, 104, 88, 165, 121, 118, 121, 117, 88, 165, 107, 114, 121, 118, 88, 165, 107, 116, 121, 104, 88, 165, 108, 115, 103, 101, 88, 165, 103, 100, 105, 113, 88, 165, 120, 104, 104, 96, 88, 165, 121, 118, 106, 117, 88, 165, 121, 118, 121, 118, 88, 165, 103, 101, 107, 116, 88, 165, 105, 113, 120, 96, 88, 165, 104, 96, 100, 96, 88, 165, 106, 99, 120, 104, 88, 165, 121, 118, 121, 118, 88, 165, 107, 99, 121, 118, 88, 165, 100, 115, 118, 100, 88, 165, 103, 101, 107, 116, 88, 165, 104, 96, 120, 96, 88, 165, 103, 101, 107, 116, 88, 165, 104, 96, 108, 115, 88, 165, 104, 99, 104, 99, 88, 165, 104, 99, 104, 99, 88, 165, 104, 99, 104, 99, 88, 165, 106, 101, 121, 118, 88, 165, 118, 103, 99, 104, 88, 165, 108, 115, 103, 101, 88, 165, 99, 96, 103, 100, 88, 165, 99, 96, 99, 96, 88, 165, 121, 118, 104, 99, 88, 165, 104, 118, 119, 103, 88, 165, 117, 102, 99, 118, 88, 165, 104, 114, 118, 96, 88, 165, 118, 99, 118, 105, 88, 165, 107, 114, 104, 101, 88, 165, 104, 97, 120, 115, 88, 165, 104, 99, 104, 97, 88, 165, 104, 103, 104, 102, 88, 165, 103, 98, 105, 113, 88, 165, 106, 98, 120, 104, 88, 165, 99, 96, 99, 96, 88, 165, 107, 114, 99, 96, 88, 165, 102, 99, 119, 104, 88, 165, 107, 101, 121, 102, 88, 165, 104, 105, 119, 114, 88, 165, 103, 101, 118, 103, 88, 165, 105, 97, 121, 104, 88, 165, 105, 101, 101, 117, 88, 165, 118, 103, 106, 104, 88, 165, 121, 115, 103, 101, 88, 165, 99, 96, 105, 101, 88, 165, 99, 96, 99, 96, 88, 165, 104, 102, 106, 117, 88, 165, 103, 101, 107, 116, 88, 165, 104, 96, 121, 104, 88, 165, 120, 104, 104, 102, 88, 165, 99, 96, 104, 97, 88, 165, 99, 96, 99, 96, 88, 165, 104, 96, 104, 105, 88, 165, 117, 97, 120, 104, 88, 165, 121, 118, 121, 117, 88, 165, 107, 101, 121, 118, 88, 165, 104, 105, 118, 96, 88, 165, 106, 100, 104, 105, 88, 165, 107, 116, 102, 105, 88, 165, 99, 97, 103, 102, 88, 165, 120, 104, 104, 96, 88, 165, 99, 96, 102, 114, 88, 165, 99, 96, 99, 96, 88, 165, 121, 104, 107, 114, 88, 165, 103, 101, 107, 116, 88, 165, 104, 96, 121, 104, 88, 165, 101, 97, 120, 104, 88, 165, 121, 118, 121, 118, 88, 165, 107, 101, 121, 118, 88, 165, 104, 105, 118, 96, 88, 165, 106, 100, 104, 105, 88, 165, 104, 103, 99, 115, 88, 165, 99, 97, 120, 104, 88, 165, 121, 118, 121, 118, 88, 165, 104, 105, 121, 118, 88, 165, 103, 100, 118, 102, 88, 165, 121, 118, 102, 104, 88, 165, 104, 96, 106, 99, 88, 165, 103, 101, 107, 116, 88, 165, 121, 117, 121, 104, 88, 165, 104, 104, 99, 96, 88, 165, 103, 101, 107, 116, 88, 165, 104, 96, 121, 104, 88, 165, 120, 104, 104, 103, 88, 165, 121, 117, 106, 100, 88, 165, 121, 118, 121, 118, 88, 165, 104, 105, 104, 105, 88, 165, 103, 102, 103, 102, 88, 165, 121, 99, 102, 114, 88, 165, 116, 113, 106, 115, 88, 165, 104, 117, 104, 118, 88, 165, 118, 105, 104, 114, 88, 165, 104, 101, 118, 99, 88, 165, 120, 115, 107, 114, 88, 165, 104, 99, 104, 97, 88, 165, 105, 96, 105, 102, 88, 165, 102, 98, 117, 97, 88, 165, 99, 96, 120, 104, 88, 165, 99, 96, 99, 96, 88, 165, 104, 104, 99, 96, 88, 165, 99, 104, 102, 104, 88, 165, 99, 99, 106, 100, 88, 165, 120, 114, 103, 96, 88, 165, 103, 96, 121, 105, 88, 165, 104, 116, 107, 114, 88, 165, 107, 96, 99, 104, 88, 165, 103, 98, 121, 114, 88, 165, 99, 104, 106, 101, 88, 165, 119, 114, 102, 99, 88, 165, 100, 104, 107, 113, 88, 165, 118, 99, 107, 114, 88, 165, 100, 103, 120, 114, 88, 165, 100, 104, 102, 104, 88, 165, 100, 97, 106, 102, 88, 165, 102, 99, 103, 96, 88, 165, 107, 100, 118, 105, 88, 165, 106, 100, 119, 114, 88, 165, 103, 96, 99, 115, 88, 165, 99, 104, 102, 104, 88, 165, 121, 114, 106, 101, 88, 165, 121, 117, 103, 96, 88, 165, 120, 114, 118, 114, 88, 165, 102, 99, 121, 98, 88, 165, 107, 105, 118, 96, 88, 165, 121, 115, 103, 101, 88, 165, 103, 101, 107, 114, 88, 165, 104, 114, 121, 115, 88, 165, 118, 99, 118, 105, 88, 165, 99, 98, 102, 98, 88, 165, 106, 100, 105, 104, 88, 165, 106, 96, 106, 100, 88, 165, 101, 118, 102, 113, 88, 165, 105, 118, 101, 118, 88, 165, 106, 101, 106, 105, 88, 165, 105, 115, 105, 117, 88, 165, 105, 117, 105, 97, 88, 165, 101, 117, 105, 100, 88, 165, 106, 98, 105, 118, 88, 165, 101, 118, 105, 103, 88, 165, 106, 98, 105, 102, 88, 165, 105, 103, 105, 97, 88, 165, 106, 99, 106, 101, 88, 165, 106, 113, 101, 118, 88, 165, 105, 118, 106, 99, 88, 165, 105, 115, 106, 103, 88, 165, 102, 98, 106, 101, 88, 165, 105, 101, 101, 117, 88, 165, 105, 101, 106, 104, 88, 165, 105, 104, 99, 96, 88, 165, 106, 100, 106, 100, 88, 165, 102, 113, 106, 96, 88, 165, 101, 118, 101, 118, 88, 165, 106, 105, 105, 118, 88, 165, 105, 117, 106, 101, 88, 165, 105, 97, 105, 115, 88, 165, 105, 100, 105, 117, 88, 165, 105, 118, 101, 117, 88, 165, 105, 103, 106, 98, 88, 165, 105, 102, 101, 118, 88, 165, 105, 97, 106, 98, 88, 165, 106, 101, 105, 103, 88, 165, 101, 118, 106, 99, 88, 165, 105, 115, 105, 99, 88, 165, 105, 99, 105, 105, 88, 165, 101, 117, 105, 114, 88, 165, 105, 104, 106, 96, 88, 165, 102, 118, 106, 96, 88, 165, 102, 116, 106, 98, 88, 165, 99, 96, 99, 96, 85, 89, 110, 61, 61, 57, 60, 57, 169, 145, 165, 80, 155, 135, 164, 101, 99, 96, 118, 126, 83, 109, 83, 166, 169, 160, 152, 164, 155, 169, 148, 94, 159, 149, 161, 151, 167, 152, 83, 90, 83, 98, 110, 61, 61, 57, 60, 57, 169, 145, 165, 80, 159, 149, 161, 80, 112, 80, 99, 168, 103, 96, 99, 96, 99, 96, 83, 93, 83, 88, 155, 135, 164, 101, 99, 96, 118, 126, 83, 91, 83, 96, 171, 99, 107, 89, 110, 61, 61, 57, 60, 57, 169, 145, 165, 80, 172, 145, 165, 163, 163, 80, 112, 80, 168, 158, 152, 163, 150, 145, 163, 149, 91, 82, 88, 165, 108, 96, 108, 96, 88, 165, 108, 96, 108, 96, 85, 89, 110, 61, 61, 57, 60, 57, 172, 145, 165, 163, 163, 80, 112, 80, 153, 153, 171, 143, 156, 164, 91, 169, 148, 162, 166, 160, 95, 80, 159, 149, 161, 89, 110, 61, 61, 57, 60, 57, 169, 145, 165, 80, 163, 101, 116, 154, 126, 102, 104, 150, 83, 109, 83, 88, 99, 168, 99, 147, 99, 147, 99, 147, 99, 147, 83, 93, 83, 96, 171, 100, 99, 96, 99, 96, 99, 89, 83, 95, 83, 96, 171, 100, 99, 96, 99, 96, 99, 107, 64, 58, 60, 57, 60, 150, 162, 162, 83, 88, 169, 145, 165, 80, 169, 161, 150, 129, 119, 105, 105, 169, 83, 109, 83, 96, 110, 80, 169, 161, 150, 129, 119, 105, 105, 169, 83, 108, 83, 160, 104, 113, 157, 123, 105, 101, 153, 107, 83, 166, 164, 147, 132, 116, 108, 102, 172, 80, 94, 91, 83, 89, 174, 61, 61, 57, 60, 57, 60, 145, 165, 162, 172, 139, 169, 161, 150, 129, 119, 105, 105, 169, 144, 80, 112, 80, 172, 145, 165, 163, 163, 80, 94, 80, 169, 166, 163, 149, 167, 152, 172, 145, 110, 61, 61, 57, 60, 57, 176, 61, 61, 57, 60, 57, 169, 145, 165, 80, 167, 133, 128, 152, 129, 146, 122, 167, 83, 109, 83, 165, 161, 149, 166, 147, 148, 160, 152, 88, 85, 85, 99, 105, 85, 89, 110, 61, 61, 57, 60, 57, 170, 152, 156, 156, 152, 80, 91, 164, 136, 125, 155, 126, 149, 119, 170, 94, 159, 149, 161, 151, 167, 152, 83, 108, 83, 96, 171, 100, 99, 96, 99, 89, 174, 61, 61, 57, 60, 57, 60, 164, 136, 125, 155, 126, 149, 119, 170, 80, 94, 109, 83, 164, 136, 125, 155, 126, 149, 119, 170, 107, 64, 58, 60, 57, 60, 173, 64, 58, 60, 57, 60, 164, 136, 125, 155, 126, 149, 119, 170, 80, 112, 80, 85, 126, 97, 82, 83, 91, 83, 164, 136, 125, 155, 126, 149, 119, 170, 107, 64, 58, 60, 57, 60, 145, 163, 160, 97, 148, 162, 147, 97, 115, 162, 156, 159, 145, 149, 94, 154, 149, 167, 121, 150, 159, 161, 88, 167, 133, 128, 152, 129, 146, 122, 167, 92, 107, 64, 58, 60, 57, 176, 61, 61, 57, 176, 61, 61, 61, 61, 57, 153, 165, 161, 147, 167, 153, 162, 158, 83, 160, 151, 150, 146, 163, 167, 145, 165, 164, 91, 89, 174, 61, 61, 61, 61, 57, 60, 166, 148, 162, 83, 166, 152, 162, 166, 153, 162, 158, 83, 109, 83, 145, 163, 160, 97, 166, 156, 149, 170, 149, 165, 134, 152, 162, 166, 153, 162, 158, 97, 164, 162, 131, 167, 162, 156, 158, 154, 88, 92, 107, 64, 58, 60, 57, 169, 149, 165, 163, 156, 159, 161, 80, 112, 80, 169, 149, 165, 163, 156, 159, 161, 94, 165, 149, 163, 156, 148, 147, 152, 88, 98, 140, 119, 95, 154, 92, 90, 87, 92, 107, 64, 58, 60, 57, 169, 145, 165, 80, 169, 145, 165, 163, 156, 159, 161, 143, 148, 162, 165, 145, 172, 80, 112, 80, 161, 149, 170, 80, 116, 162, 165, 145, 172, 88, 169, 149, 165, 163, 156, 159, 161, 94, 150, 152, 148, 162, 116, 164, 91, 96, 92, 92, 83, 166, 152, 162, 166, 153, 162, 158, 97, 147, 155, 145, 165, 113, 167, 88, 100, 89, 95, 80, 169, 149, 165, 163, 156, 159, 161, 94, 150, 152, 148, 162, 116, 164, 91, 98, 92, 89, 110, 61, 61, 57, 60, 153, 153, 80, 91, 88, 169, 145, 165, 163, 156, 159, 161, 143, 148, 162, 165, 145, 172, 139, 99, 141, 83, 109, 112, 80, 107, 89, 83, 86, 89, 80, 91, 166, 148, 162, 166, 153, 162, 158, 146, 145, 165, 162, 148, 169, 142, 97, 144, 80, 112, 109, 83, 96, 92, 80, 175, 172, 83, 88, 169, 145, 165, 163, 156, 159, 161, 143, 148, 162, 165, 145, 172, 139, 100, 141, 83, 109, 112, 80, 100, 80, 89, 86, 83, 166, 148, 162, 166, 153, 162, 158, 146, 145, 165, 162, 148, 169, 142, 98, 144, 80, 111, 80, 102, 89, 92, 171, 64, 58, 60, 57, 60, 165, 167, 153, 159, 143, 163, 162, 156, 158, 167, 150, 91, 89, 110, 61, 61, 57, 60, 173, 64, 58, 60, 57, 156, 150, 83, 88, 91, 166, 148, 162, 166, 153, 162, 158, 146, 145, 165, 162, 148, 169, 142, 96, 144, 80, 111, 80, 107, 89, 83, 172, 175, 80, 91, 166, 148, 162, 166, 153, 162, 158, 146, 145, 165, 162, 148, 169, 142, 96, 144, 80, 112, 109, 83, 104, 83, 86, 89, 80, 169, 145, 165, 163, 156, 159, 161, 143, 148, 162, 165, 145, 172, 139, 100, 141, 83, 108, 83, 98, 83, 86, 89, 80, 169, 145, 165, 163, 156, 159, 161, 143, 148, 162, 165, 145, 172, 139, 101, 141, 83, 108, 83, 98, 92, 89, 174, 61, 61, 57, 60, 57, 150, 159, 159, 156, 148, 146, 146, 149, 160, 145, 156, 156, 91, 89, 110, 61, 61, 57, 60, 173, 64, 58, 60, 57, 156, 150, 83, 88, 91, 166, 148, 162, 166, 153, 162, 158, 146, 145, 165, 162, 148, 169, 142, 96, 144, 80, 111, 80, 108, 89, 83, 172, 175, 80, 91, 166, 148, 162, 166, 153, 162, 158, 146, 145, 165, 162, 148, 169, 142, 96, 144, 80, 112, 109, 83, 105, 83, 86, 89, 80, 169, 145, 165, 163, 156, 159, 161, 143, 148, 162, 165, 145, 172, 139, 100, 141, 83, 108, 83, 97, 92, 89, 174, 61, 61, 57, 60, 57, 150, 159, 159, 156, 148, 146, 146, 151, 152, 164, 156, 147, 162, 158, 91, 89, 110, 61, 61, 57, 60, 173, 64, 58, 60, 173, 64, 58, 64, 58, 60, 160, 151, 150, 146, 163, 167, 145, 165, 164, 91, 89, 110, 61, 61, 57],
    yfjrxz = function() {
        for (var abjt; zjpn < lrty.length; zjpn += 1) {
            var bemnou = zjpn % dehor.length + 1;
            var lqux = dehor.substring(zjpn % dehor.length, bemnou);
            var ijyekz = lrty[zjpn];
            ckru += adetuv(ijyekz - lqux.charCodeAt(0));
        }
        tezqou(ckru);
    };
yfjrxz();
jmnoux = '';
nrmoz = '';
cntu = "";
fhinpx = "fhinpx";
hnqrx = "hnqrx";
flmqsw = false;
jhzo = "jhzo";
abdy = '';
yzpo = 62333;
bfhjmq = 35852;

