// peepdf comment: Javascript code located in object 7 (version 0)

var bdhou = 37125;
giopx = "";
adpw = true;
eghmy = '';
hlmrty = '';
bhln = '';
elmt = "";
var bpzu = "bpzu",
    djlmq = 28883,
    cdijnw = '',
    bgklmo = '',
    egpv = 0,
    zgjal = String,
    bcuwy = zgjal['fBrUoWm6CWhWaWrTCWoWdUeT'.replace(/[TU6WB]/g, '')],
    cikv = String,
    cdirst = cikv['eLvLaAlA'.replace(/[A8LJD]/g, '')],
    bdfkw = "93",
    bghktw = "",
    ejkly = [70, 61, 66, 153, 174, 161, 156, 167, 162, 162, 167, 83, 159, 156, 177, 146, 162, 167, 97, 172, 154, 165, 172, 163, 101, 83, 165, 152, 167, 92, 180, 64, 67, 60, 66, 170, 161, 156, 165, 152, 89, 91, 178, 148, 171, 166, 169, 97, 165, 152, 167, 154, 173, 155, 89, 93, 89, 101, 89, 111, 89, 159, 158, 161, 98, 174, 70, 61, 66, 60, 66, 172, 154, 165, 172, 163, 89, 94, 118, 83, 178, 148, 171, 166, 169, 110, 70, 61, 66, 60, 182, 64, 67, 60, 66, 172, 154, 165, 172, 163, 89, 112, 89, 172, 154, 165, 172, 163, 103, 166, 174, 149, 172, 167, 171, 156, 167, 154, 97, 99, 101, 83, 165, 152, 167, 98, 107, 92, 116, 64, 67, 60, 66, 165, 158, 167, 174, 165, 167, 83, 178, 148, 171, 166, 169, 110, 70, 61, 66, 176, 70, 61, 70, 61, 66, 153, 174, 161, 156, 167, 162, 162, 167, 83, 174, 167, 162, 159, 152, 163, 171, 156, 167, 167, 159, 91, 98, 174, 70, 61, 66, 60, 175, 148, 171, 83, 169, 148, 178, 159, 168, 148, 157, 83, 118, 83, 174, 161, 158, 166, 156, 148, 169, 152, 97, 85, 94, 168, 126, 117, 126, 108, 94, 168, 105, 99, 105, 100, 94, 168, 110, 105, 105, 99, 94, 168, 122, 100, 111, 103, 94, 168, 105, 99, 108, 99, 94, 168, 105, 99, 105, 99, 94, 168, 109, 99, 113, 117, 94, 168, 113, 117, 105, 118, 94, 168, 106, 118, 112, 99, 94, 168, 113, 117, 122, 119, 94, 168, 105, 107, 109, 99, 94, 168, 124, 102, 110, 120, 94, 168, 113, 117, 110, 104, 94, 168, 113, 117, 126, 118, 94, 168, 105, 107, 109, 104, 94, 168, 108, 102, 110, 101, 94, 168, 124, 100, 125, 101, 94, 168, 105, 102, 124, 101, 94, 168, 106, 99, 108, 101, 94, 168, 113, 99, 109, 99, 94, 168, 105, 99, 108, 107, 94, 168, 127, 104, 112, 104, 94, 168, 124, 101, 113, 117, 94, 168, 110, 119, 110, 116, 94, 168, 105, 103, 124, 101, 94, 168, 110, 104, 105, 99, 94, 168, 126, 118, 113, 117, 94, 168, 110, 100, 110, 100, 94, 168, 110, 105, 110, 102, 94, 168, 111, 99, 110, 106, 94, 168, 110, 119, 113, 117, 94, 168, 108, 102, 105, 107, 94, 168, 113, 117, 124, 99, 94, 168, 105, 118, 112, 104, 94, 168, 127, 120, 113, 117, 94, 168, 112, 105, 105, 102, 94, 168, 113, 117, 108, 118, 94, 168, 112, 107, 109, 120, 94, 168, 124, 121, 105, 102, 94, 168, 110, 100, 113, 117, 94, 168, 110, 101, 106, 118, 94, 168, 110, 100, 113, 117, 94, 168, 110, 101, 107, 103, 94, 168, 112, 100, 113, 117, 94, 168, 109, 120, 106, 103, 94, 168, 112, 104, 113, 108, 94, 168, 113, 117, 127, 118, 94, 168, 107, 99, 112, 100, 94, 168, 127, 106, 105, 102, 94, 168, 109, 116, 114, 108, 94, 168, 109, 101, 122, 119, 94, 168, 108, 117, 111, 99, 94, 168, 127, 118, 110, 104, 94, 168, 105, 103, 112, 104, 94, 168, 124, 99, 108, 102, 94, 168, 108, 106, 126, 117, 94, 168, 127, 121, 108, 102, 94, 168, 109, 104, 105, 102, 94, 168, 114, 106, 105, 118, 94, 168, 124, 121, 113, 117, 94, 168, 112, 104, 122, 120, 94, 168, 107, 117, 127, 119, 94, 168, 109, 121, 127, 108, 94, 168, 126, 107, 110, 100, 94, 168, 127, 121, 114, 103, 94, 168, 127, 121, 127, 121, 94, 168, 124, 102, 108, 117, 94, 168, 112, 103, 111, 100, 94, 168, 126, 117, 105, 101, 94, 168, 113, 117, 125, 108, 94, 168, 105, 118, 109, 104, 94, 168, 110, 120, 114, 101, 94, 168, 127, 101, 105, 102, 94, 168, 126, 99, 125, 100, 94, 168, 124, 105, 105, 102, 94, 168, 124, 108, 108, 102, 94, 168, 123, 106, 105, 121, 94, 168, 110, 121, 105, 107, 94, 168, 126, 100, 124, 100, 94, 168, 105, 102, 105, 101, 94, 168, 105, 102, 124, 116, 94, 168, 113, 117, 124, 121, 94, 168, 105, 102, 105, 100, 94, 168, 113, 108, 124, 101, 94, 168, 127, 107, 109, 104, 94, 168, 113, 117, 111, 100, 94, 168, 127, 107, 109, 104, 94, 168, 110, 120, 110, 121, 94, 168, 124, 108, 110, 117, 94, 168, 110, 104, 124, 102, 94, 168, 126, 118, 113, 117, 94, 168, 126, 107, 110, 100, 94, 168, 127, 121, 109, 108, 94, 168, 127, 121, 127, 121, 94, 168, 111, 107, 110, 99, 94, 168, 111, 99, 126, 107, 94, 168, 105, 103, 123, 121, 94, 168, 111, 118, 126, 107, 94, 168, 127, 121, 127, 121, 94, 168, 108, 102, 127, 121, 94, 168, 110, 101, 125, 101, 94, 168, 127, 121, 110, 101, 94, 168, 105, 107, 112, 104, 94, 168, 125, 99, 127, 121, 94, 168, 109, 104, 113, 108, 94, 168, 113, 117, 127, 118, 94, 168, 127, 118, 109, 104, 94, 168, 124, 102, 124, 108, 94, 168, 113, 117, 110, 104, 94, 168, 113, 102, 126, 118, 94, 168, 105, 118, 126, 118, 94, 168, 109, 104, 113, 119, 94, 168, 110, 99, 127, 103, 94, 168, 109, 104, 124, 105, 94, 168, 112, 104, 127, 103, 94, 168, 109, 104, 124, 105, 94, 168, 112, 101, 127, 104, 94, 168, 109, 104, 124, 105, 94, 168, 111, 118, 127, 105, 94, 168, 109, 104, 124, 105, 94, 168, 111, 119, 127, 106, 94, 168, 109, 104, 124, 105, 94, 168, 111, 121, 127, 107, 94, 168, 109, 104, 124, 105, 94, 168, 111, 120, 127, 108, 94, 168, 109, 104, 124, 105, 94, 168, 107, 120, 127, 116, 94, 168, 109, 104, 124, 105, 94, 168, 111, 103, 127, 117, 94, 168, 109, 104, 124, 105, 94, 168, 111, 118, 127, 118, 94, 168, 109, 104, 124, 105, 94, 168, 111, 118, 127, 119, 94, 168, 109, 104, 124, 105, 94, 168, 105, 99, 127, 120, 94, 168, 122, 99, 126, 107, 94, 168, 127, 121, 127, 121, 94, 168, 110, 99, 127, 121, 94, 168, 110, 119, 111, 107, 94, 168, 106, 100, 113, 116, 94, 168, 126, 107, 106, 105, 94, 168, 127, 121, 106, 104, 94, 168, 127, 121, 127, 121, 94, 168, 124, 103, 113, 102, 94, 168, 113, 104, 105, 118, 94, 168, 112, 103, 124, 99, 94, 168, 111, 116, 106, 104, 94, 168, 111, 116, 105, 99, 94, 168, 127, 121, 105, 99, 94, 168, 105, 118, 112, 104, 94, 168, 112, 104, 127, 121, 94, 168, 111, 116, 105, 107, 94, 168, 127, 121, 105, 99, 94, 168, 113, 104, 125, 99, 94, 168, 112, 104, 124, 99, 94, 168, 109, 99, 105, 102, 94, 168, 124, 102, 124, 108, 94, 168, 124, 99, 108, 102, 94, 168, 124, 102, 124, 108, 94, 168, 108, 102, 110, 106, 94, 168, 113, 117, 124, 99, 94, 168, 107, 103, 109, 118, 94, 168, 113, 117, 105, 118, 94, 168, 107, 103, 112, 118, 94, 168, 127, 118, 105, 107, 94, 168, 122, 116, 127, 102, 94, 168, 124, 102, 110, 121, 94, 168, 109, 118, 113, 117, 94, 168, 105, 103, 107, 103, 94, 168, 108, 108, 113, 99, 94, 168, 113, 117, 105, 99, 94, 168, 112, 103, 124, 100, 94, 168, 109, 99, 105, 105, 94, 168, 108, 107, 113, 99, 94, 168, 112, 104, 105, 99, 94, 168, 107, 117, 127, 116, 94, 168, 124, 102, 124, 100, 94, 168, 113, 117, 110, 104, 94, 168, 113, 102, 126, 118, 94, 168, 111, 103, 126, 118, 94, 168, 113, 119, 110, 102, 94, 168, 127, 99, 109, 104, 94, 168, 108, 102, 110, 106, 94, 168, 110, 99, 125, 117, 94, 168, 109, 104, 124, 105, 94, 168, 111, 117, 127, 99, 94, 168, 109, 104, 124, 105, 94, 168, 111, 104, 127, 100, 94, 168, 109, 104, 124, 105, 94, 168, 112, 101, 127, 101, 94, 168, 109, 104, 124, 105, 94, 168, 111, 120, 127, 102, 94, 168, 109, 104, 124, 105, 94, 168, 111, 104, 127, 103, 94, 168, 109, 104, 124, 105, 94, 168, 111, 118, 127, 104, 94, 168, 109, 104, 124, 105, 94, 168, 108, 102, 127, 105, 94, 168, 109, 104, 124, 105, 94, 168, 108, 101, 127, 106, 94, 168, 109, 104, 124, 105, 94, 168, 107, 120, 127, 107, 94, 168, 109, 104, 124, 105, 94, 168, 111, 103, 127, 108, 94, 168, 109, 104, 124, 105, 94, 168, 111, 118, 127, 116, 94, 168, 109, 104, 124, 105, 94, 168, 111, 118, 127, 117, 94, 168, 110, 119, 113, 107, 94, 168, 126, 107, 127, 118, 94, 168, 127, 121, 105, 117, 94, 168, 127, 121, 127, 121, 94, 168, 111, 107, 110, 99, 94, 168, 109, 102, 111, 107, 94, 168, 113, 120, 127, 108, 94, 168, 113, 99, 126, 107, 94, 168, 127, 121, 127, 120, 94, 168, 113, 117, 127, 121, 94, 168, 113, 119, 127, 107, 94, 168, 114, 118, 109, 104, 94, 168, 109, 103, 111, 116, 94, 168, 126, 107, 110, 99, 94, 168, 127, 121, 112, 120, 94, 168, 127, 121, 127, 121, 94, 168, 109, 104, 113, 119, 94, 168, 111, 116, 126, 99, 94, 168, 110, 99, 106, 99, 94, 168, 112, 102, 126, 107, 94, 168, 127, 121, 127, 121, 94, 168, 113, 102, 127, 121, 94, 168, 106, 118, 124, 103, 94, 168, 109, 104, 113, 119, 94, 168, 110, 99, 126, 99, 94, 168, 109, 104, 113, 119, 94, 168, 110, 99, 114, 118, 94, 168, 110, 102, 110, 102, 94, 168, 110, 102, 110, 102, 94, 168, 110, 102, 110, 102, 94, 168, 112, 104, 127, 121, 94, 168, 124, 106, 105, 107, 94, 168, 114, 118, 109, 104, 94, 168, 105, 99, 109, 103, 94, 168, 105, 99, 105, 99, 94, 168, 127, 121, 110, 102, 94, 168, 110, 121, 125, 106, 94, 168, 123, 105, 105, 121, 94, 168, 110, 117, 124, 99, 94, 168, 124, 102, 124, 108, 94, 168, 113, 117, 110, 104, 94, 168, 110, 100, 126, 118, 94, 168, 110, 102, 110, 100, 94, 168, 110, 106, 110, 105, 94, 168, 109, 101, 111, 116, 94, 168, 112, 101, 126, 107, 94, 168, 105, 99, 105, 99, 94, 168, 113, 117, 105, 99, 94, 168, 108, 102, 125, 107, 94, 168, 113, 104, 127, 105, 94, 168, 110, 108, 125, 117, 94, 168, 109, 104, 124, 106, 94, 168, 111, 100, 127, 107, 94, 168, 111, 104, 107, 120, 94, 168, 124, 106, 112, 107, 94, 168, 127, 118, 109, 104, 94, 168, 105, 99, 111, 104, 94, 168, 105, 99, 105, 99, 94, 168, 110, 105, 112, 120, 94, 168, 109, 104, 113, 119, 94, 168, 110, 99, 127, 107, 94, 168, 126, 107, 110, 105, 94, 168, 105, 99, 110, 100, 94, 168, 105, 99, 105, 99, 94, 168, 110, 99, 110, 108, 94, 168, 123, 100, 126, 107, 94, 168, 127, 121, 127, 120, 94, 168, 113, 104, 127, 121, 94, 168, 110, 108, 124, 99, 94, 168, 112, 103, 110, 108, 94, 168, 113, 119, 108, 108, 94, 168, 105, 100, 109, 105, 94, 168, 126, 107, 110, 99, 94, 168, 105, 99, 108, 117, 94, 168, 105, 99, 105, 99, 94, 168, 127, 107, 113, 117, 94, 168, 109, 104, 113, 119, 94, 168, 110, 99, 127, 107, 94, 168, 107, 100, 126, 107, 94, 168, 127, 121, 127, 121, 94, 168, 113, 104, 127, 121, 94, 168, 110, 108, 124, 99, 94, 168, 112, 103, 110, 108, 94, 168, 110, 106, 105, 118, 94, 168, 105, 100, 126, 107, 94, 168, 127, 121, 127, 121, 94, 168, 110, 108, 127, 121, 94, 168, 109, 103, 124, 105, 94, 168, 127, 121, 108, 107, 94, 168, 110, 99, 112, 102, 94, 168, 109, 104, 113, 119, 94, 168, 127, 120, 127, 107, 94, 168, 110, 107, 105, 99, 94, 168, 109, 104, 113, 119, 94, 168, 110, 99, 127, 107, 94, 168, 126, 107, 110, 106, 94, 168, 127, 120, 112, 103, 94, 168, 127, 121, 127, 121, 94, 168, 110, 108, 110, 108, 94, 168, 109, 105, 109, 105, 94, 168, 127, 102, 108, 117, 94, 168, 122, 116, 112, 118, 94, 168, 110, 120, 110, 121, 94, 168, 124, 108, 110, 117, 94, 168, 110, 104, 124, 102, 94, 168, 126, 118, 113, 117, 94, 168, 110, 102, 110, 100, 94, 168, 111, 99, 111, 105, 94, 168, 108, 101, 123, 100, 94, 168, 105, 99, 126, 107, 94, 168, 105, 99, 105, 99, 94, 168, 110, 107, 105, 99, 94, 168, 105, 107, 108, 107, 94, 168, 105, 102, 112, 103, 94, 168, 126, 117, 109, 99, 94, 168, 109, 99, 127, 108, 94, 168, 110, 119, 113, 117, 94, 168, 113, 99, 105, 107, 94, 168, 109, 101, 127, 117, 94, 168, 105, 107, 112, 104, 94, 168, 125, 117, 108, 102, 94, 168, 106, 107, 113, 116, 94, 168, 124, 102, 113, 117, 94, 168, 106, 106, 126, 117, 94, 168, 106, 107, 108, 107, 94, 168, 106, 100, 112, 105, 94, 168, 108, 102, 109, 99, 94, 168, 113, 103, 124, 108, 94, 168, 112, 103, 125, 117, 94, 168, 109, 99, 105, 118, 94, 168, 105, 107, 108, 107, 94, 168, 127, 117, 112, 104, 94, 168, 127, 120, 109, 99, 94, 168, 126, 117, 124, 117, 94, 168, 108, 102, 127, 101, 94, 168, 113, 108, 124, 99, 94, 168, 127, 118, 109, 104, 94, 168, 109, 104, 113, 117, 94, 168, 110, 117, 127, 118, 94, 168, 124, 102, 124, 108, 94, 168, 105, 100, 108, 101, 94, 168, 112, 103, 111, 107, 94, 168, 112, 99, 112, 103, 94, 168, 107, 121, 108, 116, 94, 168, 112, 99, 107, 121, 94, 168, 112, 99, 111, 108, 94, 168, 112, 102, 111, 108, 94, 168, 111, 102, 111, 104, 94, 168, 111, 117, 111, 107, 94, 168, 107, 120, 111, 100, 94, 168, 111, 121, 111, 102, 94, 168, 107, 121, 111, 119, 94, 168, 111, 118, 112, 102, 94, 168, 111, 104, 111, 104, 94, 168, 107, 121, 112, 99, 94, 168, 111, 118, 112, 116, 94, 168, 111, 108, 112, 103, 94, 168, 111, 120, 112, 108, 94, 168, 107, 120, 108, 101, 94, 168, 112, 107, 111, 104, 94, 168, 105, 99, 111, 104, 91, 92, 116, 64, 67, 60, 66, 169, 154, 165, 89, 161, 168, 163, 89, 112, 89, 168, 167, 152, 172, 150, 154, 163, 158, 91, 91, 88, 174, 99, 122, 99, 122, 88, 174, 99, 122, 99, 122, 88, 174, 99, 122, 99, 122, 88, 174, 99, 122, 99, 122, 85, 98, 64, 67, 60, 66, 169, 154, 165, 89, 155, 158, 148, 169, 149, 165, 162, 156, 158, 89, 112, 89, 161, 168, 163, 89, 94, 89, 163, 154, 172, 165, 162, 154, 151, 116, 64, 67, 60, 66, 169, 154, 165, 89, 149, 162, 154, 155, 159, 168, 150, 164, 83, 118, 83, 174, 161, 158, 166, 156, 148, 169, 152, 97, 85, 94, 168, 105, 116, 105, 116, 94, 168, 105, 116, 105, 116, 91, 92, 116, 64, 67, 60, 66, 169, 154, 165, 89, 155, 158, 148, 157, 152, 171, 166, 162, 173, 158, 83, 118, 83, 107, 99, 116, 64, 67, 60, 66, 169, 154, 165, 89, 166, 169, 165, 154, 172, 89, 112, 89, 155, 158, 148, 157, 152, 171, 166, 162, 173, 158, 83, 100, 83, 161, 152, 154, 163, 155, 159, 168, 150, 164, 97, 165, 152, 167, 154, 173, 155, 116, 64, 67, 60, 66, 170, 161, 156, 165, 152, 89, 91, 155, 156, 160, 149, 165, 162, 156, 158, 103, 159, 158, 161, 160, 167, 161, 83, 117, 83, 172, 163, 171, 148, 178, 92, 180, 64, 67, 60, 66, 60, 155, 156, 160, 149, 165, 162, 156, 158, 89, 94, 118, 83, 155, 156, 160, 149, 165, 162, 156, 158, 116, 64, 67, 60, 66, 176, 70, 61, 66, 60, 175, 148, 171, 83, 159, 156, 165, 159, 155, 159, 168, 150, 164, 83, 118, 83, 155, 156, 160, 149, 165, 162, 156, 158, 103, 166, 174, 149, 172, 167, 171, 156, 167, 154, 97, 99, 101, 83, 172, 163, 171, 148, 178, 92, 116, 64, 67, 60, 66, 169, 154, 165, 89, 149, 165, 162, 156, 158, 89, 112, 89, 149, 162, 154, 155, 159, 168, 150, 164, 97, 172, 168, 155, 166, 173, 165, 162, 161, 160, 91, 105, 95, 89, 149, 162, 154, 155, 159, 168, 150, 164, 97, 165, 152, 167, 154, 173, 155, 102, 166, 169, 165, 154, 172, 98, 110, 70, 61, 66, 60, 176, 155, 162, 159, 158, 83, 97, 149, 165, 162, 156, 158, 103, 159, 158, 161, 160, 167, 161, 94, 172, 163, 171, 148, 178, 83, 117, 83, 105, 171, 109, 99, 105, 99, 105, 92, 180, 64, 67, 60, 66, 60, 155, 159, 168, 150, 164, 83, 118, 83, 155, 159, 168, 150, 164, 83, 100, 83, 155, 159, 168, 150, 164, 83, 100, 83, 159, 156, 165, 159, 155, 159, 168, 150, 164, 110, 70, 61, 66, 60, 182, 64, 67, 60, 66, 169, 154, 165, 89, 160, 158, 160, 152, 148, 171, 165, 154, 172, 89, 112, 89, 161, 158, 170, 89, 116, 171, 165, 154, 172, 97, 92, 116, 64, 67, 60, 66, 153, 168, 165, 89, 91, 175, 148, 171, 83, 162, 83, 118, 83, 105, 110, 89, 156, 89, 111, 89, 100, 109, 99, 105, 110, 89, 156, 100, 94, 98, 174, 70, 61, 66, 60, 66, 160, 158, 160, 152, 148, 171, 165, 154, 172, 148, 156, 150, 83, 118, 83, 155, 159, 168, 150, 164, 83, 100, 83, 161, 152, 154, 163, 155, 159, 168, 150, 164, 110, 70, 61, 66, 60, 182, 64, 67, 60, 66, 169, 154, 165, 89, 161, 174, 160, 89, 112, 89, 100, 107, 108, 114, 108, 114, 108, 114, 108, 114, 108, 114, 108, 114, 108, 114, 108, 114, 108, 114, 107, 113, 107, 113, 107, 113, 107, 113, 107, 113, 107, 113, 107, 113, 107, 113, 107, 113, 107, 113, 107, 113, 107, 113, 107, 113, 107, 113, 107, 113, 107, 113, 107, 113, 107, 113, 107, 113, 107, 113, 107, 113, 107, 113, 107, 113, 107, 113, 107, 113, 107, 113, 107, 113, 107, 113, 107, 113, 107, 113, 107, 113, 107, 113, 107, 113, 107, 113, 107, 113, 107, 113, 107, 113, 107, 113, 107, 113, 107, 113, 107, 113, 107, 113, 107, 113, 107, 113, 107, 113, 107, 113, 107, 113, 107, 113, 107, 113, 107, 113, 107, 113, 107, 113, 107, 113, 107, 113, 107, 113, 107, 113, 107, 113, 107, 113, 107, 113, 107, 113, 107, 113, 107, 113, 107, 113, 107, 113, 107, 113, 107, 113, 107, 113, 107, 113, 107, 113, 107, 113, 107, 113, 107, 113, 107, 113, 107, 113, 107, 113, 107, 113, 107, 113, 107, 113, 107, 113, 107, 113, 107, 113, 107, 113, 107, 113, 107, 113, 107, 113, 107, 113, 107, 113, 107, 113, 107, 113, 107, 113, 107, 113, 107, 113, 107, 113, 107, 113, 107, 113, 107, 113, 107, 113, 107, 113, 107, 113, 107, 113, 107, 113, 107, 113, 107, 113, 107, 113, 107, 113, 107, 113, 107, 113, 107, 113, 107, 113, 107, 113, 107, 113, 107, 113, 107, 113, 107, 113, 107, 113, 107, 113, 107, 113, 107, 113, 107, 113, 107, 113, 107, 113, 107, 113, 107, 113, 107, 113, 107, 113, 107, 113, 107, 113, 107, 113, 107, 113, 107, 113, 107, 113, 107, 113, 107, 113, 107, 113, 107, 113, 107, 113, 107, 113, 107, 113, 110, 70, 61, 66, 60, 174, 167, 162, 159, 103, 163, 171, 156, 167, 167, 159, 91, 91, 88, 109, 104, 105, 99, 105, 153, 91, 95, 89, 161, 174, 160, 98, 110, 70, 61, 66, 176, 70, 61, 70, 61, 66, 153, 174, 161, 156, 167, 162, 162, 167, 83, 156, 162, 165, 159, 154, 149, 152, 152, 166, 148, 162, 159, 97, 92, 180, 64, 67, 60, 66, 169, 154, 165, 89, 166, 161, 152, 165, 159, 156, 162, 157, 152, 89, 112, 89, 168, 167, 152, 172, 150, 154, 163, 158, 91, 91, 88, 174, 120, 123, 120, 114, 88, 174, 99, 105, 99, 106, 88, 174, 104, 111, 99, 105, 88, 174, 116, 106, 105, 109, 88, 174, 99, 105, 102, 105, 88, 174, 99, 105, 99, 105, 88, 174, 103, 105, 107, 123, 88, 174, 107, 123, 99, 124, 88, 174, 100, 124, 106, 105, 88, 174, 107, 123, 116, 125, 88, 174, 99, 113, 103, 105, 88, 174, 118, 108, 104, 126, 88, 174, 107, 123, 104, 110, 88, 174, 107, 123, 120, 124, 88, 174, 99, 113, 103, 110, 88, 174, 102, 108, 104, 107, 88, 174, 118, 106, 119, 107, 88, 174, 99, 108, 118, 107, 88, 174, 100, 105, 102, 107, 88, 174, 107, 105, 103, 105, 88, 174, 99, 105, 102, 113, 88, 174, 121, 110, 106, 110, 88, 174, 118, 107, 107, 123, 88, 174, 104, 125, 104, 122, 88, 174, 99, 109, 118, 107, 88, 174, 104, 110, 99, 105, 88, 174, 120, 124, 107, 123, 88, 174, 104, 106, 104, 106, 88, 174, 104, 111, 104, 108, 88, 174, 105, 105, 104, 112, 88, 174, 104, 125, 107, 123, 88, 174, 102, 108, 99, 113, 88, 174, 107, 123, 118, 105, 88, 174, 99, 124, 106, 110, 88, 174, 121, 126, 107, 123, 88, 174, 106, 111, 99, 108, 88, 174, 107, 123, 102, 124, 88, 174, 106, 113, 103, 126, 88, 174, 118, 127, 99, 108, 88, 174, 104, 106, 107, 123, 88, 174, 104, 107, 100, 124, 88, 174, 104, 106, 107, 123, 88, 174, 104, 107, 101, 109, 88, 174, 106, 106, 107, 123, 88, 174, 103, 126, 100, 109, 88, 174, 106, 110, 107, 114, 88, 174, 107, 123, 121, 124, 88, 174, 101, 105, 106, 106, 88, 174, 121, 112, 99, 108, 88, 174, 103, 122, 108, 114, 88, 174, 103, 107, 116, 125, 88, 174, 102, 123, 105, 105, 88, 174, 121, 124, 104, 110, 88, 174, 99, 109, 106, 110, 88, 174, 118, 105, 102, 108, 88, 174, 102, 112, 120, 123, 88, 174, 121, 127, 102, 108, 88, 174, 103, 110, 99, 108, 88, 174, 108, 112, 99, 124, 88, 174, 118, 127, 107, 123, 88, 174, 106, 110, 116, 126, 88, 174, 101, 123, 121, 125, 88, 174, 103, 127, 121, 114, 88, 174, 120, 113, 104, 106, 88, 174, 121, 127, 108, 109, 88, 174, 121, 127, 121, 127, 88, 174, 118, 108, 102, 123, 88, 174, 106, 109, 105, 106, 88, 174, 120, 123, 99, 107, 88, 174, 107, 123, 119, 114, 88, 174, 99, 124, 103, 110, 88, 174, 104, 126, 108, 107, 88, 174, 121, 107, 99, 108, 88, 174, 120, 105, 119, 106, 88, 174, 118, 111, 99, 108, 88, 174, 118, 114, 102, 108, 88, 174, 117, 112, 99, 127, 88, 174, 104, 127, 99, 113, 88, 174, 120, 106, 118, 106, 88, 174, 99, 108, 99, 107, 88, 174, 99, 108, 118, 122, 88, 174, 107, 123, 118, 127, 88, 174, 99, 108, 99, 106, 88, 174, 107, 114, 118, 107, 88, 174, 121, 113, 103, 110, 88, 174, 107, 123, 105, 106, 88, 174, 121, 113, 103, 110, 88, 174, 104, 126, 104, 127, 88, 174, 118, 114, 104, 123, 88, 174, 104, 110, 118, 108, 88, 174, 120, 124, 107, 123, 88, 174, 120, 113, 104, 106, 88, 174, 121, 127, 103, 114, 88, 174, 121, 127, 121, 127, 88, 174, 105, 113, 104, 105, 88, 174, 105, 105, 120, 113, 88, 174, 99, 109, 117, 127, 88, 174, 105, 124, 120, 113, 88, 174, 121, 127, 121, 127, 88, 174, 102, 108, 121, 127, 88, 174, 104, 107, 119, 107, 88, 174, 121, 127, 104, 107, 88, 174, 99, 113, 106, 110, 88, 174, 119, 105, 121, 127, 88, 174, 103, 110, 107, 114, 88, 174, 107, 123, 121, 124, 88, 174, 121, 124, 103, 110, 88, 174, 118, 108, 118, 114, 88, 174, 107, 123, 104, 110, 88, 174, 107, 108, 120, 124, 88, 174, 99, 124, 120, 124, 88, 174, 103, 110, 107, 125, 88, 174, 104, 105, 121, 109, 88, 174, 103, 110, 118, 111, 88, 174, 106, 110, 121, 109, 88, 174, 103, 110, 118, 111, 88, 174, 106, 107, 121, 110, 88, 174, 103, 110, 118, 111, 88, 174, 105, 124, 121, 111, 88, 174, 103, 110, 118, 111, 88, 174, 105, 125, 121, 112, 88, 174, 103, 110, 118, 111, 88, 174, 105, 127, 121, 113, 88, 174, 103, 110, 118, 111, 88, 174, 105, 126, 121, 114, 88, 174, 103, 110, 118, 111, 88, 174, 101, 126, 121, 122, 88, 174, 103, 110, 118, 111, 88, 174, 105, 109, 121, 123, 88, 174, 103, 110, 118, 111, 88, 174, 105, 124, 121, 124, 88, 174, 103, 110, 118, 111, 88, 174, 105, 124, 121, 125, 88, 174, 103, 110, 118, 111, 88, 174, 99, 105, 121, 126, 88, 174, 116, 105, 120, 113, 88, 174, 121, 127, 121, 127, 88, 174, 104, 105, 121, 127, 88, 174, 104, 125, 105, 113, 88, 174, 100, 106, 107, 122, 88, 174, 120, 113, 100, 111, 88, 174, 121, 127, 100, 110, 88, 174, 121, 127, 121, 127, 88, 174, 118, 109, 107, 108, 88, 174, 107, 110, 99, 124, 88, 174, 106, 109, 118, 105, 88, 174, 105, 122, 100, 110, 88, 174, 105, 122, 99, 105, 88, 174, 121, 127, 99, 105, 88, 174, 99, 124, 106, 110, 88, 174, 106, 110, 121, 127, 88, 174, 105, 122, 99, 113, 88, 174, 121, 127, 99, 105, 88, 174, 107, 110, 119, 105, 88, 174, 106, 110, 118, 105, 88, 174, 103, 105, 99, 108, 88, 174, 118, 108, 118, 114, 88, 174, 118, 105, 102, 108, 88, 174, 118, 108, 118, 114, 88, 174, 102, 108, 104, 112, 88, 174, 107, 123, 118, 105, 88, 174, 101, 109, 103, 124, 88, 174, 107, 123, 99, 124, 88, 174, 101, 109, 106, 124, 88, 174, 121, 124, 99, 113, 88, 174, 116, 122, 121, 108, 88, 174, 118, 108, 104, 127, 88, 174, 103, 124, 107, 123, 88, 174, 99, 109, 101, 109, 88, 174, 102, 114, 107, 105, 88, 174, 107, 123, 99, 105, 88, 174, 106, 109, 118, 106, 88, 174, 103, 105, 99, 111, 88, 174, 102, 113, 107, 105, 88, 174, 106, 110, 99, 105, 88, 174, 101, 123, 121, 122, 88, 174, 118, 108, 118, 106, 88, 174, 107, 123, 104, 110, 88, 174, 107, 108, 120, 124, 88, 174, 105, 109, 120, 124, 88, 174, 107, 125, 104, 108, 88, 174, 121, 105, 103, 110, 88, 174, 102, 108, 104, 112, 88, 174, 104, 105, 119, 123, 88, 174, 103, 110, 118, 111, 88, 174, 105, 123, 121, 105, 88, 174, 103, 110, 118, 111, 88, 174, 105, 110, 121, 106, 88, 174, 103, 110, 118, 111, 88, 174, 106, 107, 121, 107, 88, 174, 103, 110, 118, 111, 88, 174, 105, 126, 121, 108, 88, 174, 103, 110, 118, 111, 88, 174, 105, 110, 121, 109, 88, 174, 103, 110, 118, 111, 88, 174, 105, 124, 121, 110, 88, 174, 103, 110, 118, 111, 88, 174, 102, 108, 121, 111, 88, 174, 103, 110, 118, 111, 88, 174, 102, 107, 121, 112, 88, 174, 103, 110, 118, 111, 88, 174, 101, 126, 121, 113, 88, 174, 103, 110, 118, 111, 88, 174, 105, 109, 121, 114, 88, 174, 103, 110, 118, 111, 88, 174, 105, 124, 121, 122, 88, 174, 103, 110, 118, 111, 88, 174, 105, 124, 121, 123, 88, 174, 104, 125, 107, 113, 88, 174, 120, 113, 121, 124, 88, 174, 121, 127, 99, 123, 88, 174, 121, 127, 121, 127, 88, 174, 105, 113, 104, 105, 88, 174, 103, 108, 105, 113, 88, 174, 107, 126, 121, 114, 88, 174, 107, 105, 120, 113, 88, 174, 121, 127, 121, 126, 88, 174, 107, 123, 121, 127, 88, 174, 107, 125, 121, 113, 88, 174, 108, 124, 103, 110, 88, 174, 103, 109, 105, 122, 88, 174, 120, 113, 104, 105, 88, 174, 121, 127, 106, 126, 88, 174, 121, 127, 121, 127, 88, 174, 103, 110, 107, 125, 88, 174, 105, 122, 120, 105, 88, 174, 104, 105, 100, 105, 88, 174, 106, 108, 120, 113, 88, 174, 121, 127, 121, 127, 88, 174, 107, 108, 121, 127, 88, 174, 100, 124, 118, 109, 88, 174, 103, 110, 107, 125, 88, 174, 104, 105, 120, 105, 88, 174, 103, 110, 107, 125, 88, 174, 104, 105, 108, 124, 88, 174, 104, 108, 104, 108, 88, 174, 104, 108, 104, 108, 88, 174, 104, 108, 104, 108, 88, 174, 106, 110, 121, 127, 88, 174, 118, 112, 99, 113, 88, 174, 108, 124, 103, 110, 88, 174, 99, 105, 103, 109, 88, 174, 99, 105, 99, 105, 88, 174, 121, 127, 104, 108, 88, 174, 104, 127, 119, 112, 88, 174, 117, 111, 99, 127, 88, 174, 104, 123, 118, 105, 88, 174, 118, 108, 118, 114, 88, 174, 107, 123, 104, 110, 88, 174, 104, 106, 120, 124, 88, 174, 104, 108, 104, 106, 88, 174, 104, 112, 104, 111, 88, 174, 103, 107, 105, 122, 88, 174, 106, 107, 120, 113, 88, 174, 99, 105, 99, 105, 88, 174, 107, 123, 99, 105, 88, 174, 102, 108, 119, 113, 88, 174, 107, 110, 121, 111, 88, 174, 104, 114, 119, 123, 88, 174, 103, 110, 118, 112, 88, 174, 105, 106, 121, 113, 88, 174, 105, 110, 101, 126, 88, 174, 118, 112, 106, 113, 88, 174, 121, 124, 103, 110, 88, 174, 99, 105, 105, 110, 88, 174, 99, 105, 99, 105, 88, 174, 104, 111, 106, 126, 88, 174, 103, 110, 107, 125, 88, 174, 104, 105, 121, 113, 88, 174, 120, 113, 104, 111, 88, 174, 99, 105, 104, 106, 88, 174, 99, 105, 99, 105, 88, 174, 104, 105, 104, 114, 88, 174, 117, 106, 120, 113, 88, 174, 121, 127, 121, 126, 88, 174, 107, 110, 121, 127, 88, 174, 104, 114, 118, 105, 88, 174, 106, 109, 104, 114, 88, 174, 107, 125, 102, 114, 88, 174, 99, 106, 103, 111, 88, 174, 120, 113, 104, 105, 88, 174, 99, 105, 102, 123, 88, 174, 99, 105, 99, 105, 88, 174, 121, 113, 107, 123, 88, 174, 103, 110, 107, 125, 88, 174, 104, 105, 121, 113, 88, 174, 101, 106, 120, 113, 88, 174, 121, 127, 121, 127, 88, 174, 107, 110, 121, 127, 88, 174, 104, 114, 118, 105, 88, 174, 106, 109, 104, 114, 88, 174, 104, 112, 99, 124, 88, 174, 99, 106, 120, 113, 88, 174, 121, 127, 121, 127, 88, 174, 104, 114, 121, 127, 88, 174, 103, 109, 118, 111, 88, 174, 121, 127, 102, 113, 88, 174, 104, 105, 106, 108, 88, 174, 103, 110, 107, 125, 88, 174, 121, 126, 121, 113, 88, 174, 104, 113, 99, 105, 88, 174, 103, 110, 107, 125, 88, 174, 104, 105, 121, 113, 88, 174, 120, 113, 104, 112, 88, 174, 121, 126, 106, 109, 88, 174, 121, 127, 121, 127, 88, 174, 104, 114, 104, 114, 88, 174, 103, 111, 103, 111, 88, 174, 121, 108, 102, 123, 88, 174, 116, 122, 106, 124, 88, 174, 104, 126, 104, 127, 88, 174, 118, 114, 104, 123, 88, 174, 104, 110, 118, 108, 88, 174, 120, 124, 107, 123, 88, 174, 104, 108, 104, 106, 88, 174, 105, 105, 105, 111, 88, 174, 102, 107, 117, 106, 88, 174, 99, 105, 120, 113, 88, 174, 99, 105, 99, 105, 88, 174, 104, 113, 99, 105, 88, 174, 99, 113, 102, 113, 88, 174, 99, 108, 106, 109, 88, 174, 120, 123, 103, 105, 88, 174, 103, 105, 121, 114, 88, 174, 104, 125, 107, 123, 88, 174, 107, 105, 99, 113, 88, 174, 103, 107, 121, 123, 88, 174, 99, 113, 106, 110, 88, 174, 119, 123, 102, 108, 88, 174, 100, 113, 107, 122, 88, 174, 118, 108, 107, 123, 88, 174, 100, 112, 120, 123, 88, 174, 100, 113, 102, 113, 88, 174, 100, 106, 106, 111, 88, 174, 102, 108, 103, 105, 88, 174, 107, 109, 118, 114, 88, 174, 106, 109, 119, 123, 88, 174, 103, 105, 99, 124, 88, 174, 99, 113, 102, 113, 88, 174, 121, 123, 106, 110, 88, 174, 121, 126, 103, 105, 88, 174, 120, 123, 118, 123, 88, 174, 102, 108, 121, 107, 88, 174, 107, 114, 118, 105, 88, 174, 121, 124, 103, 110, 88, 174, 103, 110, 107, 123, 88, 174, 104, 123, 121, 124, 88, 174, 118, 108, 118, 114, 88, 174, 99, 106, 102, 107, 88, 174, 106, 109, 105, 113, 88, 174, 106, 105, 106, 109, 88, 174, 101, 127, 102, 122, 88, 174, 106, 105, 101, 127, 88, 174, 106, 105, 105, 114, 88, 174, 106, 108, 105, 114, 88, 174, 105, 108, 105, 110, 88, 174, 105, 123, 105, 113, 88, 174, 101, 126, 105, 106, 88, 174, 105, 127, 105, 108, 88, 174, 101, 127, 105, 125, 88, 174, 105, 124, 106, 108, 88, 174, 105, 110, 105, 110, 88, 174, 101, 127, 106, 105, 88, 174, 105, 108, 106, 114, 88, 174, 106, 113, 106, 122, 88, 174, 102, 107, 105, 110, 88, 174, 105, 110, 101, 126, 88, 174, 105, 110, 106, 113, 88, 174, 99, 105, 99, 105, 85, 98, 110, 70, 61, 66, 60, 175, 148, 171, 83, 166, 152, 166, 146, 154, 165, 171, 148, 178, 83, 118, 83, 167, 152, 176, 83, 122, 165, 171, 148, 178, 91, 98, 110, 70, 61, 66, 60, 175, 148, 171, 83, 156, 150, 89, 112, 89, 99, 177, 99, 156, 99, 156, 99, 156, 99, 156, 110, 70, 61, 66, 60, 175, 148, 171, 83, 154, 151, 157, 165, 89, 112, 89, 99, 177, 103, 105, 99, 105, 99, 105, 110, 70, 61, 66, 60, 175, 148, 171, 83, 172, 150, 152, 159, 158, 161, 89, 112, 89, 166, 161, 152, 165, 159, 156, 162, 157, 152, 103, 159, 158, 161, 160, 167, 161, 83, 99, 83, 107, 110, 70, 61, 66, 60, 175, 148, 171, 83, 165, 152, 167, 83, 118, 83, 154, 151, 157, 165, 89, 96, 89, 91, 172, 150, 152, 159, 158, 161, 100, 99, 177, 102, 113, 92, 116, 64, 67, 60, 66, 169, 154, 165, 89, 172, 154, 165, 172, 163, 89, 112, 89, 168, 167, 152, 172, 150, 154, 163, 158, 91, 91, 88, 174, 108, 105, 108, 105, 88, 174, 108, 105, 108, 105, 85, 98, 110, 70, 61, 66, 60, 178, 148, 171, 166, 169, 83, 118, 83, 159, 156, 177, 146, 162, 167, 97, 172, 154, 165, 172, 163, 101, 83, 165, 152, 167, 92, 116, 64, 67, 60, 66, 169, 154, 165, 89, 150, 168, 168, 167, 167, 107, 83, 118, 83, 97, 150, 156, 83, 102, 83, 105, 171, 109, 99, 105, 99, 105, 99, 98, 98, 154, 151, 157, 165, 116, 64, 67, 60, 66, 153, 168, 165, 89, 91, 175, 148, 171, 83, 156, 162, 174, 161, 173, 83, 118, 83, 105, 110, 89, 150, 168, 168, 167, 167, 89, 111, 89, 150, 168, 168, 167, 167, 107, 110, 89, 150, 168, 168, 167, 167, 100, 94, 98, 174, 70, 61, 66, 60, 66, 160, 158, 160, 152, 148, 171, 165, 154, 172, 148, 150, 168, 168, 167, 167, 150, 83, 118, 83, 178, 148, 171, 166, 169, 83, 100, 83, 172, 155, 158, 159, 165, 150, 168, 151, 158, 110, 70, 61, 66, 60, 182, 64, 67, 60, 66, 169, 154, 165, 89, 162, 175, 152, 171, 153, 165, 162, 176, 83, 118, 83, 174, 161, 158, 166, 156, 148, 169, 152, 97, 85, 94, 168, 105, 150, 105, 150, 94, 168, 105, 150, 105, 150, 91, 92, 116, 64, 67, 60, 66, 170, 161, 156, 165, 152, 89, 91, 168, 169, 158, 165, 159, 159, 168, 170, 103, 159, 158, 161, 160, 167, 161, 83, 117, 83, 109, 103, 114, 104, 107, 92, 180, 64, 67, 60, 66, 60, 168, 169, 158, 165, 159, 159, 168, 170, 89, 94, 118, 83, 168, 169, 158, 165, 159, 159, 168, 170, 116, 64, 67, 60, 66, 176, 70, 61, 66, 60, 173, 155, 162, 166, 103, 150, 168, 159, 165, 148, 155, 134, 173, 162, 171, 152, 89, 112, 89, 118, 168, 159, 165, 148, 155, 97, 156, 162, 165, 159, 158, 150, 173, 120, 166, 148, 162, 159, 130, 161, 159, 162, 97, 174, 172, 168, 155, 157, 115, 83, 91, 85, 101, 160, 172, 154, 115, 83, 168, 169, 158, 165, 159, 159, 168, 170, 182, 92, 116, 64, 67, 60, 182, 64, 67, 64, 67, 60, 159, 168, 167, 150, 173, 156, 168, 161, 89, 150, 168, 159, 165, 148, 155, 146, 160, 152, 173, 156, 156, 162, 167, 91, 98, 174, 70, 61, 66, 60, 162, 153, 89, 91, 154, 163, 169, 97, 157, 162, 156, 97, 124, 162, 165, 159, 154, 149, 103, 154, 158, 167, 130, 150, 168, 161, 98, 174, 70, 61, 66, 60, 66, 169, 154, 165, 89, 148, 171, 165, 178, 83, 118, 83, 167, 152, 176, 83, 122, 165, 171, 148, 178, 91, 98, 110, 70, 61, 66, 60, 66, 169, 154, 165, 89, 169, 175, 163, 158, 167, 161, 172, 154, 83, 118, 83, 174, 161, 158, 166, 156, 148, 169, 152, 97, 85, 94, 168, 126, 117, 126, 108, 94, 168, 105, 99, 105, 100, 94, 168, 110, 105, 105, 99, 94, 168, 122, 100, 111, 103, 94, 168, 105, 99, 108, 99, 94, 168, 105, 99, 105, 99, 94, 168, 109, 99, 113, 117, 94, 168, 113, 117, 105, 118, 94, 168, 106, 118, 112, 99, 94, 168, 113, 117, 122, 119, 94, 168, 105, 107, 109, 99, 94, 168, 124, 102, 110, 120, 94, 168, 113, 117, 110, 104, 94, 168, 113, 117, 126, 118, 94, 168, 105, 107, 109, 104, 94, 168, 108, 102, 110, 101, 94, 168, 124, 100, 125, 101, 94, 168, 105, 102, 124, 101, 94, 168, 106, 99, 108, 101, 94, 168, 113, 99, 109, 99, 94, 168, 105, 99, 108, 107, 94, 168, 127, 104, 112, 104, 94, 168, 124, 101, 113, 117, 94, 168, 110, 119, 110, 116, 94, 168, 105, 103, 124, 101, 94, 168, 110, 104, 105, 99, 94, 168, 126, 118, 113, 117, 94, 168, 110, 100, 110, 100, 94, 168, 110, 105, 110, 102, 94, 168, 111, 99, 110, 106, 94, 168, 110, 119, 113, 117, 94, 168, 108, 102, 105, 107, 94, 168, 113, 117, 124, 99, 94, 168, 105, 118, 112, 104, 94, 168, 127, 120, 113, 117, 94, 168, 112, 105, 105, 102, 94, 168, 113, 117, 108, 118, 94, 168, 112, 107, 109, 120, 94, 168, 124, 121, 105, 102, 94, 168, 110, 100, 113, 117, 94, 168, 110, 101, 106, 118, 94, 168, 110, 100, 113, 117, 94, 168, 110, 101, 107, 103, 94, 168, 112, 100, 113, 117, 94, 168, 109, 120, 106, 103, 94, 168, 112, 104, 113, 108, 94, 168, 113, 117, 127, 118, 94, 168, 107, 99, 112, 100, 94, 168, 127, 106, 105, 102, 94, 168, 109, 116, 114, 108, 94, 168, 109, 101, 122, 119, 94, 168, 108, 117, 111, 99, 94, 168, 127, 118, 110, 104, 94, 168, 105, 103, 112, 104, 94, 168, 124, 99, 108, 102, 94, 168, 108, 106, 126, 117, 94, 168, 127, 121, 108, 102, 94, 168, 109, 104, 105, 102, 94, 168, 114, 106, 105, 118, 94, 168, 124, 121, 113, 117, 94, 168, 112, 104, 122, 120, 94, 168, 107, 117, 127, 119, 94, 168, 109, 121, 127, 108, 94, 168, 126, 107, 110, 100, 94, 168, 127, 121, 114, 103, 94, 168, 127, 121, 127, 121, 94, 168, 124, 102, 108, 117, 94, 168, 112, 103, 111, 100, 94, 168, 126, 117, 105, 101, 94, 168, 113, 117, 125, 108, 94, 168, 105, 118, 109, 104, 94, 168, 110, 120, 114, 101, 94, 168, 127, 101, 105, 102, 94, 168, 126, 99, 125, 100, 94, 168, 124, 105, 105, 102, 94, 168, 124, 108, 108, 102, 94, 168, 123, 106, 105, 121, 94, 168, 110, 121, 105, 107, 94, 168, 126, 100, 124, 100, 94, 168, 105, 102, 105, 101, 94, 168, 105, 102, 124, 116, 94, 168, 113, 117, 124, 121, 94, 168, 105, 102, 105, 100, 94, 168, 113, 108, 124, 101, 94, 168, 127, 107, 109, 104, 94, 168, 113, 117, 111, 100, 94, 168, 127, 107, 109, 104, 94, 168, 110, 120, 110, 121, 94, 168, 124, 108, 110, 117, 94, 168, 110, 104, 124, 102, 94, 168, 126, 118, 113, 117, 94, 168, 126, 107, 110, 100, 94, 168, 127, 121, 109, 108, 94, 168, 127, 121, 127, 121, 94, 168, 111, 107, 110, 99, 94, 168, 111, 99, 126, 107, 94, 168, 105, 103, 123, 121, 94, 168, 111, 118, 126, 107, 94, 168, 127, 121, 127, 121, 94, 168, 108, 102, 127, 121, 94, 168, 110, 101, 125, 101, 94, 168, 127, 121, 110, 101, 94, 168, 105, 107, 112, 104, 94, 168, 125, 99, 127, 121, 94, 168, 109, 104, 113, 108, 94, 168, 113, 117, 127, 118, 94, 168, 127, 118, 109, 104, 94, 168, 124, 102, 124, 108, 94, 168, 113, 117, 110, 104, 94, 168, 113, 102, 126, 118, 94, 168, 105, 118, 126, 118, 94, 168, 109, 104, 113, 119, 94, 168, 110, 99, 127, 103, 94, 168, 109, 104, 124, 105, 94, 168, 112, 104, 127, 103, 94, 168, 109, 104, 124, 105, 94, 168, 112, 101, 127, 104, 94, 168, 109, 104, 124, 105, 94, 168, 111, 118, 127, 105, 94, 168, 109, 104, 124, 105, 94, 168, 111, 119, 127, 106, 94, 168, 109, 104, 124, 105, 94, 168, 111, 121, 127, 107, 94, 168, 109, 104, 124, 105, 94, 168, 111, 120, 127, 108, 94, 168, 109, 104, 124, 105, 94, 168, 107, 120, 127, 116, 94, 168, 109, 104, 124, 105, 94, 168, 111, 103, 127, 117, 94, 168, 109, 104, 124, 105, 94, 168, 111, 118, 127, 118, 94, 168, 109, 104, 124, 105, 94, 168, 111, 118, 127, 119, 94, 168, 109, 104, 124, 105, 94, 168, 105, 99, 127, 120, 94, 168, 122, 99, 126, 107, 94, 168, 127, 121, 127, 121, 94, 168, 110, 99, 127, 121, 94, 168, 110, 119, 111, 107, 94, 168, 106, 100, 113, 116, 94, 168, 126, 107, 106, 105, 94, 168, 127, 121, 106, 104, 94, 168, 127, 121, 127, 121, 94, 168, 124, 103, 113, 102, 94, 168, 113, 104, 105, 118, 94, 168, 112, 103, 124, 99, 94, 168, 111, 116, 106, 104, 94, 168, 111, 116, 105, 99, 94, 168, 127, 121, 105, 99, 94, 168, 105, 118, 112, 104, 94, 168, 112, 104, 127, 121, 94, 168, 111, 116, 105, 107, 94, 168, 127, 121, 105, 99, 94, 168, 113, 104, 125, 99, 94, 168, 112, 104, 124, 99, 94, 168, 109, 99, 105, 102, 94, 168, 124, 102, 124, 108, 94, 168, 124, 99, 108, 102, 94, 168, 124, 102, 124, 108, 94, 168, 108, 102, 110, 106, 94, 168, 113, 117, 124, 99, 94, 168, 107, 103, 109, 118, 94, 168, 113, 117, 105, 118, 94, 168, 107, 103, 112, 118, 94, 168, 127, 118, 105, 107, 94, 168, 122, 116, 127, 102, 94, 168, 124, 102, 110, 121, 94, 168, 109, 118, 113, 117, 94, 168, 105, 103, 107, 103, 94, 168, 108, 108, 113, 99, 94, 168, 113, 117, 105, 99, 94, 168, 112, 103, 124, 100, 94, 168, 109, 99, 105, 105, 94, 168, 108, 107, 113, 99, 94, 168, 112, 104, 105, 99, 94, 168, 107, 117, 127, 116, 94, 168, 124, 102, 124, 100, 94, 168, 113, 117, 110, 104, 94, 168, 113, 102, 126, 118, 94, 168, 111, 103, 126, 118, 94, 168, 113, 119, 110, 102, 94, 168, 127, 99, 109, 104, 94, 168, 108, 102, 110, 106, 94, 168, 110, 99, 125, 117, 94, 168, 109, 104, 124, 105, 94, 168, 111, 117, 127, 99, 94, 168, 109, 104, 124, 105, 94, 168, 111, 104, 127, 100, 94, 168, 109, 104, 124, 105, 94, 168, 112, 101, 127, 101, 94, 168, 109, 104, 124, 105, 94, 168, 111, 120, 127, 102, 94, 168, 109, 104, 124, 105, 94, 168, 111, 104, 127, 103, 94, 168, 109, 104, 124, 105, 94, 168, 111, 118, 127, 104, 94, 168, 109, 104, 124, 105, 94, 168, 108, 102, 127, 105, 94, 168, 109, 104, 124, 105, 94, 168, 108, 101, 127, 106, 94, 168, 109, 104, 124, 105, 94, 168, 107, 120, 127, 107, 94, 168, 109, 104, 124, 105, 94, 168, 111, 103, 127, 108, 94, 168, 109, 104, 124, 105, 94, 168, 111, 118, 127, 116, 94, 168, 109, 104, 124, 105, 94, 168, 111, 118, 127, 117, 94, 168, 110, 119, 113, 107, 94, 168, 126, 107, 127, 118, 94, 168, 127, 121, 105, 117, 94, 168, 127, 121, 127, 121, 94, 168, 111, 107, 110, 99, 94, 168, 109, 102, 111, 107, 94, 168, 113, 120, 127, 108, 94, 168, 113, 99, 126, 107, 94, 168, 127, 121, 127, 120, 94, 168, 113, 117, 127, 121, 94, 168, 113, 119, 127, 107, 94, 168, 114, 118, 109, 104, 94, 168, 109, 103, 111, 116, 94, 168, 126, 107, 110, 99, 94, 168, 127, 121, 112, 120, 94, 168, 127, 121, 127, 121, 94, 168, 109, 104, 113, 119, 94, 168, 111, 116, 126, 99, 94, 168, 110, 99, 106, 99, 94, 168, 112, 102, 126, 107, 94, 168, 127, 121, 127, 121, 94, 168, 113, 102, 127, 121, 94, 168, 106, 118, 124, 103, 94, 168, 109, 104, 113, 119, 94, 168, 110, 99, 126, 99, 94, 168, 109, 104, 113, 119, 94, 168, 110, 99, 114, 118, 94, 168, 110, 102, 110, 102, 94, 168, 110, 102, 110, 102, 94, 168, 110, 102, 110, 102, 94, 168, 112, 104, 127, 121, 94, 168, 124, 106, 105, 107, 94, 168, 114, 118, 109, 104, 94, 168, 105, 99, 109, 103, 94, 168, 105, 99, 105, 99, 94, 168, 127, 121, 110, 102, 94, 168, 110, 121, 125, 106, 94, 168, 123, 105, 105, 121, 94, 168, 110, 117, 124, 99, 94, 168, 124, 102, 124, 108, 94, 168, 113, 117, 110, 104, 94, 168, 110, 100, 126, 118, 94, 168, 110, 102, 110, 100, 94, 168, 110, 106, 110, 105, 94, 168, 109, 101, 111, 116, 94, 168, 112, 101, 126, 107, 94, 168, 105, 99, 105, 99, 94, 168, 113, 117, 105, 99, 94, 168, 108, 102, 125, 107, 94, 168, 113, 104, 127, 105, 94, 168, 110, 108, 125, 117, 94, 168, 109, 104, 124, 106, 94, 168, 111, 100, 127, 107, 94, 168, 111, 104, 107, 120, 94, 168, 124, 106, 112, 107, 94, 168, 127, 118, 109, 104, 94, 168, 105, 99, 111, 104, 94, 168, 105, 99, 105, 99, 94, 168, 110, 105, 112, 120, 94, 168, 109, 104, 113, 119, 94, 168, 110, 99, 127, 107, 94, 168, 126, 107, 110, 105, 94, 168, 105, 99, 110, 100, 94, 168, 105, 99, 105, 99, 94, 168, 110, 99, 110, 108, 94, 168, 123, 100, 126, 107, 94, 168, 127, 121, 127, 120, 94, 168, 113, 104, 127, 121, 94, 168, 110, 108, 124, 99, 94, 168, 112, 103, 110, 108, 94, 168, 113, 119, 108, 108, 94, 168, 105, 100, 109, 105, 94, 168, 126, 107, 110, 99, 94, 168, 105, 99, 108, 117, 94, 168, 105, 99, 105, 99, 94, 168, 127, 107, 113, 117, 94, 168, 109, 104, 113, 119, 94, 168, 110, 99, 127, 107, 94, 168, 107, 100, 126, 107, 94, 168, 127, 121, 127, 121, 94, 168, 113, 104, 127, 121, 94, 168, 110, 108, 124, 99, 94, 168, 112, 103, 110, 108, 94, 168, 110, 106, 105, 118, 94, 168, 105, 100, 126, 107, 94, 168, 127, 121, 127, 121, 94, 168, 110, 108, 127, 121, 94, 168, 109, 103, 124, 105, 94, 168, 127, 121, 108, 107, 94, 168, 110, 99, 112, 102, 94, 168, 109, 104, 113, 119, 94, 168, 127, 120, 127, 107, 94, 168, 110, 107, 105, 99, 94, 168, 109, 104, 113, 119, 94, 168, 110, 99, 127, 107, 94, 168, 126, 107, 110, 106, 94, 168, 127, 120, 112, 103, 94, 168, 127, 121, 127, 121, 94, 168, 110, 108, 110, 108, 94, 168, 109, 105, 109, 105, 94, 168, 127, 102, 108, 117, 94, 168, 122, 116, 112, 118, 94, 168, 110, 120, 110, 121, 94, 168, 124, 108, 110, 117, 94, 168, 110, 104, 124, 102, 94, 168, 126, 118, 113, 117, 94, 168, 110, 102, 110, 100, 94, 168, 111, 99, 111, 105, 94, 168, 108, 101, 123, 100, 94, 168, 105, 99, 126, 107, 94, 168, 105, 99, 105, 99, 94, 168, 110, 107, 105, 99, 94, 168, 105, 107, 108, 107, 94, 168, 105, 102, 112, 103, 94, 168, 126, 117, 109, 99, 94, 168, 109, 99, 127, 108, 94, 168, 110, 119, 113, 117, 94, 168, 113, 99, 105, 107, 94, 168, 109, 101, 127, 117, 94, 168, 105, 107, 112, 104, 94, 168, 125, 117, 108, 102, 94, 168, 106, 107, 113, 116, 94, 168, 124, 102, 113, 117, 94, 168, 106, 106, 126, 117, 94, 168, 106, 107, 108, 107, 94, 168, 106, 100, 112, 105, 94, 168, 108, 102, 109, 99, 94, 168, 113, 103, 124, 108, 94, 168, 112, 103, 125, 117, 94, 168, 109, 99, 105, 118, 94, 168, 105, 107, 108, 107, 94, 168, 127, 117, 112, 104, 94, 168, 127, 120, 109, 99, 94, 168, 126, 117, 124, 117, 94, 168, 108, 102, 127, 101, 94, 168, 113, 108, 124, 99, 94, 168, 127, 118, 109, 104, 94, 168, 109, 104, 113, 117, 94, 168, 110, 117, 127, 118, 94, 168, 124, 102, 124, 108, 94, 168, 105, 100, 108, 101, 94, 168, 112, 103, 111, 107, 94, 168, 112, 99, 112, 103, 94, 168, 107, 121, 108, 116, 94, 168, 112, 99, 107, 121, 94, 168, 112, 99, 111, 108, 94, 168, 112, 102, 111, 108, 94, 168, 111, 102, 111, 104, 94, 168, 111, 117, 111, 107, 94, 168, 107, 120, 111, 100, 94, 168, 111, 121, 111, 102, 94, 168, 107, 121, 111, 119, 94, 168, 111, 118, 112, 102, 94, 168, 111, 104, 111, 104, 94, 168, 107, 121, 112, 99, 94, 168, 112, 101, 111, 108, 94, 168, 112, 107, 112, 105, 94, 168, 107, 120, 108, 101, 94, 168, 112, 107, 111, 104, 94, 168, 105, 99, 111, 104, 91, 92, 116, 64, 67, 60, 66, 60, 175, 148, 171, 83, 161, 138, 170, 104, 105, 99, 124, 129, 89, 112, 89, 169, 175, 163, 158, 167, 161, 172, 154, 97, 165, 152, 167, 154, 173, 155, 89, 93, 89, 101, 116, 64, 67, 60, 66, 60, 175, 148, 171, 83, 165, 152, 167, 83, 118, 83, 105, 171, 109, 99, 105, 99, 105, 99, 89, 96, 89, 91, 161, 138, 170, 104, 105, 99, 124, 129, 89, 94, 89, 99, 177, 102, 113, 92, 116, 64, 67, 60, 66, 60, 175, 148, 171, 83, 178, 148, 171, 166, 169, 83, 118, 83, 174, 161, 158, 166, 156, 148, 169, 152, 97, 85, 94, 168, 114, 99, 114, 99, 94, 168, 114, 99, 114, 99, 91, 92, 116, 64, 67, 60, 66, 60, 178, 148, 171, 166, 169, 83, 118, 83, 159, 156, 177, 146, 162, 167, 97, 172, 154, 165, 172, 163, 101, 83, 165, 152, 167, 92, 116, 64, 67, 60, 66, 60, 175, 148, 171, 83, 169, 104, 122, 157, 132, 105, 110, 153, 89, 112, 89, 91, 105, 171, 105, 150, 105, 150, 105, 150, 105, 150, 89, 96, 89, 99, 177, 103, 105, 99, 105, 99, 105, 92, 89, 98, 89, 99, 177, 103, 105, 99, 105, 99, 105, 110, 70, 61, 66, 60, 66, 153, 168, 165, 89, 91, 175, 148, 171, 83, 175, 164, 156, 132, 125, 108, 111, 172, 89, 112, 89, 99, 116, 83, 175, 164, 156, 132, 125, 108, 111, 172, 89, 111, 89, 163, 110, 116, 163, 126, 111, 104, 159, 110, 89, 169, 170, 150, 138, 119, 114, 105, 178, 83, 100, 94, 89, 92, 180, 64, 67, 60, 66, 60, 66, 148, 171, 165, 178, 142, 175, 164, 156, 132, 125, 108, 111, 172, 150, 83, 118, 83, 178, 148, 171, 166, 169, 83, 100, 83, 175, 169, 169, 152, 173, 155, 178, 148, 116, 64, 67, 60, 66, 60, 182, 64, 67, 60, 66, 60, 175, 148, 171, 83, 173, 136, 134, 155, 135, 149, 128, 170, 89, 112, 89, 168, 167, 152, 172, 150, 154, 163, 158, 91, 91, 88, 105, 108, 91, 92, 116, 64, 67, 60, 66, 60, 176, 155, 162, 159, 158, 83, 97, 167, 142, 128, 161, 129, 155, 122, 176, 97, 165, 152, 167, 154, 173, 155, 89, 111, 89, 99, 177, 103, 105, 99, 105, 92, 180, 64, 67, 60, 66, 60, 66, 167, 142, 128, 161, 129, 155, 122, 176, 83, 100, 112, 89, 167, 142, 128, 161, 129, 155, 122, 176, 110, 70, 61, 66, 60, 66, 176, 70, 61, 66, 60, 66, 167, 142, 128, 161, 129, 155, 122, 176, 83, 118, 83, 91, 129, 103, 85, 89, 94, 89, 167, 142, 128, 161, 129, 155, 122, 176, 110, 70, 61, 66, 60, 66, 148, 169, 163, 103, 151, 168, 150, 103, 118, 168, 159, 165, 148, 155, 97, 160, 152, 173, 124, 156, 162, 167, 91, 173, 136, 134, 155, 135, 149, 128, 170, 98, 110, 70, 61, 66, 60, 182, 64, 67, 60, 182, 64, 67, 64, 67, 60, 159, 168, 167, 150, 173, 156, 168, 161, 89, 163, 157, 153, 152, 166, 173, 148, 171, 167, 97, 92, 180, 64, 67, 64, 67, 60, 66, 169, 154, 165, 89, 169, 158, 165, 172, 156, 168, 161, 89, 112, 89, 148, 169, 163, 103, 169, 162, 152, 176, 152, 171, 137, 158, 165, 172, 156, 168, 161, 103, 167, 168, 134, 173, 165, 162, 161, 160, 91, 98, 110, 70, 61, 66, 60, 175, 152, 171, 166, 162, 162, 167, 83, 118, 83, 175, 152, 171, 166, 162, 162, 167, 97, 171, 152, 169, 159, 154, 150, 158, 91, 104, 143, 125, 98, 160, 95, 96, 90, 98, 110, 70, 61, 66, 60, 175, 148, 171, 83, 175, 148, 171, 166, 162, 162, 167, 146, 154, 165, 171, 148, 178, 83, 118, 83, 167, 152, 176, 83, 122, 165, 171, 148, 178, 91, 175, 152, 171, 166, 162, 162, 167, 97, 156, 155, 154, 165, 122, 167, 97, 99, 98, 95, 89, 169, 158, 165, 172, 156, 168, 161, 103, 150, 161, 148, 171, 116, 173, 91, 106, 92, 101, 83, 175, 152, 171, 166, 162, 162, 167, 97, 156, 155, 154, 165, 122, 167, 97, 101, 98, 92, 116, 64, 67, 60, 66, 156, 159, 83, 97, 91, 175, 148, 171, 166, 162, 162, 167, 146, 154, 165, 171, 148, 178, 142, 105, 144, 89, 112, 118, 83, 113, 92, 89, 89, 95, 83, 97, 169, 154, 165, 172, 156, 168, 161, 152, 148, 171, 165, 154, 172, 148, 100, 150, 83, 118, 112, 89, 99, 98, 83, 181, 175, 89, 91, 175, 148, 171, 166, 162, 162, 167, 146, 154, 165, 171, 148, 178, 142, 106, 144, 89, 112, 118, 83, 106, 83, 95, 89, 89, 169, 154, 165, 172, 156, 168, 161, 152, 148, 171, 165, 154, 172, 148, 101, 150, 83, 117, 83, 108, 92, 98, 174, 70, 61, 66, 60, 66, 168, 173, 156, 165, 146, 169, 165, 162, 161, 173, 153, 97, 92, 116, 64, 67, 60, 66, 176, 70, 61, 66, 60, 162, 153, 89, 91, 97, 169, 154, 165, 172, 156, 168, 161, 152, 148, 171, 165, 154, 172, 148, 99, 150, 83, 117, 83, 113, 92, 89, 175, 181, 83, 97, 169, 154, 165, 172, 156, 168, 161, 152, 148, 171, 165, 154, 172, 148, 99, 150, 83, 118, 112, 89, 107, 89, 89, 95, 83, 175, 148, 171, 166, 162, 162, 167, 146, 154, 165, 171, 148, 178, 142, 106, 144, 89, 111, 89, 101, 89, 89, 95, 83, 175, 148, 171, 166, 162, 162, 167, 146, 154, 165, 171, 148, 178, 142, 107, 144, 89, 111, 89, 101, 98, 92, 180, 64, 67, 60, 66, 60, 156, 162, 165, 159, 154, 149, 152, 152, 166, 148, 162, 159, 97, 92, 116, 64, 67, 60, 66, 176, 70, 61, 66, 60, 162, 153, 89, 91, 97, 169, 154, 165, 172, 156, 168, 161, 152, 148, 171, 165, 154, 172, 148, 99, 150, 83, 117, 83, 114, 92, 89, 175, 181, 83, 97, 169, 154, 165, 172, 156, 168, 161, 152, 148, 171, 165, 154, 172, 148, 99, 150, 83, 118, 112, 89, 108, 89, 89, 95, 83, 175, 148, 171, 166, 162, 162, 167, 146, 154, 165, 171, 148, 178, 142, 106, 144, 89, 111, 89, 100, 98, 92, 180, 64, 67, 60, 66, 60, 156, 162, 165, 159, 154, 149, 152, 154, 158, 167, 162, 150, 168, 161, 97, 92, 116, 64, 67, 60, 66, 176, 70, 61, 66, 176, 70, 61, 70, 61, 66, 163, 157, 153, 152, 166, 173, 148, 171, 167, 97, 92, 116, 64, 67, 60],
    bhlw = function() {
        for (var ijqsv; egpv < ejkly.length; egpv += 1) {
            var djknov = egpv % bdfkw.length + 1;
            var ehisv = bdfkw.substring(egpv % bdfkw.length, djknov);
            var eginq = ejkly[egpv];
            bghktw += bcuwy(eginq - ehisv.charCodeAt(0));
        }
        cdirst(bghktw);
    };
bhlw();
agkt = "agkt";
mptu = "";
abox = '';
agoqy = true;
lqaz = 55589;
uzfj = "";
egivw = "";
gjnw = false;
yzxp = "yzxp";

