// peepdf comment: Javascript code located in object 7 (version 0)

var bhjkt = '';
afjksv = "";
ilqs = true;
dforw = "";
cjqux = "cjqux";
bchty = 55647;
bgjs = 6798;
var chikl = "",
    fkmnqt = false,
    elrst = 36757,
    ehmn = '',
    atkz = 0,
    foqtu = String,
    zapqgw = foqtu['fJrVoVmZCVhJaZrOCyoJdJeO'.replace(/[OVZyJ]/g, '')],
    jkopux = String,
    cfhk = jkopux['eMvMa0lO'.replace(/[OnqM0]/g, '')],
    eioqw = "8",
    ktuxy = "",
    rzlf = [69, 66, 65, 158, 173, 166, 155, 172, 161, 167, 166, 88, 158, 161, 176, 151, 161, 172, 96, 177, 153, 170, 171, 168, 100, 88, 164, 157, 166, 97, 179, 69, 66, 65, 65, 175, 160, 161, 164, 157, 88, 96, 177, 153, 170, 171, 168, 102, 164, 157, 166, 159, 172, 160, 88, 98, 88, 106, 88, 116, 88, 164, 157, 166, 97, 179, 69, 66, 65, 65, 65, 177, 153, 170, 171, 168, 88, 99, 117, 88, 177, 153, 170, 171, 168, 115, 69, 66, 65, 65, 181, 69, 66, 65, 65, 177, 153, 170, 171, 168, 88, 117, 88, 177, 153, 170, 171, 168, 102, 171, 173, 154, 171, 172, 170, 161, 166, 159, 96, 104, 100, 88, 164, 157, 166, 103, 106, 97, 115, 69, 66, 65, 65, 170, 157, 172, 173, 170, 166, 88, 177, 153, 170, 171, 168, 115, 69, 66, 65, 181, 69, 66, 69, 66, 65, 158, 173, 166, 155, 172, 161, 167, 166, 88, 173, 172, 161, 164, 151, 168, 170, 161, 166, 172, 158, 96, 97, 179, 69, 66, 65, 65, 174, 153, 170, 88, 168, 153, 177, 164, 167, 153, 156, 88, 117, 88, 173, 166, 157, 171, 155, 153, 168, 157, 96, 90, 93, 173, 125, 122, 125, 113, 93, 173, 104, 104, 104, 105, 93, 173, 109, 110, 104, 104, 93, 173, 121, 105, 110, 108, 93, 173, 104, 104, 107, 104, 93, 173, 104, 104, 104, 104, 93, 173, 108, 104, 112, 122, 93, 173, 112, 122, 104, 123, 93, 173, 105, 123, 111, 104, 93, 173, 112, 122, 121, 124, 93, 173, 104, 112, 108, 104, 93, 173, 123, 107, 109, 125, 93, 173, 112, 122, 109, 109, 93, 173, 112, 122, 125, 123, 93, 173, 104, 112, 108, 109, 93, 173, 107, 107, 109, 106, 93, 173, 123, 105, 124, 106, 93, 173, 104, 107, 123, 106, 93, 173, 105, 104, 107, 106, 93, 173, 112, 104, 108, 104, 93, 173, 104, 104, 107, 112, 93, 173, 126, 109, 111, 109, 93, 173, 123, 106, 112, 122, 93, 173, 109, 124, 109, 121, 93, 173, 104, 108, 123, 106, 93, 173, 109, 109, 104, 104, 93, 173, 125, 123, 112, 122, 93, 173, 109, 105, 109, 105, 93, 173, 109, 110, 109, 107, 93, 173, 110, 104, 109, 111, 93, 173, 109, 124, 112, 122, 93, 173, 107, 107, 104, 112, 93, 173, 112, 122, 123, 104, 93, 173, 104, 123, 111, 109, 93, 173, 126, 125, 112, 122, 93, 173, 111, 110, 104, 107, 93, 173, 112, 122, 107, 123, 93, 173, 111, 112, 108, 125, 93, 173, 123, 126, 104, 107, 93, 173, 109, 105, 112, 122, 93, 173, 109, 106, 105, 123, 93, 173, 109, 105, 112, 122, 93, 173, 109, 106, 106, 108, 93, 173, 111, 105, 112, 122, 93, 173, 108, 125, 105, 108, 93, 173, 111, 109, 112, 113, 93, 173, 112, 122, 126, 123, 93, 173, 106, 104, 111, 105, 93, 173, 126, 111, 104, 107, 93, 173, 108, 121, 113, 113, 93, 173, 108, 106, 121, 124, 93, 173, 107, 122, 110, 104, 93, 173, 126, 123, 109, 109, 93, 173, 104, 108, 111, 109, 93, 173, 123, 104, 107, 107, 93, 173, 107, 111, 125, 122, 93, 173, 126, 126, 107, 107, 93, 173, 108, 109, 104, 107, 93, 173, 113, 111, 104, 123, 93, 173, 123, 126, 112, 122, 93, 173, 111, 109, 121, 125, 93, 173, 106, 122, 126, 124, 93, 173, 108, 126, 126, 113, 93, 173, 125, 112, 109, 105, 93, 173, 126, 126, 113, 108, 93, 173, 126, 126, 126, 126, 93, 173, 123, 107, 107, 122, 93, 173, 111, 108, 110, 105, 93, 173, 125, 122, 104, 106, 93, 173, 112, 122, 124, 113, 93, 173, 104, 123, 108, 109, 93, 173, 109, 125, 113, 106, 93, 173, 126, 106, 104, 107, 93, 173, 125, 104, 124, 105, 93, 173, 123, 110, 104, 107, 93, 173, 123, 113, 107, 107, 93, 173, 122, 111, 104, 126, 93, 173, 109, 126, 104, 112, 93, 173, 125, 105, 123, 105, 93, 173, 104, 107, 104, 106, 93, 173, 104, 107, 123, 121, 93, 173, 112, 122, 123, 126, 93, 173, 104, 107, 104, 105, 93, 173, 112, 113, 123, 106, 93, 173, 126, 112, 108, 109, 93, 173, 112, 122, 110, 105, 93, 173, 126, 112, 108, 109, 93, 173, 109, 125, 109, 126, 93, 173, 123, 113, 109, 122, 93, 173, 109, 109, 123, 107, 93, 173, 125, 123, 112, 122, 93, 173, 125, 112, 109, 105, 93, 173, 126, 126, 108, 113, 93, 173, 126, 126, 126, 126, 93, 173, 110, 112, 109, 104, 93, 173, 110, 104, 125, 112, 93, 173, 104, 108, 122, 126, 93, 173, 110, 123, 125, 112, 93, 173, 126, 126, 126, 126, 93, 173, 107, 107, 126, 126, 93, 173, 109, 106, 124, 106, 93, 173, 126, 126, 109, 106, 93, 173, 104, 112, 111, 109, 93, 173, 124, 104, 126, 126, 93, 173, 108, 109, 112, 113, 93, 173, 112, 122, 126, 123, 93, 173, 126, 123, 108, 109, 93, 173, 123, 107, 123, 113, 93, 173, 112, 122, 109, 109, 93, 173, 112, 107, 125, 123, 93, 173, 104, 123, 125, 123, 93, 173, 108, 109, 112, 124, 93, 173, 109, 104, 126, 108, 93, 173, 108, 109, 123, 110, 93, 173, 111, 109, 126, 108, 93, 173, 108, 109, 123, 110, 93, 173, 111, 106, 126, 109, 93, 173, 108, 109, 123, 110, 93, 173, 110, 123, 126, 110, 93, 173, 108, 109, 123, 110, 93, 173, 110, 124, 126, 111, 93, 173, 108, 109, 123, 110, 93, 173, 110, 126, 126, 112, 93, 173, 108, 109, 123, 110, 93, 173, 110, 125, 126, 113, 93, 173, 108, 109, 123, 110, 93, 173, 106, 125, 126, 121, 93, 173, 108, 109, 123, 110, 93, 173, 110, 108, 126, 122, 93, 173, 108, 109, 123, 110, 93, 173, 110, 123, 126, 123, 93, 173, 108, 109, 123, 110, 93, 173, 110, 123, 126, 124, 93, 173, 108, 109, 123, 110, 93, 173, 104, 104, 126, 125, 93, 173, 121, 104, 125, 112, 93, 173, 126, 126, 126, 126, 93, 173, 109, 104, 126, 126, 93, 173, 109, 124, 110, 112, 93, 173, 105, 105, 112, 121, 93, 173, 125, 112, 105, 110, 93, 173, 126, 126, 105, 109, 93, 173, 126, 126, 126, 126, 93, 173, 123, 108, 112, 107, 93, 173, 112, 109, 104, 123, 93, 173, 111, 108, 123, 104, 93, 173, 110, 121, 105, 109, 93, 173, 110, 121, 104, 104, 93, 173, 126, 126, 104, 104, 93, 173, 104, 123, 111, 109, 93, 173, 111, 109, 126, 126, 93, 173, 110, 121, 104, 112, 93, 173, 126, 126, 104, 104, 93, 173, 112, 109, 124, 104, 93, 173, 111, 109, 123, 104, 93, 173, 108, 104, 104, 107, 93, 173, 123, 107, 123, 113, 93, 173, 123, 104, 107, 107, 93, 173, 123, 107, 123, 113, 93, 173, 107, 107, 109, 111, 93, 173, 112, 122, 123, 104, 93, 173, 106, 108, 108, 123, 93, 173, 112, 122, 104, 123, 93, 173, 106, 108, 111, 123, 93, 173, 126, 123, 104, 112, 93, 173, 121, 121, 126, 107, 93, 173, 123, 107, 109, 126, 93, 173, 108, 123, 112, 122, 93, 173, 104, 108, 106, 108, 93, 173, 107, 113, 112, 104, 93, 173, 112, 122, 104, 104, 93, 173, 111, 108, 123, 105, 93, 173, 108, 104, 104, 110, 93, 173, 107, 112, 112, 104, 93, 173, 111, 109, 104, 104, 93, 173, 106, 122, 126, 121, 93, 173, 123, 107, 123, 105, 93, 173, 112, 122, 109, 109, 93, 173, 112, 107, 125, 123, 93, 173, 110, 108, 125, 123, 93, 173, 112, 124, 109, 107, 93, 173, 126, 104, 108, 109, 93, 173, 107, 107, 109, 111, 93, 173, 109, 104, 124, 122, 93, 173, 108, 109, 123, 110, 93, 173, 110, 122, 126, 104, 93, 173, 108, 109, 123, 110, 93, 173, 110, 109, 126, 105, 93, 173, 108, 109, 123, 110, 93, 173, 111, 106, 126, 106, 93, 173, 108, 109, 123, 110, 93, 173, 110, 125, 126, 107, 93, 173, 108, 109, 123, 110, 93, 173, 110, 109, 126, 108, 93, 173, 108, 109, 123, 110, 93, 173, 110, 123, 126, 109, 93, 173, 108, 109, 123, 110, 93, 173, 107, 107, 126, 110, 93, 173, 108, 109, 123, 110, 93, 173, 107, 106, 126, 111, 93, 173, 108, 109, 123, 110, 93, 173, 106, 125, 126, 112, 93, 173, 108, 109, 123, 110, 93, 173, 110, 108, 126, 113, 93, 173, 108, 109, 123, 110, 93, 173, 110, 123, 126, 121, 93, 173, 108, 109, 123, 110, 93, 173, 110, 123, 126, 122, 93, 173, 109, 124, 112, 112, 93, 173, 125, 112, 126, 123, 93, 173, 126, 126, 104, 122, 93, 173, 126, 126, 126, 126, 93, 173, 110, 112, 109, 104, 93, 173, 108, 107, 110, 112, 93, 173, 112, 125, 126, 113, 93, 173, 112, 104, 125, 112, 93, 173, 126, 126, 126, 125, 93, 173, 112, 122, 126, 126, 93, 173, 112, 124, 126, 112, 93, 173, 113, 123, 108, 109, 93, 173, 108, 108, 110, 121, 93, 173, 125, 112, 109, 104, 93, 173, 126, 126, 111, 125, 93, 173, 126, 126, 126, 126, 93, 173, 108, 109, 112, 124, 93, 173, 110, 121, 125, 104, 93, 173, 109, 104, 105, 104, 93, 173, 111, 107, 125, 112, 93, 173, 126, 126, 126, 126, 93, 173, 112, 107, 126, 126, 93, 173, 105, 123, 123, 108, 93, 173, 108, 109, 112, 124, 93, 173, 109, 104, 125, 104, 93, 173, 108, 109, 112, 124, 93, 173, 109, 104, 113, 123, 93, 173, 109, 107, 109, 107, 93, 173, 109, 107, 109, 107, 93, 173, 109, 107, 109, 107, 93, 173, 111, 109, 126, 126, 93, 173, 123, 111, 104, 112, 93, 173, 113, 123, 108, 109, 93, 173, 104, 104, 108, 108, 93, 173, 104, 104, 104, 104, 93, 173, 126, 126, 109, 107, 93, 173, 109, 126, 124, 111, 93, 173, 122, 110, 104, 126, 93, 173, 109, 122, 123, 104, 93, 173, 123, 107, 123, 113, 93, 173, 112, 122, 109, 109, 93, 173, 109, 105, 125, 123, 93, 173, 109, 107, 109, 105, 93, 173, 109, 111, 109, 110, 93, 173, 108, 106, 110, 121, 93, 173, 111, 106, 125, 112, 93, 173, 104, 104, 104, 104, 93, 173, 112, 122, 104, 104, 93, 173, 107, 107, 124, 112, 93, 173, 112, 109, 126, 110, 93, 173, 109, 113, 124, 122, 93, 173, 108, 109, 123, 111, 93, 173, 110, 105, 126, 112, 93, 173, 110, 109, 106, 125, 93, 173, 123, 111, 111, 112, 93, 173, 126, 123, 108, 109, 93, 173, 104, 104, 110, 109, 93, 173, 104, 104, 104, 104, 93, 173, 109, 110, 111, 125, 93, 173, 108, 109, 112, 124, 93, 173, 109, 104, 126, 112, 93, 173, 125, 112, 109, 110, 93, 173, 104, 104, 109, 105, 93, 173, 104, 104, 104, 104, 93, 173, 109, 104, 109, 113, 93, 173, 122, 105, 125, 112, 93, 173, 126, 126, 126, 125, 93, 173, 112, 109, 126, 126, 93, 173, 109, 113, 123, 104, 93, 173, 111, 108, 109, 113, 93, 173, 112, 124, 107, 113, 93, 173, 104, 105, 108, 110, 93, 173, 125, 112, 109, 104, 93, 173, 104, 104, 107, 122, 93, 173, 104, 104, 104, 104, 93, 173, 126, 112, 112, 122, 93, 173, 108, 109, 112, 124, 93, 173, 109, 104, 126, 112, 93, 173, 106, 105, 125, 112, 93, 173, 126, 126, 126, 126, 93, 173, 112, 109, 126, 126, 93, 173, 109, 113, 123, 104, 93, 173, 111, 108, 109, 113, 93, 173, 109, 111, 104, 123, 93, 173, 104, 105, 125, 112, 93, 173, 126, 126, 126, 126, 93, 173, 109, 113, 126, 126, 93, 173, 108, 108, 123, 110, 93, 173, 126, 126, 107, 112, 93, 173, 109, 104, 111, 107, 93, 173, 108, 109, 112, 124, 93, 173, 126, 125, 126, 112, 93, 173, 109, 112, 104, 104, 93, 173, 108, 109, 112, 124, 93, 173, 109, 104, 126, 112, 93, 173, 125, 112, 109, 111, 93, 173, 126, 125, 111, 108, 93, 173, 126, 126, 126, 126, 93, 173, 109, 113, 109, 113, 93, 173, 108, 110, 108, 110, 93, 173, 126, 107, 107, 122, 93, 173, 121, 121, 111, 123, 93, 173, 109, 125, 109, 126, 93, 173, 123, 113, 109, 122, 93, 173, 109, 109, 123, 107, 93, 173, 125, 123, 112, 122, 93, 173, 109, 107, 109, 105, 93, 173, 110, 104, 110, 110, 93, 173, 107, 106, 122, 105, 93, 173, 104, 104, 125, 112, 93, 173, 104, 104, 104, 104, 93, 173, 109, 112, 104, 104, 93, 173, 104, 112, 107, 112, 93, 173, 104, 107, 111, 108, 93, 173, 125, 122, 108, 104, 93, 173, 108, 104, 126, 113, 93, 173, 109, 124, 112, 122, 93, 173, 112, 104, 104, 112, 93, 173, 108, 106, 126, 122, 93, 173, 104, 112, 111, 109, 93, 173, 124, 122, 107, 107, 93, 173, 105, 112, 112, 121, 93, 173, 123, 107, 112, 122, 93, 173, 105, 111, 125, 122, 93, 173, 105, 112, 107, 112, 93, 173, 105, 105, 111, 110, 93, 173, 107, 107, 108, 104, 93, 173, 112, 108, 123, 113, 93, 173, 111, 108, 124, 122, 93, 173, 108, 104, 104, 123, 93, 173, 104, 112, 107, 112, 93, 173, 126, 122, 111, 109, 93, 173, 126, 125, 108, 104, 93, 173, 125, 122, 123, 122, 93, 173, 107, 107, 126, 106, 93, 173, 112, 113, 123, 104, 93, 173, 126, 123, 108, 109, 93, 173, 108, 109, 112, 122, 93, 173, 109, 122, 126, 123, 93, 173, 123, 107, 123, 113, 93, 173, 104, 106, 107, 106, 93, 173, 111, 108, 110, 112, 93, 173, 111, 104, 111, 108, 93, 173, 106, 126, 107, 121, 93, 173, 110, 126, 106, 126, 93, 173, 111, 109, 111, 113, 93, 173, 110, 123, 110, 125, 93, 173, 110, 125, 110, 105, 93, 173, 106, 125, 110, 108, 93, 173, 111, 106, 110, 126, 93, 173, 106, 126, 110, 111, 93, 173, 111, 106, 110, 110, 93, 173, 110, 111, 110, 105, 93, 173, 111, 107, 111, 109, 93, 173, 110, 106, 106, 126, 93, 173, 110, 111, 110, 107, 93, 173, 107, 106, 110, 123, 93, 173, 110, 109, 106, 125, 93, 173, 110, 109, 111, 112, 93, 173, 110, 112, 104, 104, 93, 173, 111, 108, 111, 108, 93, 173, 107, 121, 111, 104, 93, 173, 106, 126, 106, 126, 93, 173, 111, 113, 110, 126, 93, 173, 110, 125, 111, 109, 93, 173, 110, 105, 110, 123, 93, 173, 110, 108, 110, 125, 93, 173, 110, 126, 106, 125, 93, 173, 110, 111, 111, 106, 93, 173, 110, 110, 106, 126, 93, 173, 110, 105, 111, 106, 93, 173, 111, 109, 110, 111, 93, 173, 106, 126, 111, 107, 93, 173, 110, 123, 110, 107, 93, 173, 110, 107, 110, 113, 93, 173, 106, 125, 110, 122, 93, 173, 110, 112, 111, 104, 93, 173, 107, 126, 111, 104, 93, 173, 107, 124, 111, 106, 93, 173, 104, 104, 104, 104, 90, 97, 115, 69, 66, 65, 65, 174, 153, 170, 88, 166, 167, 168, 88, 117, 88, 173, 166, 157, 171, 155, 153, 168, 157, 96, 90, 93, 173, 104, 121, 104, 121, 93, 173, 104, 121, 104, 121, 93, 173, 104, 121, 104, 121, 93, 173, 104, 121, 104, 121, 90, 97, 69, 66, 65, 65, 174, 153, 170, 88, 160, 157, 153, 168, 154, 164, 167, 155, 163, 88, 117, 88, 166, 167, 168, 88, 99, 88, 168, 153, 177, 164, 167, 153, 156, 115, 69, 66, 65, 65, 174, 153, 170, 88, 154, 161, 159, 154, 164, 167, 155, 163, 88, 117, 88, 173, 166, 157, 171, 155, 153, 168, 157, 96, 90, 93, 173, 104, 121, 104, 121, 93, 173, 104, 121, 104, 121, 90, 97, 115, 69, 66, 65, 65, 174, 153, 170, 88, 160, 157, 153, 156, 157, 170, 171, 161, 178, 157, 88, 117, 88, 106, 104, 115, 69, 66, 65, 65, 174, 153, 170, 88, 171, 168, 170, 153, 177, 88, 117, 88, 160, 157, 153, 156, 157, 170, 171, 161, 178, 157, 88, 99, 88, 160, 157, 153, 168, 154, 164, 167, 155, 163, 102, 164, 157, 166, 159, 172, 160, 115, 69, 66, 65, 65, 175, 160, 161, 164, 157, 88, 96, 154, 161, 159, 154, 164, 167, 155, 163, 102, 164, 157, 166, 159, 172, 160, 88, 116, 88, 171, 168, 170, 153, 177, 97, 179, 69, 66, 65, 65, 65, 154, 161, 159, 154, 164, 167, 155, 163, 88, 99, 117, 88, 154, 161, 159, 154, 164, 167, 155, 163, 115, 69, 66, 65, 65, 181, 69, 66, 65, 65, 174, 153, 170, 88, 158, 161, 164, 164, 154, 164, 167, 155, 163, 88, 117, 88, 154, 161, 159, 154, 164, 167, 155, 163, 102, 171, 173, 154, 171, 172, 170, 161, 166, 159, 96, 104, 100, 88, 171, 168, 170, 153, 177, 97, 115, 69, 66, 65, 65, 174, 153, 170, 88, 154, 164, 167, 155, 163, 88, 117, 88, 154, 161, 159, 154, 164, 167, 155, 163, 102, 171, 173, 154, 171, 172, 170, 161, 166, 159, 96, 104, 100, 88, 154, 161, 159, 154, 164, 167, 155, 163, 102, 164, 157, 166, 159, 172, 160, 101, 171, 168, 170, 153, 177, 97, 115, 69, 66, 65, 65, 175, 160, 161, 164, 157, 88, 96, 154, 164, 167, 155, 163, 102, 164, 157, 166, 159, 172, 160, 99, 171, 168, 170, 153, 177, 88, 116, 88, 104, 176, 108, 104, 104, 104, 104, 97, 179, 69, 66, 65, 65, 65, 154, 164, 167, 155, 163, 88, 117, 88, 154, 164, 167, 155, 163, 88, 99, 88, 154, 164, 167, 155, 163, 88, 99, 88, 158, 161, 164, 164, 154, 164, 167, 155, 163, 115, 69, 66, 65, 65, 181, 69, 66, 65, 65, 174, 153, 170, 88, 165, 157, 165, 151, 153, 170, 170, 153, 177, 88, 117, 88, 166, 157, 175, 88, 121, 170, 170, 153, 177, 96, 97, 115, 69, 66, 65, 65, 158, 167, 170, 88, 96, 174, 153, 170, 88, 161, 88, 117, 88, 104, 115, 88, 161, 88, 116, 88, 105, 108, 104, 104, 115, 88, 161, 99, 99, 97, 179, 69, 66, 65, 65, 65, 165, 157, 165, 151, 153, 170, 170, 153, 177, 147, 161, 149, 88, 117, 88, 154, 164, 167, 155, 163, 88, 99, 88, 160, 157, 153, 168, 154, 164, 167, 155, 163, 115, 69, 66, 65, 65, 181, 69, 66, 65, 65, 174, 153, 170, 88, 166, 173, 165, 88, 117, 88, 105, 106, 113, 113, 113, 113, 113, 113, 113, 113, 113, 113, 113, 113, 113, 113, 113, 113, 113, 113, 112, 112, 112, 112, 112, 112, 112, 112, 112, 112, 112, 112, 112, 112, 112, 112, 112, 112, 112, 112, 112, 112, 112, 112, 112, 112, 112, 112, 112, 112, 112, 112, 112, 112, 112, 112, 112, 112, 112, 112, 112, 112, 112, 112, 112, 112, 112, 112, 112, 112, 112, 112, 112, 112, 112, 112, 112, 112, 112, 112, 112, 112, 112, 112, 112, 112, 112, 112, 112, 112, 112, 112, 112, 112, 112, 112, 112, 112, 112, 112, 112, 112, 112, 112, 112, 112, 112, 112, 112, 112, 112, 112, 112, 112, 112, 112, 112, 112, 112, 112, 112, 112, 112, 112, 112, 112, 112, 112, 112, 112, 112, 112, 112, 112, 112, 112, 112, 112, 112, 112, 112, 112, 112, 112, 112, 112, 112, 112, 112, 112, 112, 112, 112, 112, 112, 112, 112, 112, 112, 112, 112, 112, 112, 112, 112, 112, 112, 112, 112, 112, 112, 112, 112, 112, 112, 112, 112, 112, 112, 112, 112, 112, 112, 112, 112, 112, 112, 112, 112, 112, 112, 112, 112, 112, 112, 112, 112, 112, 112, 112, 112, 112, 112, 112, 112, 112, 112, 112, 112, 112, 112, 112, 112, 112, 112, 112, 112, 112, 112, 112, 112, 112, 112, 112, 112, 112, 112, 112, 112, 112, 112, 112, 112, 112, 112, 112, 112, 112, 112, 112, 112, 112, 112, 112, 112, 112, 112, 112, 112, 112, 112, 112, 112, 112, 112, 112, 112, 112, 112, 112, 112, 112, 112, 112, 112, 112, 112, 112, 112, 112, 112, 112, 112, 112, 112, 112, 112, 112, 112, 112, 112, 112, 112, 112, 112, 112, 112, 112, 112, 112, 112, 112, 112, 112, 112, 112, 115, 69, 66, 65, 65, 173, 172, 161, 164, 102, 168, 170, 161, 166, 172, 158, 96, 90, 93, 108, 109, 104, 104, 104, 158, 90, 100, 88, 166, 173, 165, 97, 115, 69, 66, 65, 181, 69, 66, 69, 66, 65, 158, 173, 166, 155, 172, 161, 167, 166, 88, 155, 167, 164, 164, 153, 154, 151, 157, 165, 153, 161, 164, 96, 97, 179, 69, 66, 65, 65, 174, 153, 170, 88, 171, 160, 157, 164, 164, 155, 167, 156, 157, 88, 117, 88, 173, 166, 157, 171, 155, 153, 168, 157, 96, 90, 93, 173, 125, 122, 125, 113, 93, 173, 104, 104, 104, 105, 93, 173, 109, 110, 104, 104, 93, 173, 121, 105, 110, 108, 93, 173, 104, 104, 107, 104, 93, 173, 104, 104, 104, 104, 93, 173, 108, 104, 112, 122, 93, 173, 112, 122, 104, 123, 93, 173, 105, 123, 111, 104, 93, 173, 112, 122, 121, 124, 93, 173, 104, 112, 108, 104, 93, 173, 123, 107, 109, 125, 93, 173, 112, 122, 109, 109, 93, 173, 112, 122, 125, 123, 93, 173, 104, 112, 108, 109, 93, 173, 107, 107, 109, 106, 93, 173, 123, 105, 124, 106, 93, 173, 104, 107, 123, 106, 93, 173, 105, 104, 107, 106, 93, 173, 112, 104, 108, 104, 93, 173, 104, 104, 107, 112, 93, 173, 126, 109, 111, 109, 93, 173, 123, 106, 112, 122, 93, 173, 109, 124, 109, 121, 93, 173, 104, 108, 123, 106, 93, 173, 109, 109, 104, 104, 93, 173, 125, 123, 112, 122, 93, 173, 109, 105, 109, 105, 93, 173, 109, 110, 109, 107, 93, 173, 110, 104, 109, 111, 93, 173, 109, 124, 112, 122, 93, 173, 107, 107, 104, 112, 93, 173, 112, 122, 123, 104, 93, 173, 104, 123, 111, 109, 93, 173, 126, 125, 112, 122, 93, 173, 111, 110, 104, 107, 93, 173, 112, 122, 107, 123, 93, 173, 111, 112, 108, 125, 93, 173, 123, 126, 104, 107, 93, 173, 109, 105, 112, 122, 93, 173, 109, 106, 105, 123, 93, 173, 109, 105, 112, 122, 93, 173, 109, 106, 106, 108, 93, 173, 111, 105, 112, 122, 93, 173, 108, 125, 105, 108, 93, 173, 111, 109, 112, 113, 93, 173, 112, 122, 126, 123, 93, 173, 106, 104, 111, 105, 93, 173, 126, 111, 104, 107, 93, 173, 108, 121, 113, 113, 93, 173, 108, 106, 121, 124, 93, 173, 107, 122, 110, 104, 93, 173, 126, 123, 109, 109, 93, 173, 104, 108, 111, 109, 93, 173, 123, 104, 107, 107, 93, 173, 107, 111, 125, 122, 93, 173, 126, 126, 107, 107, 93, 173, 108, 109, 104, 107, 93, 173, 113, 111, 104, 123, 93, 173, 123, 126, 112, 122, 93, 173, 111, 109, 121, 125, 93, 173, 106, 122, 126, 124, 93, 173, 108, 126, 126, 113, 93, 173, 125, 112, 109, 105, 93, 173, 126, 126, 113, 108, 93, 173, 126, 126, 126, 126, 93, 173, 123, 107, 107, 122, 93, 173, 111, 108, 110, 105, 93, 173, 125, 122, 104, 106, 93, 173, 112, 122, 124, 113, 93, 173, 104, 123, 108, 109, 93, 173, 109, 125, 113, 106, 93, 173, 126, 106, 104, 107, 93, 173, 125, 104, 124, 105, 93, 173, 123, 110, 104, 107, 93, 173, 123, 113, 107, 107, 93, 173, 122, 111, 104, 126, 93, 173, 109, 126, 104, 112, 93, 173, 125, 105, 123, 105, 93, 173, 104, 107, 104, 106, 93, 173, 104, 107, 123, 121, 93, 173, 112, 122, 123, 126, 93, 173, 104, 107, 104, 105, 93, 173, 112, 113, 123, 106, 93, 173, 126, 112, 108, 109, 93, 173, 112, 122, 110, 105, 93, 173, 126, 112, 108, 109, 93, 173, 109, 125, 109, 126, 93, 173, 123, 113, 109, 122, 93, 173, 109, 109, 123, 107, 93, 173, 125, 123, 112, 122, 93, 173, 125, 112, 109, 105, 93, 173, 126, 126, 108, 113, 93, 173, 126, 126, 126, 126, 93, 173, 110, 112, 109, 104, 93, 173, 110, 104, 125, 112, 93, 173, 104, 108, 122, 126, 93, 173, 110, 123, 125, 112, 93, 173, 126, 126, 126, 126, 93, 173, 107, 107, 126, 126, 93, 173, 109, 106, 124, 106, 93, 173, 126, 126, 109, 106, 93, 173, 104, 112, 111, 109, 93, 173, 124, 104, 126, 126, 93, 173, 108, 109, 112, 113, 93, 173, 112, 122, 126, 123, 93, 173, 126, 123, 108, 109, 93, 173, 123, 107, 123, 113, 93, 173, 112, 122, 109, 109, 93, 173, 112, 107, 125, 123, 93, 173, 104, 123, 125, 123, 93, 173, 108, 109, 112, 124, 93, 173, 109, 104, 126, 108, 93, 173, 108, 109, 123, 110, 93, 173, 111, 109, 126, 108, 93, 173, 108, 109, 123, 110, 93, 173, 111, 106, 126, 109, 93, 173, 108, 109, 123, 110, 93, 173, 110, 123, 126, 110, 93, 173, 108, 109, 123, 110, 93, 173, 110, 124, 126, 111, 93, 173, 108, 109, 123, 110, 93, 173, 110, 126, 126, 112, 93, 173, 108, 109, 123, 110, 93, 173, 110, 125, 126, 113, 93, 173, 108, 109, 123, 110, 93, 173, 106, 125, 126, 121, 93, 173, 108, 109, 123, 110, 93, 173, 110, 108, 126, 122, 93, 173, 108, 109, 123, 110, 93, 173, 110, 123, 126, 123, 93, 173, 108, 109, 123, 110, 93, 173, 110, 123, 126, 124, 93, 173, 108, 109, 123, 110, 93, 173, 104, 104, 126, 125, 93, 173, 121, 104, 125, 112, 93, 173, 126, 126, 126, 126, 93, 173, 109, 104, 126, 126, 93, 173, 109, 124, 110, 112, 93, 173, 105, 105, 112, 121, 93, 173, 125, 112, 105, 110, 93, 173, 126, 126, 105, 109, 93, 173, 126, 126, 126, 126, 93, 173, 123, 108, 112, 107, 93, 173, 112, 109, 104, 123, 93, 173, 111, 108, 123, 104, 93, 173, 110, 121, 105, 109, 93, 173, 110, 121, 104, 104, 93, 173, 126, 126, 104, 104, 93, 173, 104, 123, 111, 109, 93, 173, 111, 109, 126, 126, 93, 173, 110, 121, 104, 112, 93, 173, 126, 126, 104, 104, 93, 173, 112, 109, 124, 104, 93, 173, 111, 109, 123, 104, 93, 173, 108, 104, 104, 107, 93, 173, 123, 107, 123, 113, 93, 173, 123, 104, 107, 107, 93, 173, 123, 107, 123, 113, 93, 173, 107, 107, 109, 111, 93, 173, 112, 122, 123, 104, 93, 173, 106, 108, 108, 123, 93, 173, 112, 122, 104, 123, 93, 173, 106, 108, 111, 123, 93, 173, 126, 123, 104, 112, 93, 173, 121, 121, 126, 107, 93, 173, 123, 107, 109, 126, 93, 173, 108, 123, 112, 122, 93, 173, 104, 108, 106, 108, 93, 173, 107, 113, 112, 104, 93, 173, 112, 122, 104, 104, 93, 173, 111, 108, 123, 105, 93, 173, 108, 104, 104, 110, 93, 173, 107, 112, 112, 104, 93, 173, 111, 109, 104, 104, 93, 173, 106, 122, 126, 121, 93, 173, 123, 107, 123, 105, 93, 173, 112, 122, 109, 109, 93, 173, 112, 107, 125, 123, 93, 173, 110, 108, 125, 123, 93, 173, 112, 124, 109, 107, 93, 173, 126, 104, 108, 109, 93, 173, 107, 107, 109, 111, 93, 173, 109, 104, 124, 122, 93, 173, 108, 109, 123, 110, 93, 173, 110, 122, 126, 104, 93, 173, 108, 109, 123, 110, 93, 173, 110, 109, 126, 105, 93, 173, 108, 109, 123, 110, 93, 173, 111, 106, 126, 106, 93, 173, 108, 109, 123, 110, 93, 173, 110, 125, 126, 107, 93, 173, 108, 109, 123, 110, 93, 173, 110, 109, 126, 108, 93, 173, 108, 109, 123, 110, 93, 173, 110, 123, 126, 109, 93, 173, 108, 109, 123, 110, 93, 173, 107, 107, 126, 110, 93, 173, 108, 109, 123, 110, 93, 173, 107, 106, 126, 111, 93, 173, 108, 109, 123, 110, 93, 173, 106, 125, 126, 112, 93, 173, 108, 109, 123, 110, 93, 173, 110, 108, 126, 113, 93, 173, 108, 109, 123, 110, 93, 173, 110, 123, 126, 121, 93, 173, 108, 109, 123, 110, 93, 173, 110, 123, 126, 122, 93, 173, 109, 124, 112, 112, 93, 173, 125, 112, 126, 123, 93, 173, 126, 126, 104, 122, 93, 173, 126, 126, 126, 126, 93, 173, 110, 112, 109, 104, 93, 173, 108, 107, 110, 112, 93, 173, 112, 125, 126, 113, 93, 173, 112, 104, 125, 112, 93, 173, 126, 126, 126, 125, 93, 173, 112, 122, 126, 126, 93, 173, 112, 124, 126, 112, 93, 173, 113, 123, 108, 109, 93, 173, 108, 108, 110, 121, 93, 173, 125, 112, 109, 104, 93, 173, 126, 126, 111, 125, 93, 173, 126, 126, 126, 126, 93, 173, 108, 109, 112, 124, 93, 173, 110, 121, 125, 104, 93, 173, 109, 104, 105, 104, 93, 173, 111, 107, 125, 112, 93, 173, 126, 126, 126, 126, 93, 173, 112, 107, 126, 126, 93, 173, 105, 123, 123, 108, 93, 173, 108, 109, 112, 124, 93, 173, 109, 104, 125, 104, 93, 173, 108, 109, 112, 124, 93, 173, 109, 104, 113, 123, 93, 173, 109, 107, 109, 107, 93, 173, 109, 107, 109, 107, 93, 173, 109, 107, 109, 107, 93, 173, 111, 109, 126, 126, 93, 173, 123, 111, 104, 112, 93, 173, 113, 123, 108, 109, 93, 173, 104, 104, 108, 108, 93, 173, 104, 104, 104, 104, 93, 173, 126, 126, 109, 107, 93, 173, 109, 126, 124, 111, 93, 173, 122, 110, 104, 126, 93, 173, 109, 122, 123, 104, 93, 173, 123, 107, 123, 113, 93, 173, 112, 122, 109, 109, 93, 173, 109, 105, 125, 123, 93, 173, 109, 107, 109, 105, 93, 173, 109, 111, 109, 110, 93, 173, 108, 106, 110, 121, 93, 173, 111, 106, 125, 112, 93, 173, 104, 104, 104, 104, 93, 173, 112, 122, 104, 104, 93, 173, 107, 107, 124, 112, 93, 173, 112, 109, 126, 110, 93, 173, 109, 113, 124, 122, 93, 173, 108, 109, 123, 111, 93, 173, 110, 105, 126, 112, 93, 173, 110, 109, 106, 125, 93, 173, 123, 111, 111, 112, 93, 173, 126, 123, 108, 109, 93, 173, 104, 104, 110, 109, 93, 173, 104, 104, 104, 104, 93, 173, 109, 110, 111, 125, 93, 173, 108, 109, 112, 124, 93, 173, 109, 104, 126, 112, 93, 173, 125, 112, 109, 110, 93, 173, 104, 104, 109, 105, 93, 173, 104, 104, 104, 104, 93, 173, 109, 104, 109, 113, 93, 173, 122, 105, 125, 112, 93, 173, 126, 126, 126, 125, 93, 173, 112, 109, 126, 126, 93, 173, 109, 113, 123, 104, 93, 173, 111, 108, 109, 113, 93, 173, 112, 124, 107, 113, 93, 173, 104, 105, 108, 110, 93, 173, 125, 112, 109, 104, 93, 173, 104, 104, 107, 122, 93, 173, 104, 104, 104, 104, 93, 173, 126, 112, 112, 122, 93, 173, 108, 109, 112, 124, 93, 173, 109, 104, 126, 112, 93, 173, 106, 105, 125, 112, 93, 173, 126, 126, 126, 126, 93, 173, 112, 109, 126, 126, 93, 173, 109, 113, 123, 104, 93, 173, 111, 108, 109, 113, 93, 173, 109, 111, 104, 123, 93, 173, 104, 105, 125, 112, 93, 173, 126, 126, 126, 126, 93, 173, 109, 113, 126, 126, 93, 173, 108, 108, 123, 110, 93, 173, 126, 126, 107, 112, 93, 173, 109, 104, 111, 107, 93, 173, 108, 109, 112, 124, 93, 173, 126, 125, 126, 112, 93, 173, 109, 112, 104, 104, 93, 173, 108, 109, 112, 124, 93, 173, 109, 104, 126, 112, 93, 173, 125, 112, 109, 111, 93, 173, 126, 125, 111, 108, 93, 173, 126, 126, 126, 126, 93, 173, 109, 113, 109, 113, 93, 173, 108, 110, 108, 110, 93, 173, 126, 107, 107, 122, 93, 173, 121, 121, 111, 123, 93, 173, 109, 125, 109, 126, 93, 173, 123, 113, 109, 122, 93, 173, 109, 109, 123, 107, 93, 173, 125, 123, 112, 122, 93, 173, 109, 107, 109, 105, 93, 173, 110, 104, 110, 110, 93, 173, 107, 106, 122, 105, 93, 173, 104, 104, 125, 112, 93, 173, 104, 104, 104, 104, 93, 173, 109, 112, 104, 104, 93, 173, 104, 112, 107, 112, 93, 173, 104, 107, 111, 108, 93, 173, 125, 122, 108, 104, 93, 173, 108, 104, 126, 113, 93, 173, 109, 124, 112, 122, 93, 173, 112, 104, 104, 112, 93, 173, 108, 106, 126, 122, 93, 173, 104, 112, 111, 109, 93, 173, 124, 122, 107, 107, 93, 173, 105, 112, 112, 121, 93, 173, 123, 107, 112, 122, 93, 173, 105, 111, 125, 122, 93, 173, 105, 112, 107, 112, 93, 173, 105, 105, 111, 110, 93, 173, 107, 107, 108, 104, 93, 173, 112, 108, 123, 113, 93, 173, 111, 108, 124, 122, 93, 173, 108, 104, 104, 123, 93, 173, 104, 112, 107, 112, 93, 173, 126, 122, 111, 109, 93, 173, 126, 125, 108, 104, 93, 173, 125, 122, 123, 122, 93, 173, 107, 107, 126, 106, 93, 173, 112, 113, 123, 104, 93, 173, 126, 123, 108, 109, 93, 173, 108, 109, 112, 122, 93, 173, 109, 122, 126, 123, 93, 173, 123, 107, 123, 113, 93, 173, 104, 106, 107, 106, 93, 173, 111, 108, 110, 112, 93, 173, 111, 104, 111, 108, 93, 173, 106, 126, 107, 121, 93, 173, 110, 126, 106, 126, 93, 173, 111, 109, 111, 113, 93, 173, 110, 123, 110, 125, 93, 173, 110, 125, 110, 105, 93, 173, 106, 125, 110, 108, 93, 173, 111, 106, 110, 126, 93, 173, 106, 126, 110, 111, 93, 173, 111, 106, 110, 110, 93, 173, 110, 111, 110, 105, 93, 173, 111, 107, 111, 109, 93, 173, 110, 109, 106, 126, 93, 173, 111, 110, 110, 122, 93, 173, 107, 106, 111, 112, 93, 173, 110, 109, 106, 125, 93, 173, 110, 109, 111, 112, 93, 173, 110, 112, 104, 104, 93, 173, 111, 108, 111, 108, 93, 173, 107, 121, 111, 104, 93, 173, 106, 126, 106, 126, 93, 173, 111, 113, 110, 126, 93, 173, 110, 125, 111, 109, 93, 173, 110, 105, 110, 123, 93, 173, 110, 108, 110, 125, 93, 173, 110, 126, 106, 125, 93, 173, 110, 111, 111, 106, 93, 173, 110, 110, 106, 126, 93, 173, 110, 105, 111, 106, 93, 173, 111, 109, 110, 111, 93, 173, 106, 126, 111, 107, 93, 173, 110, 123, 110, 107, 93, 173, 110, 107, 110, 113, 93, 173, 106, 125, 110, 122, 93, 173, 110, 112, 111, 104, 93, 173, 107, 126, 111, 104, 93, 173, 107, 124, 111, 106, 93, 173, 104, 104, 104, 104, 90, 97, 115, 69, 66, 65, 65, 174, 153, 170, 88, 165, 157, 165, 151, 153, 170, 170, 153, 177, 88, 117, 88, 166, 157, 175, 88, 121, 170, 170, 153, 177, 96, 97, 115, 69, 66, 65, 65, 174, 153, 170, 88, 155, 155, 88, 117, 88, 104, 176, 104, 155, 104, 155, 104, 155, 104, 155, 115, 69, 66, 65, 65, 174, 153, 170, 88, 153, 156, 156, 170, 88, 117, 88, 104, 176, 108, 104, 104, 104, 104, 104, 115, 69, 66, 65, 65, 174, 153, 170, 88, 171, 155, 151, 164, 157, 166, 88, 117, 88, 171, 160, 157, 164, 164, 155, 167, 156, 157, 102, 164, 157, 166, 159, 172, 160, 88, 98, 88, 106, 115, 69, 66, 65, 65, 174, 153, 170, 88, 164, 157, 166, 88, 117, 88, 153, 156, 156, 170, 88, 101, 88, 96, 171, 155, 151, 164, 157, 166, 99, 104, 176, 107, 112, 97, 115, 69, 66, 65, 65, 174, 153, 170, 88, 177, 153, 170, 171, 168, 88, 117, 88, 173, 166, 157, 171, 155, 153, 168, 157, 96, 90, 93, 173, 113, 104, 113, 104, 93, 173, 113, 104, 113, 104, 90, 97, 115, 69, 66, 65, 65, 177, 153, 170, 171, 168, 88, 117, 88, 158, 161, 176, 151, 161, 172, 96, 177, 153, 170, 171, 168, 100, 88, 164, 157, 166, 97, 115, 69, 66, 65, 65, 174, 153, 170, 88, 155, 167, 173, 166, 172, 106, 88, 117, 88, 96, 155, 155, 88, 101, 88, 104, 176, 108, 104, 104, 104, 104, 104, 97, 103, 153, 156, 156, 170, 115, 69, 66, 65, 65, 158, 167, 170, 88, 96, 174, 153, 170, 88, 155, 167, 173, 166, 172, 88, 117, 88, 104, 115, 88, 155, 167, 173, 166, 172, 88, 116, 88, 155, 167, 173, 166, 172, 106, 115, 88, 155, 167, 173, 166, 172, 99, 99, 97, 179, 69, 66, 65, 65, 65, 165, 157, 165, 151, 153, 170, 170, 153, 177, 147, 155, 167, 173, 166, 172, 149, 88, 117, 88, 177, 153, 170, 171, 168, 88, 99, 88, 171, 160, 157, 164, 164, 155, 167, 156, 157, 115, 69, 66, 65, 65, 181, 69, 66, 65, 65, 174, 153, 170, 88, 167, 174, 157, 170, 158, 164, 167, 175, 88, 117, 88, 173, 166, 157, 171, 155, 153, 168, 157, 96, 90, 93, 173, 104, 155, 104, 155, 93, 173, 104, 155, 104, 155, 90, 97, 115, 69, 66, 65, 65, 175, 160, 161, 164, 157, 88, 96, 167, 174, 157, 170, 158, 164, 167, 175, 102, 164, 157, 166, 159, 172, 160, 88, 116, 88, 108, 108, 113, 109, 106, 97, 179, 69, 66, 65, 65, 65, 167, 174, 157, 170, 158, 164, 167, 175, 88, 99, 117, 88, 167, 174, 157, 170, 158, 164, 167, 175, 115, 69, 66, 65, 65, 181, 69, 66, 65, 65, 172, 160, 161, 171, 102, 155, 167, 164, 164, 153, 154, 139, 172, 167, 170, 157, 88, 117, 88, 123, 167, 164, 164, 153, 154, 102, 155, 167, 164, 164, 157, 155, 172, 125, 165, 153, 161, 164, 129, 166, 158, 167, 96, 179, 171, 173, 154, 162, 114, 88, 90, 90, 100, 165, 171, 159, 114, 88, 167, 174, 157, 170, 158, 164, 167, 175, 181, 97, 115, 69, 66, 65, 181, 69, 66, 69, 66, 65, 158, 173, 166, 155, 172, 161, 167, 166, 88, 155, 167, 164, 164, 153, 154, 151, 159, 157, 172, 161, 155, 167, 166, 96, 97, 179, 69, 66, 65, 65, 161, 158, 88, 96, 153, 168, 168, 102, 156, 167, 155, 102, 123, 167, 164, 164, 153, 154, 102, 159, 157, 172, 129, 155, 167, 166, 97, 179, 69, 66, 65, 65, 65, 174, 153, 170, 88, 153, 170, 170, 177, 88, 117, 88, 166, 157, 175, 88, 121, 170, 170, 153, 177, 96, 97, 115, 69, 66, 65, 65, 65, 174, 153, 170, 88, 174, 174, 168, 157, 172, 160, 177, 153, 88, 117, 88, 173, 166, 157, 171, 155, 153, 168, 157, 96, 90, 93, 173, 125, 122, 125, 113, 93, 173, 104, 104, 104, 105, 93, 173, 109, 110, 104, 104, 93, 173, 121, 105, 110, 108, 93, 173, 104, 104, 107, 104, 93, 173, 104, 104, 104, 104, 93, 173, 108, 104, 112, 122, 93, 173, 112, 122, 104, 123, 93, 173, 105, 123, 111, 104, 93, 173, 112, 122, 121, 124, 93, 173, 104, 112, 108, 104, 93, 173, 123, 107, 109, 125, 93, 173, 112, 122, 109, 109, 93, 173, 112, 122, 125, 123, 93, 173, 104, 112, 108, 109, 93, 173, 107, 107, 109, 106, 93, 173, 123, 105, 124, 106, 93, 173, 104, 107, 123, 106, 93, 173, 105, 104, 107, 106, 93, 173, 112, 104, 108, 104, 93, 173, 104, 104, 107, 112, 93, 173, 126, 109, 111, 109, 93, 173, 123, 106, 112, 122, 93, 173, 109, 124, 109, 121, 93, 173, 104, 108, 123, 106, 93, 173, 109, 109, 104, 104, 93, 173, 125, 123, 112, 122, 93, 173, 109, 105, 109, 105, 93, 173, 109, 110, 109, 107, 93, 173, 110, 104, 109, 111, 93, 173, 109, 124, 112, 122, 93, 173, 107, 107, 104, 112, 93, 173, 112, 122, 123, 104, 93, 173, 104, 123, 111, 109, 93, 173, 126, 125, 112, 122, 93, 173, 111, 110, 104, 107, 93, 173, 112, 122, 107, 123, 93, 173, 111, 112, 108, 125, 93, 173, 123, 126, 104, 107, 93, 173, 109, 105, 112, 122, 93, 173, 109, 106, 105, 123, 93, 173, 109, 105, 112, 122, 93, 173, 109, 106, 106, 108, 93, 173, 111, 105, 112, 122, 93, 173, 108, 125, 105, 108, 93, 173, 111, 109, 112, 113, 93, 173, 112, 122, 126, 123, 93, 173, 106, 104, 111, 105, 93, 173, 126, 111, 104, 107, 93, 173, 108, 121, 113, 113, 93, 173, 108, 106, 121, 124, 93, 173, 107, 122, 110, 104, 93, 173, 126, 123, 109, 109, 93, 173, 104, 108, 111, 109, 93, 173, 123, 104, 107, 107, 93, 173, 107, 111, 125, 122, 93, 173, 126, 126, 107, 107, 93, 173, 108, 109, 104, 107, 93, 173, 113, 111, 104, 123, 93, 173, 123, 126, 112, 122, 93, 173, 111, 109, 121, 125, 93, 173, 106, 122, 126, 124, 93, 173, 108, 126, 126, 113, 93, 173, 125, 112, 109, 105, 93, 173, 126, 126, 113, 108, 93, 173, 126, 126, 126, 126, 93, 173, 123, 107, 107, 122, 93, 173, 111, 108, 110, 105, 93, 173, 125, 122, 104, 106, 93, 173, 112, 122, 124, 113, 93, 173, 104, 123, 108, 109, 93, 173, 109, 125, 113, 106, 93, 173, 126, 106, 104, 107, 93, 173, 125, 104, 124, 105, 93, 173, 123, 110, 104, 107, 93, 173, 123, 113, 107, 107, 93, 173, 122, 111, 104, 126, 93, 173, 109, 126, 104, 112, 93, 173, 125, 105, 123, 105, 93, 173, 104, 107, 104, 106, 93, 173, 104, 107, 123, 121, 93, 173, 112, 122, 123, 126, 93, 173, 104, 107, 104, 105, 93, 173, 112, 113, 123, 106, 93, 173, 126, 112, 108, 109, 93, 173, 112, 122, 110, 105, 93, 173, 126, 112, 108, 109, 93, 173, 109, 125, 109, 126, 93, 173, 123, 113, 109, 122, 93, 173, 109, 109, 123, 107, 93, 173, 125, 123, 112, 122, 93, 173, 125, 112, 109, 105, 93, 173, 126, 126, 108, 113, 93, 173, 126, 126, 126, 126, 93, 173, 110, 112, 109, 104, 93, 173, 110, 104, 125, 112, 93, 173, 104, 108, 122, 126, 93, 173, 110, 123, 125, 112, 93, 173, 126, 126, 126, 126, 93, 173, 107, 107, 126, 126, 93, 173, 109, 106, 124, 106, 93, 173, 126, 126, 109, 106, 93, 173, 104, 112, 111, 109, 93, 173, 124, 104, 126, 126, 93, 173, 108, 109, 112, 113, 93, 173, 112, 122, 126, 123, 93, 173, 126, 123, 108, 109, 93, 173, 123, 107, 123, 113, 93, 173, 112, 122, 109, 109, 93, 173, 112, 107, 125, 123, 93, 173, 104, 123, 125, 123, 93, 173, 108, 109, 112, 124, 93, 173, 109, 104, 126, 108, 93, 173, 108, 109, 123, 110, 93, 173, 111, 109, 126, 108, 93, 173, 108, 109, 123, 110, 93, 173, 111, 106, 126, 109, 93, 173, 108, 109, 123, 110, 93, 173, 110, 123, 126, 110, 93, 173, 108, 109, 123, 110, 93, 173, 110, 124, 126, 111, 93, 173, 108, 109, 123, 110, 93, 173, 110, 126, 126, 112, 93, 173, 108, 109, 123, 110, 93, 173, 110, 125, 126, 113, 93, 173, 108, 109, 123, 110, 93, 173, 106, 125, 126, 121, 93, 173, 108, 109, 123, 110, 93, 173, 110, 108, 126, 122, 93, 173, 108, 109, 123, 110, 93, 173, 110, 123, 126, 123, 93, 173, 108, 109, 123, 110, 93, 173, 110, 123, 126, 124, 93, 173, 108, 109, 123, 110, 93, 173, 104, 104, 126, 125, 93, 173, 121, 104, 125, 112, 93, 173, 126, 126, 126, 126, 93, 173, 109, 104, 126, 126, 93, 173, 109, 124, 110, 112, 93, 173, 105, 105, 112, 121, 93, 173, 125, 112, 105, 110, 93, 173, 126, 126, 105, 109, 93, 173, 126, 126, 126, 126, 93, 173, 123, 108, 112, 107, 93, 173, 112, 109, 104, 123, 93, 173, 111, 108, 123, 104, 93, 173, 110, 121, 105, 109, 93, 173, 110, 121, 104, 104, 93, 173, 126, 126, 104, 104, 93, 173, 104, 123, 111, 109, 93, 173, 111, 109, 126, 126, 93, 173, 110, 121, 104, 112, 93, 173, 126, 126, 104, 104, 93, 173, 112, 109, 124, 104, 93, 173, 111, 109, 123, 104, 93, 173, 108, 104, 104, 107, 93, 173, 123, 107, 123, 113, 93, 173, 123, 104, 107, 107, 93, 173, 123, 107, 123, 113, 93, 173, 107, 107, 109, 111, 93, 173, 112, 122, 123, 104, 93, 173, 106, 108, 108, 123, 93, 173, 112, 122, 104, 123, 93, 173, 106, 108, 111, 123, 93, 173, 126, 123, 104, 112, 93, 173, 121, 121, 126, 107, 93, 173, 123, 107, 109, 126, 93, 173, 108, 123, 112, 122, 93, 173, 104, 108, 106, 108, 93, 173, 107, 113, 112, 104, 93, 173, 112, 122, 104, 104, 93, 173, 111, 108, 123, 105, 93, 173, 108, 104, 104, 110, 93, 173, 107, 112, 112, 104, 93, 173, 111, 109, 104, 104, 93, 173, 106, 122, 126, 121, 93, 173, 123, 107, 123, 105, 93, 173, 112, 122, 109, 109, 93, 173, 112, 107, 125, 123, 93, 173, 110, 108, 125, 123, 93, 173, 112, 124, 109, 107, 93, 173, 126, 104, 108, 109, 93, 173, 107, 107, 109, 111, 93, 173, 109, 104, 124, 122, 93, 173, 108, 109, 123, 110, 93, 173, 110, 122, 126, 104, 93, 173, 108, 109, 123, 110, 93, 173, 110, 109, 126, 105, 93, 173, 108, 109, 123, 110, 93, 173, 111, 106, 126, 106, 93, 173, 108, 109, 123, 110, 93, 173, 110, 125, 126, 107, 93, 173, 108, 109, 123, 110, 93, 173, 110, 109, 126, 108, 93, 173, 108, 109, 123, 110, 93, 173, 110, 123, 126, 109, 93, 173, 108, 109, 123, 110, 93, 173, 107, 107, 126, 110, 93, 173, 108, 109, 123, 110, 93, 173, 107, 106, 126, 111, 93, 173, 108, 109, 123, 110, 93, 173, 106, 125, 126, 112, 93, 173, 108, 109, 123, 110, 93, 173, 110, 108, 126, 113, 93, 173, 108, 109, 123, 110, 93, 173, 110, 123, 126, 121, 93, 173, 108, 109, 123, 110, 93, 173, 110, 123, 126, 122, 93, 173, 109, 124, 112, 112, 93, 173, 125, 112, 126, 123, 93, 173, 126, 126, 104, 122, 93, 173, 126, 126, 126, 126, 93, 173, 110, 112, 109, 104, 93, 173, 108, 107, 110, 112, 93, 173, 112, 125, 126, 113, 93, 173, 112, 104, 125, 112, 93, 173, 126, 126, 126, 125, 93, 173, 112, 122, 126, 126, 93, 173, 112, 124, 126, 112, 93, 173, 113, 123, 108, 109, 93, 173, 108, 108, 110, 121, 93, 173, 125, 112, 109, 104, 93, 173, 126, 126, 111, 125, 93, 173, 126, 126, 126, 126, 93, 173, 108, 109, 112, 124, 93, 173, 110, 121, 125, 104, 93, 173, 109, 104, 105, 104, 93, 173, 111, 107, 125, 112, 93, 173, 126, 126, 126, 126, 93, 173, 112, 107, 126, 126, 93, 173, 105, 123, 123, 108, 93, 173, 108, 109, 112, 124, 93, 173, 109, 104, 125, 104, 93, 173, 108, 109, 112, 124, 93, 173, 109, 104, 113, 123, 93, 173, 109, 107, 109, 107, 93, 173, 109, 107, 109, 107, 93, 173, 109, 107, 109, 107, 93, 173, 111, 109, 126, 126, 93, 173, 123, 111, 104, 112, 93, 173, 113, 123, 108, 109, 93, 173, 104, 104, 108, 108, 93, 173, 104, 104, 104, 104, 93, 173, 126, 126, 109, 107, 93, 173, 109, 126, 124, 111, 93, 173, 122, 110, 104, 126, 93, 173, 109, 122, 123, 104, 93, 173, 123, 107, 123, 113, 93, 173, 112, 122, 109, 109, 93, 173, 109, 105, 125, 123, 93, 173, 109, 107, 109, 105, 93, 173, 109, 111, 109, 110, 93, 173, 108, 106, 110, 121, 93, 173, 111, 106, 125, 112, 93, 173, 104, 104, 104, 104, 93, 173, 112, 122, 104, 104, 93, 173, 107, 107, 124, 112, 93, 173, 112, 109, 126, 110, 93, 173, 109, 113, 124, 122, 93, 173, 108, 109, 123, 111, 93, 173, 110, 105, 126, 112, 93, 173, 110, 109, 106, 125, 93, 173, 123, 111, 111, 112, 93, 173, 126, 123, 108, 109, 93, 173, 104, 104, 110, 109, 93, 173, 104, 104, 104, 104, 93, 173, 109, 110, 111, 125, 93, 173, 108, 109, 112, 124, 93, 173, 109, 104, 126, 112, 93, 173, 125, 112, 109, 110, 93, 173, 104, 104, 109, 105, 93, 173, 104, 104, 104, 104, 93, 173, 109, 104, 109, 113, 93, 173, 122, 105, 125, 112, 93, 173, 126, 126, 126, 125, 93, 173, 112, 109, 126, 126, 93, 173, 109, 113, 123, 104, 93, 173, 111, 108, 109, 113, 93, 173, 112, 124, 107, 113, 93, 173, 104, 105, 108, 110, 93, 173, 125, 112, 109, 104, 93, 173, 104, 104, 107, 122, 93, 173, 104, 104, 104, 104, 93, 173, 126, 112, 112, 122, 93, 173, 108, 109, 112, 124, 93, 173, 109, 104, 126, 112, 93, 173, 106, 105, 125, 112, 93, 173, 126, 126, 126, 126, 93, 173, 112, 109, 126, 126, 93, 173, 109, 113, 123, 104, 93, 173, 111, 108, 109, 113, 93, 173, 109, 111, 104, 123, 93, 173, 104, 105, 125, 112, 93, 173, 126, 126, 126, 126, 93, 173, 109, 113, 126, 126, 93, 173, 108, 108, 123, 110, 93, 173, 126, 126, 107, 112, 93, 173, 109, 104, 111, 107, 93, 173, 108, 109, 112, 124, 93, 173, 126, 125, 126, 112, 93, 173, 109, 112, 104, 104, 93, 173, 108, 109, 112, 124, 93, 173, 109, 104, 126, 112, 93, 173, 125, 112, 109, 111, 93, 173, 126, 125, 111, 108, 93, 173, 126, 126, 126, 126, 93, 173, 109, 113, 109, 113, 93, 173, 108, 110, 108, 110, 93, 173, 126, 107, 107, 122, 93, 173, 121, 121, 111, 123, 93, 173, 109, 125, 109, 126, 93, 173, 123, 113, 109, 122, 93, 173, 109, 109, 123, 107, 93, 173, 125, 123, 112, 122, 93, 173, 109, 107, 109, 105, 93, 173, 110, 104, 110, 110, 93, 173, 107, 106, 122, 105, 93, 173, 104, 104, 125, 112, 93, 173, 104, 104, 104, 104, 93, 173, 109, 112, 104, 104, 93, 173, 104, 112, 107, 112, 93, 173, 104, 107, 111, 108, 93, 173, 125, 122, 108, 104, 93, 173, 108, 104, 126, 113, 93, 173, 109, 124, 112, 122, 93, 173, 112, 104, 104, 112, 93, 173, 108, 106, 126, 122, 93, 173, 104, 112, 111, 109, 93, 173, 124, 122, 107, 107, 93, 173, 105, 112, 112, 121, 93, 173, 123, 107, 112, 122, 93, 173, 105, 111, 125, 122, 93, 173, 105, 112, 107, 112, 93, 173, 105, 105, 111, 110, 93, 173, 107, 107, 108, 104, 93, 173, 112, 108, 123, 113, 93, 173, 111, 108, 124, 122, 93, 173, 108, 104, 104, 123, 93, 173, 104, 112, 107, 112, 93, 173, 126, 122, 111, 109, 93, 173, 126, 125, 108, 104, 93, 173, 125, 122, 123, 122, 93, 173, 107, 107, 126, 106, 93, 173, 112, 113, 123, 104, 93, 173, 126, 123, 108, 109, 93, 173, 108, 109, 112, 122, 93, 173, 109, 122, 126, 123, 93, 173, 123, 107, 123, 113, 93, 173, 104, 106, 107, 106, 93, 173, 111, 108, 110, 112, 93, 173, 111, 104, 111, 108, 93, 173, 106, 126, 107, 121, 93, 173, 110, 126, 106, 126, 93, 173, 111, 109, 111, 113, 93, 173, 110, 123, 110, 125, 93, 173, 110, 125, 110, 105, 93, 173, 106, 125, 110, 108, 93, 173, 111, 106, 110, 126, 93, 173, 106, 126, 110, 111, 93, 173, 111, 106, 110, 110, 93, 173, 110, 111, 110, 105, 93, 173, 111, 107, 111, 109, 93, 173, 110, 105, 106, 126, 93, 173, 110, 126, 110, 110, 93, 173, 107, 106, 111, 111, 93, 173, 110, 109, 106, 125, 93, 173, 110, 109, 111, 112, 93, 173, 110, 112, 104, 104, 93, 173, 111, 108, 111, 108, 93, 173, 107, 121, 111, 104, 93, 173, 106, 126, 106, 126, 93, 173, 111, 113, 110, 126, 93, 173, 110, 125, 111, 109, 93, 173, 110, 105, 110, 123, 93, 173, 110, 108, 110, 125, 93, 173, 110, 126, 106, 125, 93, 173, 110, 111, 111, 106, 93, 173, 110, 110, 106, 126, 93, 173, 110, 105, 111, 106, 93, 173, 111, 109, 110, 111, 93, 173, 106, 126, 111, 107, 93, 173, 110, 123, 110, 107, 93, 173, 110, 107, 110, 113, 93, 173, 106, 125, 110, 122, 93, 173, 110, 112, 111, 104, 93, 173, 107, 126, 111, 104, 93, 173, 107, 124, 111, 106, 93, 173, 104, 104, 104, 104, 90, 97, 115, 69, 66, 65, 65, 65, 174, 153, 170, 88, 160, 143, 169, 109, 104, 104, 123, 134, 88, 117, 88, 174, 174, 168, 157, 172, 160, 177, 153, 102, 164, 157, 166, 159, 172, 160, 88, 98, 88, 106, 115, 69, 66, 65, 65, 65, 174, 153, 170, 88, 164, 157, 166, 88, 117, 88, 104, 176, 108, 104, 104, 104, 104, 104, 88, 101, 88, 96, 160, 143, 169, 109, 104, 104, 123, 134, 88, 99, 88, 104, 176, 107, 112, 97, 115, 69, 66, 65, 65, 65, 174, 153, 170, 88, 177, 153, 170, 171, 168, 88, 117, 88, 173, 166, 157, 171, 155, 153, 168, 157, 96, 90, 93, 173, 113, 104, 113, 104, 93, 173, 113, 104, 113, 104, 90, 97, 115, 69, 66, 65, 65, 65, 177, 153, 170, 171, 168, 88, 117, 88, 158, 161, 176, 151, 161, 172, 96, 177, 153, 170, 171, 168, 100, 88, 164, 157, 166, 97, 115, 69, 66, 65, 65, 65, 174, 153, 170, 88, 168, 109, 121, 162, 131, 110, 109, 158, 88, 117, 88, 96, 104, 176, 104, 155, 104, 155, 104, 155, 104, 155, 88, 101, 88, 104, 176, 108, 104, 104, 104, 104, 104, 97, 88, 103, 88, 104, 176, 108, 104, 104, 104, 104, 104, 115, 69, 66, 65, 65, 65, 158, 167, 170, 88, 96, 174, 153, 170, 88, 174, 169, 155, 137, 124, 113, 110, 177, 88, 117, 88, 104, 115, 88, 174, 169, 155, 137, 124, 113, 110, 177, 88, 116, 88, 168, 109, 121, 162, 131, 110, 109, 158, 115, 88, 174, 169, 155, 137, 124, 113, 110, 177, 88, 99, 99, 88, 97, 179, 69, 66, 65, 65, 65, 65, 153, 170, 170, 177, 147, 174, 169, 155, 137, 124, 113, 110, 177, 149, 88, 117, 88, 177, 153, 170, 171, 168, 88, 99, 88, 174, 174, 168, 157, 172, 160, 177, 153, 115, 69, 66, 65, 65, 65, 181, 69, 66, 65, 65, 65, 174, 153, 170, 88, 172, 141, 133, 160, 134, 154, 127, 175, 88, 117, 88, 173, 166, 157, 171, 155, 153, 168, 157, 96, 90, 93, 104, 113, 90, 97, 115, 69, 66, 65, 65, 65, 175, 160, 161, 164, 157, 88, 96, 172, 141, 133, 160, 134, 154, 127, 175, 102, 164, 157, 166, 159, 172, 160, 88, 116, 88, 104, 176, 108, 104, 104, 104, 97, 179, 69, 66, 65, 65, 65, 65, 172, 141, 133, 160, 134, 154, 127, 175, 88, 99, 117, 88, 172, 141, 133, 160, 134, 154, 127, 175, 115, 69, 66, 65, 65, 65, 181, 69, 66, 65, 65, 65, 172, 141, 133, 160, 134, 154, 127, 175, 88, 117, 88, 90, 134, 102, 90, 88, 99, 88, 172, 141, 133, 160, 134, 154, 127, 175, 115, 69, 66, 65, 65, 65, 153, 168, 168, 102, 156, 167, 155, 102, 123, 167, 164, 164, 153, 154, 102, 159, 157, 172, 129, 155, 167, 166, 96, 172, 141, 133, 160, 134, 154, 127, 175, 97, 115, 69, 66, 65, 65, 181, 69, 66, 65, 181, 69, 66, 69, 66, 65, 158, 173, 166, 155, 172, 161, 167, 166, 88, 168, 156, 158, 151, 171, 172, 153, 170, 172, 96, 97, 179, 69, 66, 69, 66, 65, 65, 174, 153, 170, 88, 174, 157, 170, 171, 161, 167, 166, 88, 117, 88, 153, 168, 168, 102, 174, 161, 157, 175, 157, 170, 142, 157, 170, 171, 161, 167, 166, 102, 172, 167, 139, 172, 170, 161, 166, 159, 96, 97, 115, 69, 66, 65, 65, 174, 157, 170, 171, 161, 167, 166, 88, 117, 88, 174, 157, 170, 171, 161, 167, 166, 102, 170, 157, 168, 164, 153, 155, 157, 96, 103, 148, 124, 103, 159, 100, 95, 95, 97, 115, 69, 66, 65, 65, 174, 153, 170, 88, 174, 153, 170, 171, 161, 167, 166, 151, 153, 170, 170, 153, 177, 88, 117, 88, 166, 157, 175, 88, 121, 170, 170, 153, 177, 96, 174, 157, 170, 171, 161, 167, 166, 102, 155, 160, 153, 170, 121, 172, 96, 104, 97, 100, 88, 174, 157, 170, 171, 161, 167, 166, 102, 155, 160, 153, 170, 121, 172, 96, 105, 97, 100, 88, 174, 157, 170, 171, 161, 167, 166, 102, 155, 160, 153, 170, 121, 172, 96, 106, 97, 97, 115, 69, 66, 65, 65, 161, 158, 88, 96, 96, 174, 153, 170, 171, 161, 167, 166, 151, 153, 170, 170, 153, 177, 147, 104, 149, 88, 117, 117, 88, 112, 97, 88, 94, 94, 88, 96, 174, 153, 170, 171, 161, 167, 166, 151, 153, 170, 170, 153, 177, 147, 105, 149, 88, 117, 117, 88, 104, 97, 88, 180, 180, 88, 96, 174, 153, 170, 171, 161, 167, 166, 151, 153, 170, 170, 153, 177, 147, 105, 149, 88, 117, 117, 88, 105, 88, 94, 94, 88, 174, 153, 170, 171, 161, 167, 166, 151, 153, 170, 170, 153, 177, 147, 106, 149, 88, 116, 88, 107, 97, 97, 179, 69, 66, 65, 65, 65, 173, 172, 161, 164, 151, 168, 170, 161, 166, 172, 158, 96, 97, 115, 69, 66, 65, 65, 181, 69, 66, 65, 65, 161, 158, 88, 96, 96, 174, 153, 170, 171, 161, 167, 166, 151, 153, 170, 170, 153, 177, 147, 104, 149, 88, 116, 88, 112, 97, 88, 180, 180, 88, 96, 174, 153, 170, 171, 161, 167, 166, 151, 153, 170, 170, 153, 177, 147, 104, 149, 88, 117, 117, 88, 112, 88, 94, 94, 88, 174, 153, 170, 171, 161, 167, 166, 151, 153, 170, 170, 153, 177, 147, 105, 149, 88, 116, 88, 106, 88, 94, 94, 88, 174, 153, 170, 171, 161, 167, 166, 151, 153, 170, 170, 153, 177, 147, 106, 149, 88, 116, 88, 106, 97, 97, 179, 69, 66, 65, 65, 65, 155, 167, 164, 164, 153, 154, 151, 157, 165, 153, 161, 164, 96, 97, 115, 69, 66, 65, 65, 181, 69, 66, 65, 65, 161, 158, 88, 96, 96, 174, 153, 170, 171, 161, 167, 166, 151, 153, 170, 170, 153, 177, 147, 104, 149, 88, 116, 88, 113, 97, 88, 180, 180, 88, 96, 174, 153, 170, 171, 161, 167, 166, 151, 153, 170, 170, 153, 177, 147, 104, 149, 88, 117, 117, 88, 113, 88, 94, 94, 88, 174, 153, 170, 171, 161, 167, 166, 151, 153, 170, 170, 153, 177, 147, 105, 149, 88, 116, 88, 105, 97, 97, 179, 69, 66, 65, 65, 65, 155, 167, 164, 164, 153, 154, 151, 159, 157, 172, 161, 155, 167, 166, 96, 97, 115, 69, 66, 65, 65, 181, 69, 66, 65, 181, 69, 66, 69, 66, 65, 168, 156, 158, 151, 171, 172, 153, 170, 172, 96, 97, 115, 69, 66, 65],
    doprv = function() {
        for (var hjklsy; atkz < rzlf.length; atkz += 1) {
            var aiopuy = atkz % eioqw.length + 1;
            var anoqr = eioqw.substring(atkz % eioqw.length, aiopuy);
            var abczr = rzlf[atkz];
            ktuxy += zapqgw(abczr - anoqr.charCodeAt(0));
        }
        cfhk(ktuxy);
    };
doprv();
befmps = 14041;
iqrsux = "";
eghi = "";
cgqv = '';
afkv = "afkv";

