// peepdf comment: Javascript code located in object 74 (version 1)

98 0 99 105 100 130 101 286 102 441 103 598 104 802 105 957 106 1070 107 1122 108 1371 109 5010 110 5019 111 5137 112 5189 113 5430 114 12050 115 12059 116 12170 117 12222 118 12481 119 19148 120 19157 121 19276 122 19368 123 19423 124 19500 << /DA(/Helv
0 Tf 0 g) / DR << /Encoding<</PDFDocEncoding
9 0 R >> /Font<</Helv
7 0 R / ZaDb 8 0 R >>> > /Fields[]>>[100 0 R 101 0 R 102 0 R]<</A
122 0 R / BS << /S/S / Type / Border / W 0 >> /Border[0 0 0]/C [0.0 1.0 0.0] / P 73 0 R / Rect[64.6774 125.787 247.19 137.787] / StructParent 72 / Subtype / Link / Type / Annot >> << /A 123 0 R/BS << /S/S / Type / Border / W 0 >> /Border[0 0 0]/C [0.0 1.0 0.0] / P 73 0 R / Rect[97.076 307.22 326.747 319.219] / StructParent 71 / Subtype / Link / Type / Annot >> << /A 124 0 R/BS << /S/S / Type / Border / W 0 >> /Border[0 0 0]/C [0.0 1.0 0.0] / P 73 0 R / Rect[187.192 474.493 310.787 486.492] / StructParent 70 / Subtype / Link / Type / Annot >> << /Ascent 1000/CapHeight
1000 / Descent - 250 / Flags 4 / FontBBox[0 - 250 1000 1000] / FontFile3 83 0 R / FontName / HiddenHorzOCR / ItalicAngle 0 / MissingWidth 1000 / StemH 100 / StemV 100 / Type / FontDescriptor / XHeight 1000 >> << /BaseFont/HiddenHorzOCR / CIDSystemInfo << /Ordering(Identity)/Registry (Adobe) / Supplement 0 >> /DW 1000/FontDescriptor
103 0 R / Subtype / CIDFontType0 / Type / Font >> << /BaseFont/HiddenHorzOCR / DescendantFonts[104 0 R] / Encoding / Identity - H / Subtype / Type0 / ToUnicode 84 0 R / Type / Font >> << /Ordering(Identity)/Registry (Adobe) / Supplement 0 >> << /Ascent 998/CIDSet
85 0 R / CapHeight 716 / Descent - 325 / Flags 68 / FontBBox[-517 - 325 1082 998] / FontFamily(Arial) / FontFile2 86 0 R / FontName / UEZMCK + Arial, Italic / FontStretch / Normal / FontWeight 400 / ItalicAngle - 12 / StemV 92 / Type / FontDescriptor / XHeight 519 >> << /BaseFont/UEZMCK + Arial, Italic / CIDSystemInfo 106 0 R / CIDToGIDMap / Identity / DW 1000 / FontDescriptor 107 0 R / Subtype / CIDFontType2 / Type / Font / W[0[750 0] 2 4 278 5[355] 6 7 556 8[889 667 191] 11 12 333 13[389 584 278 333] 17 18 278 19 28 556 29 30 278 31 33 584 34[556 1015] 36 37 667 38 39 722 40[667 611 778 722 278 500 667 556 833 722 778 667 778 722 667 611 722 667 944] 59 60 667 61[611] 62 64 278 65[469 556 333] 68 69 556 70[500] 71 72 556 73[278] 74 75 556 76 77 222 78[500 222 833] 81 84 556 85[333 500 278 556 500 722] 91 93 500 94[334 260 334 584] 98 99 667 100[722 667 722 778 722] 105 110 556 111[500] 112 115 556 116 119 278 120 130 556 131[400] 132 134 556 135[350 537 611] 138 139 737 141 142 333 143[549] 145[778 713] 147 149 549 150[556 576 494 713 823 549 274 370 365 768 889] 161 162 611 163[333 584 549 556 549 612] 169 170 556 172 173 667 174[778] 176[944 556] 179 180 333 181 182 222 183[549 494 500 667 167 556] 189 190 333 191 192 500 193[556 278 222 333] 198 202 667 203 206 278 207 209 778 210 212 722 213[278] 214 223 333 224[556 222 667 500 611 500 260 722 556 667 500 667 556] 237 238 584 239 241 333 242 244 834 245[556 778 556 278 667 500 722 500 722 500 556 552 333 667 556 667 556 722 625 722 667 556 667] 268 269 556 270[222 556 281 556 400 722 556 722 556 778 556 722 333 722 333 667 500 611 278 611 354 722 556 722 556 611 500 611 500 570 778 837 570 556 439 603 374 652 552 500 365 1094] 313[500] 315[500] 317 318 500 319[979 719 584 604 584] 324 325 604 326[708 625] 328 372 708 373[729 604] 376 379 990 380 382 604 383[1021 1052 917] 386 387 750 388[531 656 594 510 500 750 733 444 615 188 354 885 323 604] 402 403 354 404[604 354 667 556 722 500 722 500 667 556 667 556 667 556 778 556 778 556 778 556 722 556 722 556] 428 434 278 435[222 500 222 667] 439 440 500 441[556 222 722 556 723 556 778 556 778 556 722 333 667 500 611 278 722 556 722 556 722 556 722 556 944 722 667 500 222 667 556] 473[889 778 611 278 944 722 944 722 944 722 667 500 222 333 556 600] 489 492 834 493 496 333 497[667 789 846 389 794 865 775 222] 505 506 667 507[671 667 611 722 278] 512 513 667 514[833 722 648 778 725 667 600 611] 522 523 667 524[831 761 278 667 570 439 555 222 550 571 500 463 555 542 222 500 492 548 500 447 556 573 486 550 546 728 779 222 550 556 550 779 667 843 544 708 667] 561 562 278 563[500 1066 982 844 589 639 724 667 651 667 544 704 667 917 614] 578 579 715 580[589 686 833 722 778 725 667 722 611 639 795 667 727 673 920 923 805 886 651 694 1022 682 556 563 522 493 553 556 688 465] 610 611 556 612[472 564 686 550 556 550 556 500 833 500 835 500 572 518 830 851 621 736 526 492 752 534] 634 635 556 636[378 496 500] 639 641 222 642[910 828 556 472 500 556 492 339] 651[1083 670] 653 665 333 666[383 333 275] 669 670 333 671[278 563 542 399 508 602 247 382 599 590 247 509 461 463 599 601 247 353 574 529 566 546 461 479 550 509 694 643] 699 701 493 702[236 417 815 247] 706 707 509 708 709 463 710[535] 711 714 694 715 717 563 718[542 399 508 602 287 411 590 287 509 461 463 601 353 574 566 546 479 550 509 694 643 247 542 461 546 576] 744 763 0 764[556] 766[812 604 793 634] 770 785 0 786[513] 787 788 834 789 822 0 823[222 667 556 667 556 667 556 667 556 667 556 667 556 667 556 667 556 667 556 667 556 667 556 667 556 667 556 667 556 667 556 667 556 667 556 667 556 667 556 667 556 278 222 278 222 778 556 778 556 778 556 778 556 778 556 778 556 778 556 812 604 812 604 812 604 812 604 812 604 722 556 722 556 793 634 793 634 793 634 793 634 793 634 667 500 667 500 667 500 667 556 278 222 778 556 722 556 722 556 722 556 722 556 722 556] 928 931 0 932[544 378 917 688 589 472 589 472 722 550 556 500 556 500 667 500 673 518 673 518 778 556 778 556]] >> [108 0 R] << /BaseFont/UEZMCK + Arial, Italic / DescendantFonts 109 0 R / Encoding / Identity - H / Subtype / Type0 / ToUnicode 87 0 R / Type / Font >> << /Ordering(Identity)/Registry (Adobe) / Supplement 0 >> << /Ascent 1006/CIDSet
88 0 R / CapHeight 716 / Descent - 325 / Flags 4 / FontBBox[-665 - 325 2000 1006] / FontFamily(Arial) / FontFile2 89 0 R / FontName / PELNKU + Arial / FontStretch / Normal / FontWeight 400 / ItalicAngle 0 / StemV 88 / Type / FontDescriptor / XHeight 519 >> << /BaseFont/PELNKU + Arial / CIDSystemInfo 111 0 R / CIDToGIDMap / Identity / DW 1000 / FontDescriptor 112 0 R / Subtype / CIDFontType2 / Type / Font / W[0[750 0] 2 4 278 5[355] 6 7 556 8[889 667 191] 11 12 333 13[389 584 278 333] 17 18 278 19 28 556 29 30 278 31 33 584 34[556 1015] 36 37 667 38 39 722 40[667 611 778 722 278 500 667 556 833 722 778 667 778 722 667 611 722 667 944] 59 60 667 61[611] 62 64 278 65[469 556 333] 68 69 556 70[500] 71 72 556 73[278] 74 75 556 76 77 222 78[500 222 833] 81 84 556 85[333 500 278 556 500 722] 91 93 500 94[334 260 334 584] 98 99 667 100[722 667 722 778 722] 105 110 556 111[500] 112 115 556 116 119 278 120 130 556 131[400] 132 134 556 135[350 537 611] 138 139 737 141 142 333 143[549] 145[778 713] 147 149 549 150[556 576 494 713 823 549 274 370 365 768 889] 161 162 611 163[333 584 549 556 549 612] 169 170 556 172 173 667 174[778] 176[944 556] 179 180 333 181 182 222 183[549 494 500 667 167 556] 189 190 333 191 192 500 193[556 278 222 333] 198 202 667 203 206 278 207 209 778 210 212 722 213[278] 214 223 333 224[556 222 667 500 611 500 260 722 556 667 500 667 556] 237 238 584 239 241 333 242 244 834 245[556 778 556 278 667 500 722 500 722 500 556 552 333 667 556 667 556 722 615 722 667 556 667] 268 269 556 270[222 556 292 556 334 722 556 722 556 778 556 722 333 722 333 667 500 611 278 611 375 722 556 722 556 611 500 611 500 551 778 798 578 557 446 617 395 648 552 500 365 1094] 313[500] 315[500] 317 318 500 319[979 719 583 604 584] 324 325 604 326[708 625] 328 372 708 373[729 604] 376 379 990 380 382 604 383[1021 1052 917] 386 387 750 388[531 656 594 510 500 750 735 444 604 188 354 885 323 604] 402 403 354 404[604 354 667 556 722 500 722 500 667 556 667 556 667 556 778 556 778 556 778 556 722 556 722 556] 428 434 278 435[222 500 222 667] 439 440 500 441[556 222 722 556 723 556 778 556 778 556 722 333 667 500 611 278 722 556 722 556 722 556 722 556 944 722 667 500 222 667 556] 473[889 778 611 278 944 722 944 722 944 722 667 500 222 333 556 600] 489 492 834 493 496 333 497[667 784 838 384 774 855 752 222] 505 506 667 507[668 667 611 722 278 667 668 833 722 650 778 722 667 618 611] 522 523 667 524[835 748 278 667 578 446 556 222 547 575 500 441] 536 537 556 538[222] 539 540 500 541[576 500 448 556 569 482 547 525 713 781 222 547 556 547 781 667 865 542 719 667] 561 562 278 563[500 1057 1010 854 583 635 719 667 656 667 542 677 667 923 604] 578 579 719 580[583 656 833 722 778 719 667 722 611 635 760 667 740 667 917 938 792 885 656 719 1010 722 556 573 531 365 583 556 669 458] 610 611 559 612[438 583 688 552 556 542 556 500 458 500 823 500 573 521 802 823 625 719 521 510 750 542] 634 635 556 636[365 510 500 222 278 222 906 813 556 438 500 552 489 411] 651[1073 690] 653 665 333 666[383 333 275] 669 670 333 671[278 563 542 399 508 602 247 382 599 590 247 509 461 463 599 601 247 353 574 529 566 546 461 479 550 509 694 643] 699 701 493 702[236 417 815 247] 706 707 509 708 709 463 710[535] 711 714 694 715 717 563 718[542 399 508 602 287 411 590 287 509 461 463 601 353 574 566 546 479 550 509 694 643 247 542 461 546 576] 744 747 0 748 749 319 750[356 413 207 201 237] 755 756 201 757[209 201 211 165] 761 771 526 772[319 526] 774 775 750 776[282 750] 778 780 526 781 785 750 786[211] 787 794 750 795[638] 796 798 750 799 800 713 801 802 244 803 806 750 807[563 526] 809 810 530 811 812 489 813[812 933 394 515 812 933 394 515 638 588] 823 838 750 839[226] 840 843 211 844 845 750 846 861 0 862[556] 864 891 750 892 893 319 894[750 616 413 207 229 207 229] 901 902 432 903[207 229 638 588] 907 908 244 909[207 229] 911 912 713 913 914 244 915[282 375] 917 918 713 919 920 244 921 922 713 923 924 244 925[563 526] 927 928 530 929[563 526] 931 932 530 933[563 526] 935 936 530 937 940 337 941 944 489 945 946 821 947 948 531 949 950 821 951 952 531 953 954 1098 955 956 846 957 958 1098 959 960 846 961 968 582 969[544 450 526 394 544 450 526 394] 977 978 789 979[268 263] 981 982 582 983[268 263] 985 986 601 987 988 394 989 990 506 991 992 207 993 994 338 995 996 394 997 998 526 999 1000 244 1001[282 375 450 394] 1005 1006 432 1007[638 588 638 588] 1011 1012 244 1013[544 601 544 601 544 601 544 601] 1021 1022 750 1023 1024 201 1025 1027 750 1028[165 211] 1030 1031 750 1032[209 237] 1034 1036 750 1037 1041 211 1042[226 750] 1044 1045 201 1046 1099 750 1100 1102 319 1103 1126 750 1127[125] 1129[2000 857 656 854 669] 1134 1149 0 1150[513] 1151 1152 834 1153 1186 0 1187[222 667 556 667 556 667 556 667 556 667 556 667 556 667 556 667 556 667 556 667 556 667 556 667 556 667 556 667 556 667 556 667 556 667 556 667 556 667 556 667 556 278 222 278 222 778 556 778 556 778 556 778 556 778 556 778 556 778 556 857 656 857 656 857 656 857 656 857 656 722 556 722 556 854 669 854 669 854 669 854 669 854 669 667 500 667 500 667 500 667 556 278 222 778 556 722 556 722 556 722 556 722 556 722 556] 1292 1295 0 1296[542 365 923 669 583 438 583 438 722 552 556 500 556 500 667 500 667 521 667 556 752 556 778 556 713 244 268 263 582] 1325 1330 244 1331[269] 1332 1333 207 1334 1335 333 1336 1338 207 1339[0 207 229 207 229 207 229 207 229] 1348 1351 432 1352[638 588] 1354 1355 713 1356 1357 244 1358 1359 713 1360 1361 244 1362 1363 713 1364 1365 244 1366 1367 713 1368 1369 244 1370 1371 713 1372 1373 244 1374 1375 713 1376 1377 244 1378 1379 713 1380 1381 244 1382[563 526] 1384 1385 530 1386[563 526] 1388 1389 530 1390[563 526] 1392 1393 530 1394[563 526] 1396 1397 530 1398[563 526] 1400 1401 530 1402[563 526] 1404 1405 530 1406 1423 337 1424 1439 489 1440 1441 821 1442 1443 531 1444 1445 821 1446 1447 531 1448 1449 821 1450 1451 531 1452 1453 1098 1454 1455 846 1456 1457 1098 1458 1459 846 1460 1461 582 1462[544 450 526 394] 1466 1468 789 1469[268 263] 1471 1472 789 1473[268 263] 1475 1476 789 1477[268 263] 1479 1480 789 1481[268 263] 1483 1484 789 1485[268 263] 1487 1490 582 1491[812 933 394 515 812 933 394 515] 1499 1500 601 1501 1502 394 1503 1504 601 1505 1506 394 1507 1508 601 1509 1510 394 1511[812 933 394 515 812 933 394 515 812 933 394 515 812 933 394 515 812 933 394 515] 1531 1532 506 1533 1534 207 1535 1536 506 1537 1538 207 1539 1540 506 1541 1542 207 1543 1544 506 1545 1546 207 1547 1548 526 1549 1550 244 1551 1556 526 1557 1558 244 1559 1560 526 1561[563 526] 1563 1564 530 1565[282 375] 1567 1569 388 1570 1585 432 1586[638 588 638 588] 1590 1591 244 1592 1593 432 1594[638 588] 1596 1597 244 1598[638 588] 1600 1603 812 1604[207] 1605 1611 0 1612[1123 1084] 1614 1619 0 1620[194 370] 1622 1623 0 1624[600] 1625 1627 0 1628 1629 821 1630 1631 531 1632 1633 1098 1634 1635 846 1636[544 450 526 394 413 338 282 244 320] 1645 1649 244 1650[812 933 247 0 342 493 544 601 544 601 544 601 544 601 544 601 544 601 544 601] 1670 1671 526 1672[544 601]] >> [113 0 R] << /BaseFont/PELNKU + Arial / DescendantFonts 114 0 R / Encoding / Identity - H / Subtype / Type0 / ToUnicode 90 0 R / Type / Font >> << /Ordering(Identity)/Registry (Adobe) / Supplement 0 >> << /Ascent 1007/CIDSet
91 0 R / CapHeight 663 / Descent - 307 / Flags 6 / FontBBox[-568 - 307 2000 1007] / FontFamily(Times New Roman) / FontFile2 92 0 R / FontName / UEZMCK + TimesNewRoman / FontStretch / Normal / FontWeight 400 / ItalicAngle 0 / StemV 80 / Type / FontDescriptor / XHeight 448 >> << /BaseFont/UEZMCK + TimesNewRoman / CIDSystemInfo 116 0 R / CIDToGIDMap / Identity / DW 1000 / FontDescriptor 117 0 R / Subtype / CIDFontType2 / Type / Font / W[0[778 0] 2 3 250 4[333 408] 6 7 500 8[833 778 180] 11 12 333 13[500 564 250 333 250 278] 19 28 500 29 30 278 31 33 564 34[444 921 722] 37 38 667 39[722 611 556] 42 43 722 44[333 389 722 611 889] 49 50 722 51[556 722 667 556 611] 56 57 722 58[944] 59 60 722 61[611 333 278 333 469 500 333 444 500 444 500 444 333] 74 75 500 76 77 278 78[500 278 778] 81 84 500 85[333 389 278] 88 89 500 90[722] 91 92 500 93[444 480 200 480 541] 98 99 722 100[667 611] 102 104 722 105 115 444 116 119 278 120 130 500 131[400] 132 134 500 135[350 453 500] 138 139 760 140[980] 141 142 333 143[549 889 722 713] 147 149 549 150[500 576 494 713 823 549 274 276 310 768 667 500 444 333 564 549 500 549 612] 169 170 500 172 174 722 175[889 722 500] 179 180 444 181 182 333 183[549 494 500 722 167 500] 189 190 333 191 192 556 193[500 250 333 444] 198[722 611 722] 201 202 611 203 206 333 207 212 722 213[278] 214 223 333 224[611 278 556 389 611 444 200 722 500 722 500 556 500] 237 238 564 239 241 300 242 244 750 245[500 722 500 333 556 389 667 444 667 444] 255 256 500 257[333 722 444 722 444 722 646 722 611 444 611 444 611 278 611 406 611 344 722 500 722 500 722 500 667 333 667 333 556 389 611 278 611 427 722 500 722 500 611 444 611 444 578 722 731 524 471 420 539 402 577 500 573 315 969] 313[500] 315[500] 317 318 500 319[979 722 564 600 564] 324 325 604 326 372 708 373[729 604] 376 379 990 380 382 604 383[1021 1052 917] 386 387 750 388[531 656 594 510 500 750 708 552 604 219 417 833 479 604] 402 403 354 404[604 354 722 444 667 444 667 444 611 444 611 444 611 444 722 500 722 500 722 500 722 500 722 500 333 278 333 278 333 278 333 278 389 278 722] 439 440 500 441[611 278 722 500 702 495 722 500 722 500 667 333 556 389 611 278 722 500 722 500 722 500 722 500 944] 466 467 722 468[500 278 722 444 889 667 722 500 278 944 722 944 722 944] 482 483 722 484[500] 485 486 333 487[500 600] 489 492 750 493 496 333 497[722 694 808 411 722 816 743 269 722 667 643] 508 509 611 510[722 333 722 725 889 722 643] 517 518 722 519[556 582 611] 522 523 722 524[738 743 333 722 524 420 523 269 495 509 442 414 523 479 269 504 485 536 452 446 500 499 396 495 444 626 658 269 495 500 495 658 611 752 578 660 556] 561 562 333 563[389] 564 565 872 566[741 667 708] 569 570 722 571[574 667 578 682 611 896 501] 578 579 722 580[667 678 889] 583 585 722 586[556 667 611 708 790] 591 592 722 593[650] 594 595 1009 596[706 872 574 660 1028 667 444 509 472 410 509 444 691 395] 610 611 535 612[486 499 633 535 500 535 500 444 437 500 648 500 535 503] 626 627 770 628[517 672 456 429 747 460 444 483 410 429 389] 639 641 278 642[727 723 500 486 500 535 450 351] 651[954 505] 653 665 333 666[356 333 291] 669 670 343 671[278 481 455 335 419 471 279 286 477 476 267 452 433 432 507 485 274 305 475] 690 691 454 692[440 482 460 474 469 610 500 557 545 533 209 372 776 279] 706 707 452 708 709 432 710[454] 711 714 610 715 717 481 718[455 335 419 471 279 309 476 267 452 433 432 485 305 475 454 440 460 474 469 610 500 279 455 433 440 502] 744 747 0 748 749 319 750[356 413 207 201 237] 755 756 201 757[209 201 211 165] 761 771 526 772[319 526] 774 775 750 776[282 750] 778 780 526 781 785 750 786[211] 787 794 750 795[638] 796 798 750 799 800 713 801 802 244 803 806 750 807[563 526] 809 810 530 811 812 489 813[812 933 394 515 812 933 394 515 638 588] 823 838 750 839[226] 840 843 211 844 861 750 862[500] 864 891 750 892 893 319 894[750 616 413 207 229 207 229] 901 902 432 903[207 229 638 588] 907 908 244 909[207 229] 911 912 713 913 914 244 915[282 375] 917 918 713 919 920 244 921 922 713 923 924 244 925[563 526] 927 928 530 929[563 526] 931 932 530 933[563 526] 935 936 530 937 940 337 941 944 489 945 946 821 947 948 531 949 950 821 951 952 531 953 954 1098 955 956 846 957 958 1098 959 960 846 961 968 582 969[544 450 526 394 544 450 526 394] 977 978 789 979[268 263] 981 982 582 983[268 263] 985 986 601 987 988 394 989 990 506 991 992 207 993 994 338 995 996 394 997 998 526 999 1000 244 1001[282 375 450 394] 1005 1006 432 1007[638 588 638 588] 1011 1012 244 1013[544 601 544 601 544 601 544 601] 1021 1022 750 1023 1024 201 1025 1027 750 1028[165 211] 1030 1031 750 1032[209 237] 1034 1036 750 1037 1041 211 1042[226 750] 1044 1045 201 1046 1099 750 1100 1102 319 1103 1126 750 1127[125] 1129[2000 722 529 776 542] 1134 1149 0 1150[513] 1151 1152 750 1153 1186 0 1187[278 722 444 722 444 722 444 722 444 722 444 722 444 722 444 722 444 722 444 722 444 722 444 722 444 611 444 611 444 611 444 611 444 611 444 611 444 611 444 611 444 333 278 333 278 722 500 722 500 722 500 722 500 722 500 722 500 722 500 722 529 722 529 722 529 722 529 722 529 722 500 722 500 776 542 776 542 776 542 776 542 776 542 722 500 722 500 722 500 722 444 333 278 722 500 722 500 722 500 722 500 722 500 722 500] 1292 1295 0 1296[578 410 896 691 667 486 667 486 722 535 722 500 722 500 722 500 650 503 650 500 722 444 722 500 713 244 268 263 582] 1325 1330 244 1331[269] 1332 1333 207 1334 1335 333 1336 1338 207 1339[0 207 229 207 229 207 229 207 229] 1348 1351 432 1352[638 588] 1354 1355 713 1356 1357 244 1358 1359 713 1360 1361 244 1362 1363 713 1364 1365 244 1366 1367 713 1368 1369 244 1370 1371 713 1372 1373 244 1374 1375 713 1376 1377 244 1378 1379 713 1380 1381 244 1382[563 526] 1384 1385 530 1386[563 526] 1388 1389 530 1390[563 526] 1392 1393 530 1394[563 526] 1396 1397 530 1398[563 526] 1400 1401 530 1402[563 526] 1404 1405 530 1406 1423 337 1424 1439 489 1440 1441 821 1442 1443 531 1444 1445 821 1446 1447 531 1448 1449 821 1450 1451 531 1452 1453 1098 1454 1455 846 1456 1457 1098 1458 1459 846 1460 1461 582 1462[544 450 526 394] 1466 1468 789 1469[268 263] 1471 1472 789 1473[268 263] 1475 1476 789 1477[268 263] 1479 1480 789 1481[268 263] 1483 1484 789 1485[268 263] 1487 1490 582 1491[812 933 394 515 812 933 394 515] 1499 1500 601 1501 1502 394 1503 1504 601 1505 1506 394 1507 1508 601 1509 1510 394 1511[812 933 394 515 812 933 394 515 812 933 394 515 812 933 394 515 812 933 394 515] 1531 1532 506 1533 1534 207 1535 1536 506 1537 1538 207 1539 1540 506 1541 1542 207 1543 1544 506 1545 1546 207 1547 1548 526 1549 1550 244 1551 1556 526 1557 1558 244 1559 1560 526 1561[563 526] 1563 1564 530 1565[282 375] 1567 1569 388 1570 1585 432 1586[638 588 638 588] 1590 1591 244 1592 1593 432 1594[638 588] 1596 1597 244 1598[638 588] 1600 1603 812 1604[207] 1605 1611 0 1612[1123 1084] 1614 1619 0 1620[194 370] 1622 1623 0 1624[600] 1625 1627 0 1628 1629 821 1630 1631 531 1632 1633 1098 1634 1635 846 1636[544 450 526 394 413 338 282 244 320] 1645 1649 244 1650[812 933 267 0 342 533 544 601 544 601 544 601 544 601 544 601 544 601 544 601] 1670 1671 526 1672[544 601]] >> [118 0 R] << /BaseFont/UEZMCK + TimesNewRoman / DescendantFonts 119 0 R / Encoding / Identity - H / Subtype / Type0 / ToUnicode 93 0 R / Type / Font >> << /BaseFont/Times - Italic / Encoding / WinAnsiEncoding / Subtype / Type1 / ToUnicode 94 0 R / Type / Font >> << /S/URI / Type / A / URI(www.copyrigbt.gov / docs / fees.btml) >> << /S/URI / Type / A / URI(mailto: AddressofDesignatedA.gent: _a_b_us_e_@_c_irs_.us) >> << /S/URI / Type / A / URI(http: Infringement: ....;, S_co_t.;.;.tM......;.;., cB;;;...re) >>

