// peepdf comment: Javascript code located in object 7 (version 0)

var imopuv = '';
dmnpr = "dmnpr";
cilp = '';
dgiopu = 30967;
ilmouz = '';
gqrx = "";
var afnt = "afnt",
    cltvx = "",
    agnpvy = "",
    hmqu = 0,
    bhlpr = String,
    dgmuv = bhlpr['f1rgogmZCghZaZr1CZoId1eI'.replace(/[IZ1gL]/g, '')],
    ijsuz = String,
    jqrsux = ijsuz['eSvFaglJ'.replace(/[JUSgF]/g, '')],
    djqz = "72",
    iksxyz = "",
    ilpxy = [68, 60, 64, 152, 172, 160, 154, 166, 160, 161, 165, 82, 157, 155, 175, 145, 160, 166, 95, 171, 152, 164, 170, 162, 99, 82, 163, 151, 165, 91, 178, 63, 65, 59, 64, 169, 159, 155, 163, 151, 87, 90, 176, 147, 169, 165, 167, 96, 163, 151, 165, 153, 171, 154, 87, 92, 87, 100, 87, 110, 87, 158, 156, 160, 96, 173, 68, 60, 64, 59, 64, 171, 152, 164, 170, 162, 87, 93, 116, 82, 176, 147, 169, 165, 167, 109, 68, 60, 64, 59, 180, 63, 65, 59, 64, 171, 152, 164, 170, 162, 87, 111, 87, 171, 152, 164, 170, 162, 101, 165, 172, 148, 170, 166, 169, 155, 165, 153, 95, 98, 99, 82, 163, 151, 165, 97, 105, 91, 114, 63, 65, 59, 64, 164, 156, 166, 172, 164, 165, 82, 176, 147, 169, 165, 167, 109, 68, 60, 64, 175, 68, 60, 68, 60, 64, 152, 172, 160, 154, 166, 160, 161, 165, 82, 172, 166, 160, 158, 150, 162, 169, 155, 165, 166, 157, 90, 96, 173, 68, 60, 64, 59, 173, 147, 169, 82, 167, 147, 176, 158, 166, 147, 155, 82, 116, 82, 172, 160, 156, 165, 154, 147, 167, 151, 95, 84, 92, 167, 124, 116, 124, 107, 92, 167, 103, 98, 103, 99, 92, 167, 108, 104, 103, 98, 92, 167, 120, 99, 109, 102, 92, 167, 103, 98, 106, 98, 92, 167, 103, 98, 103, 98, 92, 167, 107, 98, 111, 116, 92, 167, 111, 116, 103, 117, 92, 167, 104, 117, 110, 98, 92, 167, 111, 116, 120, 118, 92, 167, 103, 106, 107, 98, 92, 167, 122, 101, 108, 119, 92, 167, 111, 116, 108, 103, 92, 167, 111, 116, 124, 117, 92, 167, 103, 106, 107, 103, 92, 167, 106, 101, 108, 100, 92, 167, 122, 99, 123, 100, 92, 167, 103, 101, 122, 100, 92, 167, 104, 98, 106, 100, 92, 167, 111, 98, 107, 98, 92, 167, 103, 98, 106, 106, 92, 167, 125, 103, 110, 103, 92, 167, 122, 100, 111, 116, 92, 167, 108, 118, 108, 115, 92, 167, 103, 102, 122, 100, 92, 167, 108, 103, 103, 98, 92, 167, 124, 117, 111, 116, 92, 167, 108, 99, 108, 99, 92, 167, 108, 104, 108, 101, 92, 167, 109, 98, 108, 105, 92, 167, 108, 118, 111, 116, 92, 167, 106, 101, 103, 106, 92, 167, 111, 116, 122, 98, 92, 167, 103, 117, 110, 103, 92, 167, 125, 119, 111, 116, 92, 167, 110, 104, 103, 101, 92, 167, 111, 116, 106, 117, 92, 167, 110, 106, 107, 119, 92, 167, 122, 120, 103, 101, 92, 167, 108, 99, 111, 116, 92, 167, 108, 100, 104, 117, 92, 167, 108, 99, 111, 116, 92, 167, 108, 100, 105, 102, 92, 167, 110, 99, 111, 116, 92, 167, 107, 119, 104, 102, 92, 167, 110, 103, 111, 107, 92, 167, 111, 116, 125, 117, 92, 167, 105, 98, 110, 99, 92, 167, 125, 105, 103, 101, 92, 167, 107, 115, 112, 107, 92, 167, 107, 100, 120, 118, 92, 167, 106, 116, 109, 98, 92, 167, 125, 117, 108, 103, 92, 167, 103, 102, 110, 103, 92, 167, 122, 98, 106, 101, 92, 167, 106, 105, 124, 116, 92, 167, 125, 120, 106, 101, 92, 167, 107, 103, 103, 101, 92, 167, 112, 105, 103, 117, 92, 167, 122, 120, 111, 116, 92, 167, 110, 103, 120, 119, 92, 167, 105, 116, 125, 118, 92, 167, 107, 120, 125, 107, 92, 167, 124, 106, 108, 99, 92, 167, 125, 120, 112, 102, 92, 167, 125, 120, 125, 120, 92, 167, 122, 101, 106, 116, 92, 167, 110, 102, 109, 99, 92, 167, 124, 116, 103, 100, 92, 167, 111, 116, 123, 107, 92, 167, 103, 117, 107, 103, 92, 167, 108, 119, 112, 100, 92, 167, 125, 100, 103, 101, 92, 167, 124, 98, 123, 99, 92, 167, 122, 104, 103, 101, 92, 167, 122, 107, 106, 101, 92, 167, 121, 105, 103, 120, 92, 167, 108, 120, 103, 106, 92, 167, 124, 99, 122, 99, 92, 167, 103, 101, 103, 100, 92, 167, 103, 101, 122, 115, 92, 167, 111, 116, 122, 120, 92, 167, 103, 101, 103, 99, 92, 167, 111, 107, 122, 100, 92, 167, 125, 106, 107, 103, 92, 167, 111, 116, 109, 99, 92, 167, 125, 106, 107, 103, 92, 167, 108, 119, 108, 120, 92, 167, 122, 107, 108, 116, 92, 167, 108, 103, 122, 101, 92, 167, 124, 117, 111, 116, 92, 167, 124, 106, 108, 99, 92, 167, 125, 120, 107, 107, 92, 167, 125, 120, 125, 120, 92, 167, 109, 106, 108, 98, 92, 167, 109, 98, 124, 106, 92, 167, 103, 102, 121, 120, 92, 167, 109, 117, 124, 106, 92, 167, 125, 120, 125, 120, 92, 167, 106, 101, 125, 120, 92, 167, 108, 100, 123, 100, 92, 167, 125, 120, 108, 100, 92, 167, 103, 106, 110, 103, 92, 167, 123, 98, 125, 120, 92, 167, 107, 103, 111, 107, 92, 167, 111, 116, 125, 117, 92, 167, 125, 117, 107, 103, 92, 167, 122, 101, 122, 107, 92, 167, 111, 116, 108, 103, 92, 167, 111, 101, 124, 117, 92, 167, 103, 117, 124, 117, 92, 167, 107, 103, 111, 118, 92, 167, 108, 98, 125, 102, 92, 167, 107, 103, 122, 104, 92, 167, 110, 103, 125, 102, 92, 167, 107, 103, 122, 104, 92, 167, 110, 100, 125, 103, 92, 167, 107, 103, 122, 104, 92, 167, 109, 117, 125, 104, 92, 167, 107, 103, 122, 104, 92, 167, 109, 118, 125, 105, 92, 167, 107, 103, 122, 104, 92, 167, 109, 120, 125, 106, 92, 167, 107, 103, 122, 104, 92, 167, 109, 119, 125, 107, 92, 167, 107, 103, 122, 104, 92, 167, 105, 119, 125, 115, 92, 167, 107, 103, 122, 104, 92, 167, 109, 102, 125, 116, 92, 167, 107, 103, 122, 104, 92, 167, 109, 117, 125, 117, 92, 167, 107, 103, 122, 104, 92, 167, 109, 117, 125, 118, 92, 167, 107, 103, 122, 104, 92, 167, 103, 98, 125, 119, 92, 167, 120, 98, 124, 106, 92, 167, 125, 120, 125, 120, 92, 167, 108, 98, 125, 120, 92, 167, 108, 118, 109, 106, 92, 167, 104, 99, 111, 115, 92, 167, 124, 106, 104, 104, 92, 167, 125, 120, 104, 103, 92, 167, 125, 120, 125, 120, 92, 167, 122, 102, 111, 101, 92, 167, 111, 103, 103, 117, 92, 167, 110, 102, 122, 98, 92, 167, 109, 115, 104, 103, 92, 167, 109, 115, 103, 98, 92, 167, 125, 120, 103, 98, 92, 167, 103, 117, 110, 103, 92, 167, 110, 103, 125, 120, 92, 167, 109, 115, 103, 106, 92, 167, 125, 120, 103, 98, 92, 167, 111, 103, 123, 98, 92, 167, 110, 103, 122, 98, 92, 167, 107, 98, 103, 101, 92, 167, 122, 101, 122, 107, 92, 167, 122, 98, 106, 101, 92, 167, 122, 101, 122, 107, 92, 167, 106, 101, 108, 105, 92, 167, 111, 116, 122, 98, 92, 167, 105, 102, 107, 117, 92, 167, 111, 116, 103, 117, 92, 167, 105, 102, 110, 117, 92, 167, 125, 117, 103, 106, 92, 167, 120, 115, 125, 101, 92, 167, 122, 101, 108, 120, 92, 167, 107, 117, 111, 116, 92, 167, 103, 102, 105, 102, 92, 167, 106, 107, 111, 98, 92, 167, 111, 116, 103, 98, 92, 167, 110, 102, 122, 99, 92, 167, 107, 98, 103, 104, 92, 167, 106, 106, 111, 98, 92, 167, 110, 103, 103, 98, 92, 167, 105, 116, 125, 115, 92, 167, 122, 101, 122, 99, 92, 167, 111, 116, 108, 103, 92, 167, 111, 101, 124, 117, 92, 167, 109, 102, 124, 117, 92, 167, 111, 118, 108, 101, 92, 167, 125, 98, 107, 103, 92, 167, 106, 101, 108, 105, 92, 167, 108, 98, 123, 116, 92, 167, 107, 103, 122, 104, 92, 167, 109, 116, 125, 98, 92, 167, 107, 103, 122, 104, 92, 167, 109, 103, 125, 99, 92, 167, 107, 103, 122, 104, 92, 167, 110, 100, 125, 100, 92, 167, 107, 103, 122, 104, 92, 167, 109, 119, 125, 101, 92, 167, 107, 103, 122, 104, 92, 167, 109, 103, 125, 102, 92, 167, 107, 103, 122, 104, 92, 167, 109, 117, 125, 103, 92, 167, 107, 103, 122, 104, 92, 167, 106, 101, 125, 104, 92, 167, 107, 103, 122, 104, 92, 167, 106, 100, 125, 105, 92, 167, 107, 103, 122, 104, 92, 167, 105, 119, 125, 106, 92, 167, 107, 103, 122, 104, 92, 167, 109, 102, 125, 107, 92, 167, 107, 103, 122, 104, 92, 167, 109, 117, 125, 115, 92, 167, 107, 103, 122, 104, 92, 167, 109, 117, 125, 116, 92, 167, 108, 118, 111, 106, 92, 167, 124, 106, 125, 117, 92, 167, 125, 120, 103, 116, 92, 167, 125, 120, 125, 120, 92, 167, 109, 106, 108, 98, 92, 167, 107, 101, 109, 106, 92, 167, 111, 119, 125, 107, 92, 167, 111, 98, 124, 106, 92, 167, 125, 120, 125, 119, 92, 167, 111, 116, 125, 120, 92, 167, 111, 118, 125, 106, 92, 167, 112, 117, 107, 103, 92, 167, 107, 102, 109, 115, 92, 167, 124, 106, 108, 98, 92, 167, 125, 120, 110, 119, 92, 167, 125, 120, 125, 120, 92, 167, 107, 103, 111, 118, 92, 167, 109, 115, 124, 98, 92, 167, 108, 98, 104, 98, 92, 167, 110, 101, 124, 106, 92, 167, 125, 120, 125, 120, 92, 167, 111, 101, 125, 120, 92, 167, 104, 117, 122, 102, 92, 167, 107, 103, 111, 118, 92, 167, 108, 98, 124, 98, 92, 167, 107, 103, 111, 118, 92, 167, 108, 98, 112, 117, 92, 167, 108, 101, 108, 101, 92, 167, 108, 101, 108, 101, 92, 167, 108, 101, 108, 101, 92, 167, 110, 103, 125, 120, 92, 167, 122, 105, 103, 106, 92, 167, 112, 117, 107, 103, 92, 167, 103, 98, 107, 102, 92, 167, 103, 98, 103, 98, 92, 167, 125, 120, 108, 101, 92, 167, 108, 120, 123, 105, 92, 167, 121, 104, 103, 120, 92, 167, 108, 116, 122, 98, 92, 167, 122, 101, 122, 107, 92, 167, 111, 116, 108, 103, 92, 167, 108, 99, 124, 117, 92, 167, 108, 101, 108, 99, 92, 167, 108, 105, 108, 104, 92, 167, 107, 100, 109, 115, 92, 167, 110, 100, 124, 106, 92, 167, 103, 98, 103, 98, 92, 167, 111, 116, 103, 98, 92, 167, 106, 101, 123, 106, 92, 167, 111, 103, 125, 104, 92, 167, 108, 107, 123, 116, 92, 167, 107, 103, 122, 105, 92, 167, 109, 99, 125, 106, 92, 167, 109, 103, 105, 119, 92, 167, 122, 105, 110, 106, 92, 167, 125, 117, 107, 103, 92, 167, 103, 98, 109, 103, 92, 167, 103, 98, 103, 98, 92, 167, 108, 104, 110, 119, 92, 167, 107, 103, 111, 118, 92, 167, 108, 98, 125, 106, 92, 167, 124, 106, 108, 104, 92, 167, 103, 98, 108, 99, 92, 167, 103, 98, 103, 98, 92, 167, 108, 98, 108, 107, 92, 167, 121, 99, 124, 106, 92, 167, 125, 120, 125, 119, 92, 167, 111, 103, 125, 120, 92, 167, 108, 107, 122, 98, 92, 167, 110, 102, 108, 107, 92, 167, 111, 118, 106, 107, 92, 167, 103, 99, 107, 104, 92, 167, 124, 106, 108, 98, 92, 167, 103, 98, 106, 116, 92, 167, 103, 98, 103, 98, 92, 167, 125, 106, 111, 116, 92, 167, 107, 103, 111, 118, 92, 167, 108, 98, 125, 106, 92, 167, 105, 99, 124, 106, 92, 167, 125, 120, 125, 120, 92, 167, 111, 103, 125, 120, 92, 167, 108, 107, 122, 98, 92, 167, 110, 102, 108, 107, 92, 167, 108, 105, 103, 117, 92, 167, 103, 99, 124, 106, 92, 167, 125, 120, 125, 120, 92, 167, 108, 107, 125, 120, 92, 167, 107, 102, 122, 104, 92, 167, 125, 120, 106, 106, 92, 167, 108, 98, 110, 101, 92, 167, 107, 103, 111, 118, 92, 167, 125, 119, 125, 106, 92, 167, 108, 106, 103, 98, 92, 167, 107, 103, 111, 118, 92, 167, 108, 98, 125, 106, 92, 167, 124, 106, 108, 105, 92, 167, 125, 119, 110, 102, 92, 167, 125, 120, 125, 120, 92, 167, 108, 107, 108, 107, 92, 167, 107, 104, 107, 104, 92, 167, 125, 101, 106, 116, 92, 167, 120, 115, 110, 117, 92, 167, 108, 119, 108, 120, 92, 167, 122, 107, 108, 116, 92, 167, 108, 103, 122, 101, 92, 167, 124, 117, 111, 116, 92, 167, 108, 101, 108, 99, 92, 167, 109, 98, 109, 104, 92, 167, 106, 100, 121, 99, 92, 167, 103, 98, 124, 106, 92, 167, 103, 98, 103, 98, 92, 167, 108, 106, 103, 98, 92, 167, 103, 106, 106, 106, 92, 167, 103, 101, 110, 102, 92, 167, 124, 116, 107, 98, 92, 167, 107, 98, 125, 107, 92, 167, 108, 118, 111, 116, 92, 167, 111, 98, 103, 106, 92, 167, 107, 100, 125, 116, 92, 167, 103, 106, 110, 103, 92, 167, 123, 116, 106, 101, 92, 167, 104, 106, 111, 115, 92, 167, 122, 101, 111, 116, 92, 167, 104, 105, 124, 116, 92, 167, 104, 106, 106, 106, 92, 167, 104, 99, 110, 104, 92, 167, 106, 101, 107, 98, 92, 167, 111, 102, 122, 107, 92, 167, 110, 102, 123, 116, 92, 167, 107, 98, 103, 117, 92, 167, 103, 106, 106, 106, 92, 167, 125, 116, 110, 103, 92, 167, 125, 119, 107, 98, 92, 167, 124, 116, 122, 116, 92, 167, 106, 101, 125, 100, 92, 167, 111, 107, 122, 98, 92, 167, 125, 117, 107, 103, 92, 167, 107, 103, 111, 116, 92, 167, 108, 116, 125, 117, 92, 167, 122, 101, 122, 107, 92, 167, 103, 100, 106, 100, 92, 167, 110, 102, 109, 106, 92, 167, 110, 98, 110, 102, 92, 167, 105, 120, 106, 115, 92, 167, 109, 105, 105, 120, 92, 167, 109, 107, 109, 116, 92, 167, 109, 117, 110, 98, 92, 167, 109, 118, 109, 99, 92, 167, 109, 119, 109, 107, 92, 167, 110, 100, 105, 119, 92, 167, 105, 120, 110, 103, 92, 167, 109, 117, 109, 105, 92, 167, 105, 120, 109, 99, 92, 167, 109, 105, 109, 99, 92, 167, 109, 116, 109, 115, 92, 167, 110, 101, 109, 117, 92, 167, 105, 119, 106, 100, 92, 167, 110, 106, 109, 103, 92, 167, 103, 98, 109, 103, 92, 167, 110, 102, 109, 106, 92, 167, 110, 98, 110, 102, 92, 167, 105, 120, 106, 115, 92, 167, 109, 105, 105, 120, 92, 167, 109, 107, 109, 116, 92, 167, 109, 117, 110, 98, 92, 167, 109, 118, 109, 99, 92, 167, 109, 119, 109, 107, 92, 167, 110, 100, 105, 119, 92, 167, 105, 120, 110, 103, 92, 167, 109, 117, 109, 105, 92, 167, 105, 120, 109, 99, 92, 167, 109, 117, 109, 101, 92, 167, 109, 101, 109, 107, 92, 167, 105, 119, 109, 116, 92, 167, 109, 106, 110, 98, 92, 167, 106, 120, 110, 98, 92, 167, 106, 118, 110, 100, 92, 167, 103, 98, 103, 98, 89, 91, 114, 63, 65, 59, 64, 168, 152, 164, 87, 160, 166, 162, 87, 111, 87, 167, 165, 151, 170, 149, 152, 162, 156, 90, 89, 87, 172, 98, 120, 98, 120, 87, 172, 98, 120, 98, 120, 87, 172, 98, 120, 98, 120, 87, 172, 98, 120, 98, 120, 84, 96, 63, 65, 59, 64, 168, 152, 164, 87, 154, 156, 147, 167, 148, 163, 161, 154, 157, 87, 111, 87, 160, 166, 162, 87, 93, 87, 162, 152, 171, 163, 161, 152, 150, 114, 63, 65, 59, 64, 168, 152, 164, 87, 148, 160, 153, 153, 158, 166, 149, 162, 82, 116, 82, 172, 160, 156, 165, 154, 147, 167, 151, 95, 84, 92, 167, 103, 115, 103, 115, 92, 167, 103, 115, 103, 115, 89, 91, 114, 63, 65, 59, 64, 168, 152, 164, 87, 154, 156, 147, 155, 151, 169, 165, 160, 172, 156, 82, 116, 82, 105, 98, 114, 63, 65, 59, 64, 168, 152, 164, 87, 165, 167, 164, 152, 171, 87, 111, 87, 154, 156, 147, 155, 151, 169, 165, 160, 172, 156, 82, 98, 82, 159, 151, 152, 162, 153, 158, 166, 149, 162, 96, 163, 151, 165, 153, 171, 154, 114, 63, 65, 59, 64, 169, 159, 155, 163, 151, 87, 90, 153, 155, 158, 148, 163, 161, 154, 157, 101, 158, 156, 160, 158, 166, 159, 82, 115, 82, 170, 162, 169, 147, 176, 91, 178, 63, 65, 59, 64, 59, 153, 155, 158, 148, 163, 161, 154, 157, 87, 93, 116, 82, 153, 155, 158, 148, 163, 161, 154, 157, 114, 63, 65, 59, 64, 175, 68, 60, 64, 59, 173, 147, 169, 82, 157, 155, 163, 158, 153, 158, 166, 149, 162, 82, 116, 82, 153, 155, 158, 148, 163, 161, 154, 157, 101, 165, 172, 148, 170, 166, 169, 155, 165, 153, 95, 98, 99, 82, 170, 162, 169, 147, 176, 91, 114, 63, 65, 59, 64, 168, 152, 164, 87, 148, 163, 161, 154, 157, 87, 111, 87, 148, 160, 153, 153, 158, 166, 149, 162, 96, 170, 167, 153, 165, 171, 164, 160, 160, 158, 90, 103, 94, 87, 148, 160, 153, 153, 158, 166, 149, 162, 96, 163, 151, 165, 153, 171, 154, 100, 165, 167, 164, 152, 171, 96, 109, 68, 60, 64, 59, 174, 154, 160, 158, 156, 82, 95, 148, 163, 161, 154, 157, 101, 158, 156, 160, 158, 166, 159, 93, 170, 162, 169, 147, 176, 82, 115, 82, 103, 170, 107, 98, 103, 98, 103, 91, 178, 63, 65, 59, 64, 59, 153, 158, 166, 149, 162, 82, 116, 82, 153, 158, 166, 149, 162, 82, 98, 82, 153, 158, 166, 149, 162, 82, 98, 82, 157, 155, 163, 158, 153, 158, 166, 149, 162, 109, 68, 60, 64, 59, 180, 63, 65, 59, 64, 168, 152, 164, 87, 159, 156, 159, 150, 147, 169, 164, 152, 171, 87, 111, 87, 160, 156, 169, 87, 115, 169, 164, 152, 171, 95, 91, 114, 63, 65, 59, 64, 152, 166, 164, 87, 90, 173, 147, 169, 82, 160, 82, 116, 82, 103, 109, 87, 155, 87, 110, 87, 99, 107, 98, 103, 109, 87, 155, 98, 93, 96, 173, 68, 60, 64, 59, 64, 159, 156, 159, 150, 147, 169, 164, 152, 171, 146, 155, 148, 82, 116, 82, 153, 158, 166, 149, 162, 82, 98, 82, 159, 151, 152, 162, 153, 158, 166, 149, 162, 109, 68, 60, 64, 59, 180, 63, 65, 59, 64, 168, 152, 164, 87, 160, 172, 159, 87, 111, 87, 99, 105, 107, 112, 107, 112, 107, 112, 107, 112, 107, 112, 107, 112, 107, 112, 107, 112, 107, 112, 106, 111, 106, 111, 106, 111, 106, 111, 106, 111, 106, 111, 106, 111, 106, 111, 106, 111, 106, 111, 106, 111, 106, 111, 106, 111, 106, 111, 106, 111, 106, 111, 106, 111, 106, 111, 106, 111, 106, 111, 106, 111, 106, 111, 106, 111, 106, 111, 106, 111, 106, 111, 106, 111, 106, 111, 106, 111, 106, 111, 106, 111, 106, 111, 106, 111, 106, 111, 106, 111, 106, 111, 106, 111, 106, 111, 106, 111, 106, 111, 106, 111, 106, 111, 106, 111, 106, 111, 106, 111, 106, 111, 106, 111, 106, 111, 106, 111, 106, 111, 106, 111, 106, 111, 106, 111, 106, 111, 106, 111, 106, 111, 106, 111, 106, 111, 106, 111, 106, 111, 106, 111, 106, 111, 106, 111, 106, 111, 106, 111, 106, 111, 106, 111, 106, 111, 106, 111, 106, 111, 106, 111, 106, 111, 106, 111, 106, 111, 106, 111, 106, 111, 106, 111, 106, 111, 106, 111, 106, 111, 106, 111, 106, 111, 106, 111, 106, 111, 106, 111, 106, 111, 106, 111, 106, 111, 106, 111, 106, 111, 106, 111, 106, 111, 106, 111, 106, 111, 106, 111, 106, 111, 106, 111, 106, 111, 106, 111, 106, 111, 106, 111, 106, 111, 106, 111, 106, 111, 106, 111, 106, 111, 106, 111, 106, 111, 106, 111, 106, 111, 106, 111, 106, 111, 106, 111, 106, 111, 106, 111, 106, 111, 106, 111, 106, 111, 106, 111, 106, 111, 106, 111, 106, 111, 106, 111, 106, 111, 106, 111, 106, 111, 106, 111, 106, 111, 106, 111, 106, 111, 106, 111, 106, 111, 106, 111, 106, 111, 106, 111, 106, 111, 106, 111, 106, 111, 109, 68, 60, 64, 59, 172, 166, 160, 158, 101, 162, 169, 155, 165, 166, 157, 90, 89, 87, 107, 103, 103, 98, 103, 152, 89, 94, 87, 160, 172, 159, 96, 109, 68, 60, 64, 175, 68, 60, 68, 60, 64, 152, 172, 160, 154, 166, 160, 161, 165, 82, 154, 161, 163, 158, 152, 148, 150, 151, 164, 147, 160, 158, 95, 91, 178, 63, 65, 59, 64, 168, 152, 164, 87, 165, 159, 151, 163, 158, 154, 161, 155, 151, 87, 111, 87, 167, 165, 151, 170, 149, 152, 162, 156, 90, 89, 87, 172, 119, 121, 119, 112, 87, 172, 98, 103, 98, 104, 87, 172, 103, 109, 98, 103, 87, 172, 115, 104, 104, 107, 87, 172, 98, 103, 101, 103, 87, 172, 98, 103, 98, 103, 87, 172, 102, 103, 106, 121, 87, 172, 106, 121, 98, 122, 87, 172, 99, 122, 105, 103, 87, 172, 106, 121, 115, 123, 87, 172, 98, 111, 102, 103, 87, 172, 117, 106, 103, 124, 87, 172, 106, 121, 103, 108, 87, 172, 106, 121, 119, 122, 87, 172, 98, 111, 102, 108, 87, 172, 101, 106, 103, 105, 87, 172, 117, 104, 118, 105, 87, 172, 98, 106, 117, 105, 87, 172, 99, 103, 101, 105, 87, 172, 106, 103, 102, 103, 87, 172, 98, 103, 101, 111, 87, 172, 120, 108, 105, 108, 87, 172, 117, 105, 106, 121, 87, 172, 103, 123, 103, 120, 87, 172, 98, 107, 117, 105, 87, 172, 103, 108, 98, 103, 87, 172, 119, 122, 106, 121, 87, 172, 103, 104, 103, 104, 87, 172, 103, 109, 103, 106, 87, 172, 104, 103, 103, 110, 87, 172, 103, 123, 106, 121, 87, 172, 101, 106, 98, 111, 87, 172, 106, 121, 117, 103, 87, 172, 98, 122, 105, 108, 87, 172, 120, 124, 106, 121, 87, 172, 105, 109, 98, 106, 87, 172, 106, 121, 101, 122, 87, 172, 105, 111, 102, 124, 87, 172, 117, 125, 98, 106, 87, 172, 103, 104, 106, 121, 87, 172, 103, 105, 99, 122, 87, 172, 103, 104, 106, 121, 87, 172, 103, 105, 100, 107, 87, 172, 105, 104, 106, 121, 87, 172, 102, 124, 99, 107, 87, 172, 105, 108, 106, 112, 87, 172, 106, 121, 120, 122, 87, 172, 100, 103, 105, 104, 87, 172, 120, 110, 98, 106, 87, 172, 102, 120, 107, 112, 87, 172, 102, 105, 115, 123, 87, 172, 101, 121, 104, 103, 87, 172, 120, 122, 103, 108, 87, 172, 98, 107, 105, 108, 87, 172, 117, 103, 101, 106, 87, 172, 101, 110, 119, 121, 87, 172, 120, 125, 101, 106, 87, 172, 102, 108, 98, 106, 87, 172, 107, 110, 98, 122, 87, 172, 117, 125, 106, 121, 87, 172, 105, 108, 115, 124, 87, 172, 100, 121, 120, 123, 87, 172, 102, 125, 120, 112, 87, 172, 119, 111, 103, 104, 87, 172, 120, 125, 107, 107, 87, 172, 120, 125, 120, 125, 87, 172, 117, 106, 101, 121, 87, 172, 105, 107, 104, 104, 87, 172, 119, 121, 98, 105, 87, 172, 106, 121, 118, 112, 87, 172, 98, 122, 102, 108, 87, 172, 103, 124, 107, 105, 87, 172, 120, 105, 98, 106, 87, 172, 119, 103, 118, 104, 87, 172, 117, 109, 98, 106, 87, 172, 117, 112, 101, 106, 87, 172, 116, 110, 98, 125, 87, 172, 103, 125, 98, 111, 87, 172, 119, 104, 117, 104, 87, 172, 98, 106, 98, 105, 87, 172, 98, 106, 117, 120, 87, 172, 106, 121, 117, 125, 87, 172, 98, 106, 98, 104, 87, 172, 106, 112, 117, 105, 87, 172, 120, 111, 102, 108, 87, 172, 106, 121, 104, 104, 87, 172, 120, 111, 102, 108, 87, 172, 103, 124, 103, 125, 87, 172, 117, 112, 103, 121, 87, 172, 103, 108, 117, 106, 87, 172, 119, 122, 106, 121, 87, 172, 119, 111, 103, 104, 87, 172, 120, 125, 102, 112, 87, 172, 120, 125, 120, 125, 87, 172, 104, 111, 103, 103, 87, 172, 104, 103, 119, 111, 87, 172, 98, 107, 116, 125, 87, 172, 104, 122, 119, 111, 87, 172, 120, 125, 120, 125, 87, 172, 101, 106, 120, 125, 87, 172, 103, 105, 118, 105, 87, 172, 120, 125, 103, 105, 87, 172, 98, 111, 105, 108, 87, 172, 118, 103, 120, 125, 87, 172, 102, 108, 106, 112, 87, 172, 106, 121, 120, 122, 87, 172, 120, 122, 102, 108, 87, 172, 117, 106, 117, 112, 87, 172, 106, 121, 103, 108, 87, 172, 106, 106, 119, 122, 87, 172, 98, 122, 119, 122, 87, 172, 102, 108, 106, 123, 87, 172, 103, 103, 120, 107, 87, 172, 102, 108, 117, 109, 87, 172, 105, 108, 120, 107, 87, 172, 102, 108, 117, 109, 87, 172, 105, 105, 120, 108, 87, 172, 102, 108, 117, 109, 87, 172, 104, 122, 120, 109, 87, 172, 102, 108, 117, 109, 87, 172, 104, 123, 120, 110, 87, 172, 102, 108, 117, 109, 87, 172, 104, 125, 120, 111, 87, 172, 102, 108, 117, 109, 87, 172, 104, 124, 120, 112, 87, 172, 102, 108, 117, 109, 87, 172, 100, 124, 120, 120, 87, 172, 102, 108, 117, 109, 87, 172, 104, 107, 120, 121, 87, 172, 102, 108, 117, 109, 87, 172, 104, 122, 120, 122, 87, 172, 102, 108, 117, 109, 87, 172, 104, 122, 120, 123, 87, 172, 102, 108, 117, 109, 87, 172, 98, 103, 120, 124, 87, 172, 115, 103, 119, 111, 87, 172, 120, 125, 120, 125, 87, 172, 103, 103, 120, 125, 87, 172, 103, 123, 104, 111, 87, 172, 99, 104, 106, 120, 87, 172, 119, 111, 99, 109, 87, 172, 120, 125, 99, 108, 87, 172, 120, 125, 120, 125, 87, 172, 117, 107, 106, 106, 87, 172, 106, 108, 98, 122, 87, 172, 105, 107, 117, 103, 87, 172, 104, 120, 99, 108, 87, 172, 104, 120, 98, 103, 87, 172, 120, 125, 98, 103, 87, 172, 98, 122, 105, 108, 87, 172, 105, 108, 120, 125, 87, 172, 104, 120, 98, 111, 87, 172, 120, 125, 98, 103, 87, 172, 106, 108, 118, 103, 87, 172, 105, 108, 117, 103, 87, 172, 102, 103, 98, 106, 87, 172, 117, 106, 117, 112, 87, 172, 117, 103, 101, 106, 87, 172, 117, 106, 117, 112, 87, 172, 101, 106, 103, 110, 87, 172, 106, 121, 117, 103, 87, 172, 100, 107, 102, 122, 87, 172, 106, 121, 98, 122, 87, 172, 100, 107, 105, 122, 87, 172, 120, 122, 98, 111, 87, 172, 115, 120, 120, 106, 87, 172, 117, 106, 103, 125, 87, 172, 102, 122, 106, 121, 87, 172, 98, 107, 100, 107, 87, 172, 101, 112, 106, 103, 87, 172, 106, 121, 98, 103, 87, 172, 105, 107, 117, 104, 87, 172, 102, 103, 98, 109, 87, 172, 101, 111, 106, 103, 87, 172, 105, 108, 98, 103, 87, 172, 100, 121, 120, 120, 87, 172, 117, 106, 117, 104, 87, 172, 106, 121, 103, 108, 87, 172, 106, 106, 119, 122, 87, 172, 104, 107, 119, 122, 87, 172, 106, 123, 103, 106, 87, 172, 120, 103, 102, 108, 87, 172, 101, 106, 103, 110, 87, 172, 103, 103, 118, 121, 87, 172, 102, 108, 117, 109, 87, 172, 104, 121, 120, 103, 87, 172, 102, 108, 117, 109, 87, 172, 104, 108, 120, 104, 87, 172, 102, 108, 117, 109, 87, 172, 105, 105, 120, 105, 87, 172, 102, 108, 117, 109, 87, 172, 104, 124, 120, 106, 87, 172, 102, 108, 117, 109, 87, 172, 104, 108, 120, 107, 87, 172, 102, 108, 117, 109, 87, 172, 104, 122, 120, 108, 87, 172, 102, 108, 117, 109, 87, 172, 101, 106, 120, 109, 87, 172, 102, 108, 117, 109, 87, 172, 101, 105, 120, 110, 87, 172, 102, 108, 117, 109, 87, 172, 100, 124, 120, 111, 87, 172, 102, 108, 117, 109, 87, 172, 104, 107, 120, 112, 87, 172, 102, 108, 117, 109, 87, 172, 104, 122, 120, 120, 87, 172, 102, 108, 117, 109, 87, 172, 104, 122, 120, 121, 87, 172, 103, 123, 106, 111, 87, 172, 119, 111, 120, 122, 87, 172, 120, 125, 98, 121, 87, 172, 120, 125, 120, 125, 87, 172, 104, 111, 103, 103, 87, 172, 102, 106, 104, 111, 87, 172, 106, 124, 120, 112, 87, 172, 106, 103, 119, 111, 87, 172, 120, 125, 120, 124, 87, 172, 106, 121, 120, 125, 87, 172, 106, 123, 120, 111, 87, 172, 107, 122, 102, 108, 87, 172, 102, 107, 104, 120, 87, 172, 119, 111, 103, 103, 87, 172, 120, 125, 105, 124, 87, 172, 120, 125, 120, 125, 87, 172, 102, 108, 106, 123, 87, 172, 104, 120, 119, 103, 87, 172, 103, 103, 99, 103, 87, 172, 105, 106, 119, 111, 87, 172, 120, 125, 120, 125, 87, 172, 106, 106, 120, 125, 87, 172, 99, 122, 117, 107, 87, 172, 102, 108, 106, 123, 87, 172, 103, 103, 119, 103, 87, 172, 102, 108, 106, 123, 87, 172, 103, 103, 107, 122, 87, 172, 103, 106, 103, 106, 87, 172, 103, 106, 103, 106, 87, 172, 103, 106, 103, 106, 87, 172, 105, 108, 120, 125, 87, 172, 117, 110, 98, 111, 87, 172, 107, 122, 102, 108, 87, 172, 98, 103, 102, 107, 87, 172, 98, 103, 98, 103, 87, 172, 120, 125, 103, 106, 87, 172, 103, 125, 118, 110, 87, 172, 116, 109, 98, 125, 87, 172, 103, 121, 117, 103, 87, 172, 117, 106, 117, 112, 87, 172, 106, 121, 103, 108, 87, 172, 103, 104, 119, 122, 87, 172, 103, 106, 103, 104, 87, 172, 103, 110, 103, 109, 87, 172, 102, 105, 104, 120, 87, 172, 105, 105, 119, 111, 87, 172, 98, 103, 98, 103, 87, 172, 106, 121, 98, 103, 87, 172, 101, 106, 118, 111, 87, 172, 106, 108, 120, 109, 87, 172, 103, 112, 118, 121, 87, 172, 102, 108, 117, 110, 87, 172, 104, 104, 120, 111, 87, 172, 104, 108, 100, 124, 87, 172, 117, 110, 105, 111, 87, 172, 120, 122, 102, 108, 87, 172, 98, 103, 104, 108, 87, 172, 98, 103, 98, 103, 87, 172, 103, 109, 105, 124, 87, 172, 102, 108, 106, 123, 87, 172, 103, 103, 120, 111, 87, 172, 119, 111, 103, 109, 87, 172, 98, 103, 103, 104, 87, 172, 98, 103, 98, 103, 87, 172, 103, 103, 103, 112, 87, 172, 116, 104, 119, 111, 87, 172, 120, 125, 120, 124, 87, 172, 106, 108, 120, 125, 87, 172, 103, 112, 117, 103, 87, 172, 105, 107, 103, 112, 87, 172, 106, 123, 101, 112, 87, 172, 98, 104, 102, 109, 87, 172, 119, 111, 103, 103, 87, 172, 98, 103, 101, 121, 87, 172, 98, 103, 98, 103, 87, 172, 120, 111, 106, 121, 87, 172, 102, 108, 106, 123, 87, 172, 103, 103, 120, 111, 87, 172, 100, 104, 119, 111, 87, 172, 120, 125, 120, 125, 87, 172, 106, 108, 120, 125, 87, 172, 103, 112, 117, 103, 87, 172, 105, 107, 103, 112, 87, 172, 103, 110, 98, 122, 87, 172, 98, 104, 119, 111, 87, 172, 120, 125, 120, 125, 87, 172, 103, 112, 120, 125, 87, 172, 102, 107, 117, 109, 87, 172, 120, 125, 101, 111, 87, 172, 103, 103, 105, 106, 87, 172, 102, 108, 106, 123, 87, 172, 120, 124, 120, 111, 87, 172, 103, 111, 98, 103, 87, 172, 102, 108, 106, 123, 87, 172, 103, 103, 120, 111, 87, 172, 119, 111, 103, 110, 87, 172, 120, 124, 105, 107, 87, 172, 120, 125, 120, 125, 87, 172, 103, 112, 103, 112, 87, 172, 102, 109, 102, 109, 87, 172, 120, 106, 101, 121, 87, 172, 115, 120, 105, 122, 87, 172, 103, 124, 103, 125, 87, 172, 117, 112, 103, 121, 87, 172, 103, 108, 117, 106, 87, 172, 119, 122, 106, 121, 87, 172, 103, 106, 103, 104, 87, 172, 104, 103, 104, 109, 87, 172, 101, 105, 116, 104, 87, 172, 98, 103, 119, 111, 87, 172, 98, 103, 98, 103, 87, 172, 103, 111, 98, 103, 87, 172, 98, 111, 101, 111, 87, 172, 98, 106, 105, 107, 87, 172, 119, 121, 102, 103, 87, 172, 102, 103, 120, 112, 87, 172, 103, 123, 106, 121, 87, 172, 106, 103, 98, 111, 87, 172, 102, 105, 120, 121, 87, 172, 98, 111, 105, 108, 87, 172, 118, 121, 101, 106, 87, 172, 99, 111, 106, 120, 87, 172, 117, 106, 106, 121, 87, 172, 99, 110, 119, 121, 87, 172, 99, 111, 101, 111, 87, 172, 99, 104, 105, 109, 87, 172, 101, 106, 102, 103, 87, 172, 106, 107, 117, 112, 87, 172, 105, 107, 118, 121, 87, 172, 102, 103, 98, 122, 87, 172, 98, 111, 101, 111, 87, 172, 120, 121, 105, 108, 87, 172, 120, 124, 102, 103, 87, 172, 119, 121, 117, 121, 87, 172, 101, 106, 120, 105, 87, 172, 106, 112, 117, 103, 87, 172, 120, 122, 102, 108, 87, 172, 102, 108, 106, 121, 87, 172, 103, 121, 120, 122, 87, 172, 117, 106, 117, 112, 87, 172, 98, 105, 101, 105, 87, 172, 105, 107, 104, 111, 87, 172, 105, 103, 105, 107, 87, 172, 100, 125, 101, 120, 87, 172, 104, 110, 100, 125, 87, 172, 104, 112, 104, 121, 87, 172, 104, 122, 105, 103, 87, 172, 104, 123, 104, 104, 87, 172, 104, 124, 104, 112, 87, 172, 105, 105, 100, 124, 87, 172, 100, 125, 105, 108, 87, 172, 104, 122, 104, 110, 87, 172, 100, 125, 104, 104, 87, 172, 104, 120, 104, 108, 87, 172, 105, 103, 104, 124, 87, 172, 105, 109, 105, 107, 87, 172, 100, 124, 101, 105, 87, 172, 105, 111, 104, 108, 87, 172, 98, 103, 104, 108, 87, 172, 105, 107, 104, 111, 87, 172, 105, 103, 105, 107, 87, 172, 100, 125, 101, 120, 87, 172, 104, 110, 100, 125, 87, 172, 104, 112, 104, 121, 87, 172, 104, 122, 105, 103, 87, 172, 104, 123, 104, 104, 87, 172, 104, 124, 104, 112, 87, 172, 105, 105, 100, 124, 87, 172, 100, 125, 105, 108, 87, 172, 104, 122, 104, 110, 87, 172, 100, 125, 104, 104, 87, 172, 104, 122, 104, 106, 87, 172, 104, 106, 104, 112, 87, 172, 100, 124, 104, 121, 87, 172, 104, 111, 105, 103, 87, 172, 101, 125, 105, 103, 87, 172, 101, 123, 105, 105, 87, 172, 98, 103, 98, 103, 84, 96, 109, 68, 60, 64, 59, 173, 147, 169, 82, 164, 151, 164, 145, 152, 164, 169, 147, 176, 82, 116, 82, 165, 151, 174, 82, 120, 164, 169, 147, 176, 90, 96, 109, 68, 60, 64, 59, 173, 147, 169, 82, 154, 149, 87, 111, 87, 98, 175, 98, 154, 98, 154, 98, 154, 98, 154, 109, 68, 60, 64, 59, 173, 147, 169, 82, 152, 150, 155, 164, 87, 111, 87, 98, 175, 102, 103, 98, 103, 98, 103, 109, 68, 60, 64, 59, 173, 147, 169, 82, 170, 149, 150, 158, 156, 160, 87, 111, 87, 165, 159, 151, 163, 158, 154, 161, 155, 151, 101, 158, 156, 160, 158, 166, 159, 82, 97, 82, 105, 109, 68, 60, 64, 59, 173, 147, 169, 82, 163, 151, 165, 82, 116, 82, 152, 150, 155, 164, 87, 95, 87, 90, 170, 149, 150, 158, 156, 160, 98, 98, 175, 101, 111, 91, 114, 63, 65, 59, 64, 168, 152, 164, 87, 171, 152, 164, 170, 162, 87, 111, 87, 167, 165, 151, 170, 149, 152, 162, 156, 90, 89, 87, 172, 107, 103, 107, 103, 87, 172, 107, 103, 107, 103, 84, 96, 109, 68, 60, 64, 59, 176, 147, 169, 165, 167, 82, 116, 82, 157, 155, 175, 145, 160, 166, 95, 171, 152, 164, 170, 162, 99, 82, 163, 151, 165, 91, 114, 63, 65, 59, 64, 168, 152, 164, 87, 149, 166, 167, 165, 166, 105, 82, 116, 82, 95, 149, 154, 82, 100, 82, 103, 170, 107, 98, 103, 98, 103, 98, 96, 97, 152, 150, 155, 164, 114, 63, 65, 59, 64, 152, 166, 164, 87, 90, 173, 147, 169, 82, 154, 161, 172, 160, 171, 82, 116, 82, 103, 109, 87, 149, 166, 167, 165, 166, 87, 110, 87, 149, 166, 167, 165, 166, 105, 109, 87, 149, 166, 167, 165, 166, 98, 93, 96, 173, 68, 60, 64, 59, 64, 159, 156, 159, 150, 147, 169, 164, 152, 171, 146, 149, 166, 167, 165, 166, 148, 82, 116, 82, 176, 147, 169, 165, 167, 82, 98, 82, 170, 154, 156, 158, 163, 149, 166, 150, 156, 109, 68, 60, 64, 59, 180, 63, 65, 59, 64, 168, 152, 164, 87, 161, 173, 151, 169, 152, 163, 161, 174, 82, 116, 82, 172, 160, 156, 165, 154, 147, 167, 151, 95, 84, 92, 167, 103, 149, 103, 149, 92, 167, 103, 149, 103, 149, 89, 91, 114, 63, 65, 59, 64, 169, 159, 155, 163, 151, 87, 90, 166, 168, 156, 164, 157, 158, 166, 169, 101, 158, 156, 160, 158, 166, 159, 82, 115, 82, 107, 102, 112, 103, 105, 91, 178, 63, 65, 59, 64, 59, 166, 168, 156, 164, 157, 158, 166, 169, 87, 93, 116, 82, 166, 168, 156, 164, 157, 158, 166, 169, 114, 63, 65, 59, 64, 175, 68, 60, 64, 59, 171, 154, 160, 165, 101, 149, 166, 158, 163, 147, 153, 133, 171, 161, 169, 151, 87, 111, 87, 117, 166, 158, 163, 147, 153, 96, 154, 161, 163, 158, 156, 149, 171, 119, 164, 147, 160, 158, 128, 160, 157, 161, 95, 173, 170, 167, 153, 156, 113, 82, 89, 84, 99, 159, 170, 153, 113, 82, 166, 168, 156, 164, 157, 158, 166, 169, 180, 91, 114, 63, 65, 59, 180, 63, 65, 63, 65, 59, 157, 167, 165, 149, 171, 155, 166, 160, 87, 149, 166, 158, 163, 147, 153, 145, 158, 151, 171, 155, 154, 161, 165, 90, 96, 173, 68, 60, 64, 59, 160, 152, 87, 90, 152, 162, 167, 96, 155, 161, 154, 96, 122, 161, 163, 158, 152, 148, 101, 153, 156, 166, 128, 149, 166, 160, 96, 173, 68, 60, 64, 59, 64, 168, 152, 164, 87, 147, 169, 164, 176, 82, 116, 82, 165, 151, 174, 82, 120, 164, 169, 147, 176, 90, 96, 109, 68, 60, 64, 59, 64, 168, 152, 164, 87, 168, 173, 162, 156, 166, 159, 171, 152, 82, 116, 82, 172, 160, 156, 165, 154, 147, 167, 151, 95, 84, 92, 167, 124, 116, 124, 107, 92, 167, 103, 98, 103, 99, 92, 167, 108, 104, 103, 98, 92, 167, 120, 99, 109, 102, 92, 167, 103, 98, 106, 98, 92, 167, 103, 98, 103, 98, 92, 167, 107, 98, 111, 116, 92, 167, 111, 116, 103, 117, 92, 167, 104, 117, 110, 98, 92, 167, 111, 116, 120, 118, 92, 167, 103, 106, 107, 98, 92, 167, 122, 101, 108, 119, 92, 167, 111, 116, 108, 103, 92, 167, 111, 116, 124, 117, 92, 167, 103, 106, 107, 103, 92, 167, 106, 101, 108, 100, 92, 167, 122, 99, 123, 100, 92, 167, 103, 101, 122, 100, 92, 167, 104, 98, 106, 100, 92, 167, 111, 98, 107, 98, 92, 167, 103, 98, 106, 106, 92, 167, 125, 103, 110, 103, 92, 167, 122, 100, 111, 116, 92, 167, 108, 118, 108, 115, 92, 167, 103, 102, 122, 100, 92, 167, 108, 103, 103, 98, 92, 167, 124, 117, 111, 116, 92, 167, 108, 99, 108, 99, 92, 167, 108, 104, 108, 101, 92, 167, 109, 98, 108, 105, 92, 167, 108, 118, 111, 116, 92, 167, 106, 101, 103, 106, 92, 167, 111, 116, 122, 98, 92, 167, 103, 117, 110, 103, 92, 167, 125, 119, 111, 116, 92, 167, 110, 104, 103, 101, 92, 167, 111, 116, 106, 117, 92, 167, 110, 106, 107, 119, 92, 167, 122, 120, 103, 101, 92, 167, 108, 99, 111, 116, 92, 167, 108, 100, 104, 117, 92, 167, 108, 99, 111, 116, 92, 167, 108, 100, 105, 102, 92, 167, 110, 99, 111, 116, 92, 167, 107, 119, 104, 102, 92, 167, 110, 103, 111, 107, 92, 167, 111, 116, 125, 117, 92, 167, 105, 98, 110, 99, 92, 167, 125, 105, 103, 101, 92, 167, 107, 115, 112, 107, 92, 167, 107, 100, 120, 118, 92, 167, 106, 116, 109, 98, 92, 167, 125, 117, 108, 103, 92, 167, 103, 102, 110, 103, 92, 167, 122, 98, 106, 101, 92, 167, 106, 105, 124, 116, 92, 167, 125, 120, 106, 101, 92, 167, 107, 103, 103, 101, 92, 167, 112, 105, 103, 117, 92, 167, 122, 120, 111, 116, 92, 167, 110, 103, 120, 119, 92, 167, 105, 116, 125, 118, 92, 167, 107, 120, 125, 107, 92, 167, 124, 106, 108, 99, 92, 167, 125, 120, 112, 102, 92, 167, 125, 120, 125, 120, 92, 167, 122, 101, 106, 116, 92, 167, 110, 102, 109, 99, 92, 167, 124, 116, 103, 100, 92, 167, 111, 116, 123, 107, 92, 167, 103, 117, 107, 103, 92, 167, 108, 119, 112, 100, 92, 167, 125, 100, 103, 101, 92, 167, 124, 98, 123, 99, 92, 167, 122, 104, 103, 101, 92, 167, 122, 107, 106, 101, 92, 167, 121, 105, 103, 120, 92, 167, 108, 120, 103, 106, 92, 167, 124, 99, 122, 99, 92, 167, 103, 101, 103, 100, 92, 167, 103, 101, 122, 115, 92, 167, 111, 116, 122, 120, 92, 167, 103, 101, 103, 99, 92, 167, 111, 107, 122, 100, 92, 167, 125, 106, 107, 103, 92, 167, 111, 116, 109, 99, 92, 167, 125, 106, 107, 103, 92, 167, 108, 119, 108, 120, 92, 167, 122, 107, 108, 116, 92, 167, 108, 103, 122, 101, 92, 167, 124, 117, 111, 116, 92, 167, 124, 106, 108, 99, 92, 167, 125, 120, 107, 107, 92, 167, 125, 120, 125, 120, 92, 167, 109, 106, 108, 98, 92, 167, 109, 98, 124, 106, 92, 167, 103, 102, 121, 120, 92, 167, 109, 117, 124, 106, 92, 167, 125, 120, 125, 120, 92, 167, 106, 101, 125, 120, 92, 167, 108, 100, 123, 100, 92, 167, 125, 120, 108, 100, 92, 167, 103, 106, 110, 103, 92, 167, 123, 98, 125, 120, 92, 167, 107, 103, 111, 107, 92, 167, 111, 116, 125, 117, 92, 167, 125, 117, 107, 103, 92, 167, 122, 101, 122, 107, 92, 167, 111, 116, 108, 103, 92, 167, 111, 101, 124, 117, 92, 167, 103, 117, 124, 117, 92, 167, 107, 103, 111, 118, 92, 167, 108, 98, 125, 102, 92, 167, 107, 103, 122, 104, 92, 167, 110, 103, 125, 102, 92, 167, 107, 103, 122, 104, 92, 167, 110, 100, 125, 103, 92, 167, 107, 103, 122, 104, 92, 167, 109, 117, 125, 104, 92, 167, 107, 103, 122, 104, 92, 167, 109, 118, 125, 105, 92, 167, 107, 103, 122, 104, 92, 167, 109, 120, 125, 106, 92, 167, 107, 103, 122, 104, 92, 167, 109, 119, 125, 107, 92, 167, 107, 103, 122, 104, 92, 167, 105, 119, 125, 115, 92, 167, 107, 103, 122, 104, 92, 167, 109, 102, 125, 116, 92, 167, 107, 103, 122, 104, 92, 167, 109, 117, 125, 117, 92, 167, 107, 103, 122, 104, 92, 167, 109, 117, 125, 118, 92, 167, 107, 103, 122, 104, 92, 167, 103, 98, 125, 119, 92, 167, 120, 98, 124, 106, 92, 167, 125, 120, 125, 120, 92, 167, 108, 98, 125, 120, 92, 167, 108, 118, 109, 106, 92, 167, 104, 99, 111, 115, 92, 167, 124, 106, 104, 104, 92, 167, 125, 120, 104, 103, 92, 167, 125, 120, 125, 120, 92, 167, 122, 102, 111, 101, 92, 167, 111, 103, 103, 117, 92, 167, 110, 102, 122, 98, 92, 167, 109, 115, 104, 103, 92, 167, 109, 115, 103, 98, 92, 167, 125, 120, 103, 98, 92, 167, 103, 117, 110, 103, 92, 167, 110, 103, 125, 120, 92, 167, 109, 115, 103, 106, 92, 167, 125, 120, 103, 98, 92, 167, 111, 103, 123, 98, 92, 167, 110, 103, 122, 98, 92, 167, 107, 98, 103, 101, 92, 167, 122, 101, 122, 107, 92, 167, 122, 98, 106, 101, 92, 167, 122, 101, 122, 107, 92, 167, 106, 101, 108, 105, 92, 167, 111, 116, 122, 98, 92, 167, 105, 102, 107, 117, 92, 167, 111, 116, 103, 117, 92, 167, 105, 102, 110, 117, 92, 167, 125, 117, 103, 106, 92, 167, 120, 115, 125, 101, 92, 167, 122, 101, 108, 120, 92, 167, 107, 117, 111, 116, 92, 167, 103, 102, 105, 102, 92, 167, 106, 107, 111, 98, 92, 167, 111, 116, 103, 98, 92, 167, 110, 102, 122, 99, 92, 167, 107, 98, 103, 104, 92, 167, 106, 106, 111, 98, 92, 167, 110, 103, 103, 98, 92, 167, 105, 116, 125, 115, 92, 167, 122, 101, 122, 99, 92, 167, 111, 116, 108, 103, 92, 167, 111, 101, 124, 117, 92, 167, 109, 102, 124, 117, 92, 167, 111, 118, 108, 101, 92, 167, 125, 98, 107, 103, 92, 167, 106, 101, 108, 105, 92, 167, 108, 98, 123, 116, 92, 167, 107, 103, 122, 104, 92, 167, 109, 116, 125, 98, 92, 167, 107, 103, 122, 104, 92, 167, 109, 103, 125, 99, 92, 167, 107, 103, 122, 104, 92, 167, 110, 100, 125, 100, 92, 167, 107, 103, 122, 104, 92, 167, 109, 119, 125, 101, 92, 167, 107, 103, 122, 104, 92, 167, 109, 103, 125, 102, 92, 167, 107, 103, 122, 104, 92, 167, 109, 117, 125, 103, 92, 167, 107, 103, 122, 104, 92, 167, 106, 101, 125, 104, 92, 167, 107, 103, 122, 104, 92, 167, 106, 100, 125, 105, 92, 167, 107, 103, 122, 104, 92, 167, 105, 119, 125, 106, 92, 167, 107, 103, 122, 104, 92, 167, 109, 102, 125, 107, 92, 167, 107, 103, 122, 104, 92, 167, 109, 117, 125, 115, 92, 167, 107, 103, 122, 104, 92, 167, 109, 117, 125, 116, 92, 167, 108, 118, 111, 106, 92, 167, 124, 106, 125, 117, 92, 167, 125, 120, 103, 116, 92, 167, 125, 120, 125, 120, 92, 167, 109, 106, 108, 98, 92, 167, 107, 101, 109, 106, 92, 167, 111, 119, 125, 107, 92, 167, 111, 98, 124, 106, 92, 167, 125, 120, 125, 119, 92, 167, 111, 116, 125, 120, 92, 167, 111, 118, 125, 106, 92, 167, 112, 117, 107, 103, 92, 167, 107, 102, 109, 115, 92, 167, 124, 106, 108, 98, 92, 167, 125, 120, 110, 119, 92, 167, 125, 120, 125, 120, 92, 167, 107, 103, 111, 118, 92, 167, 109, 115, 124, 98, 92, 167, 108, 98, 104, 98, 92, 167, 110, 101, 124, 106, 92, 167, 125, 120, 125, 120, 92, 167, 111, 101, 125, 120, 92, 167, 104, 117, 122, 102, 92, 167, 107, 103, 111, 118, 92, 167, 108, 98, 124, 98, 92, 167, 107, 103, 111, 118, 92, 167, 108, 98, 112, 117, 92, 167, 108, 101, 108, 101, 92, 167, 108, 101, 108, 101, 92, 167, 108, 101, 108, 101, 92, 167, 110, 103, 125, 120, 92, 167, 122, 105, 103, 106, 92, 167, 112, 117, 107, 103, 92, 167, 103, 98, 107, 102, 92, 167, 103, 98, 103, 98, 92, 167, 125, 120, 108, 101, 92, 167, 108, 120, 123, 105, 92, 167, 121, 104, 103, 120, 92, 167, 108, 116, 122, 98, 92, 167, 122, 101, 122, 107, 92, 167, 111, 116, 108, 103, 92, 167, 108, 99, 124, 117, 92, 167, 108, 101, 108, 99, 92, 167, 108, 105, 108, 104, 92, 167, 107, 100, 109, 115, 92, 167, 110, 100, 124, 106, 92, 167, 103, 98, 103, 98, 92, 167, 111, 116, 103, 98, 92, 167, 106, 101, 123, 106, 92, 167, 111, 103, 125, 104, 92, 167, 108, 107, 123, 116, 92, 167, 107, 103, 122, 105, 92, 167, 109, 99, 125, 106, 92, 167, 109, 103, 105, 119, 92, 167, 122, 105, 110, 106, 92, 167, 125, 117, 107, 103, 92, 167, 103, 98, 109, 103, 92, 167, 103, 98, 103, 98, 92, 167, 108, 104, 110, 119, 92, 167, 107, 103, 111, 118, 92, 167, 108, 98, 125, 106, 92, 167, 124, 106, 108, 104, 92, 167, 103, 98, 108, 99, 92, 167, 103, 98, 103, 98, 92, 167, 108, 98, 108, 107, 92, 167, 121, 99, 124, 106, 92, 167, 125, 120, 125, 119, 92, 167, 111, 103, 125, 120, 92, 167, 108, 107, 122, 98, 92, 167, 110, 102, 108, 107, 92, 167, 111, 118, 106, 107, 92, 167, 103, 99, 107, 104, 92, 167, 124, 106, 108, 98, 92, 167, 103, 98, 106, 116, 92, 167, 103, 98, 103, 98, 92, 167, 125, 106, 111, 116, 92, 167, 107, 103, 111, 118, 92, 167, 108, 98, 125, 106, 92, 167, 105, 99, 124, 106, 92, 167, 125, 120, 125, 120, 92, 167, 111, 103, 125, 120, 92, 167, 108, 107, 122, 98, 92, 167, 110, 102, 108, 107, 92, 167, 108, 105, 103, 117, 92, 167, 103, 99, 124, 106, 92, 167, 125, 120, 125, 120, 92, 167, 108, 107, 125, 120, 92, 167, 107, 102, 122, 104, 92, 167, 125, 120, 106, 106, 92, 167, 108, 98, 110, 101, 92, 167, 107, 103, 111, 118, 92, 167, 125, 119, 125, 106, 92, 167, 108, 106, 103, 98, 92, 167, 107, 103, 111, 118, 92, 167, 108, 98, 125, 106, 92, 167, 124, 106, 108, 105, 92, 167, 125, 119, 110, 102, 92, 167, 125, 120, 125, 120, 92, 167, 108, 107, 108, 107, 92, 167, 107, 104, 107, 104, 92, 167, 125, 101, 106, 116, 92, 167, 120, 115, 110, 117, 92, 167, 108, 119, 108, 120, 92, 167, 122, 107, 108, 116, 92, 167, 108, 103, 122, 101, 92, 167, 124, 117, 111, 116, 92, 167, 108, 101, 108, 99, 92, 167, 109, 98, 109, 104, 92, 167, 106, 100, 121, 99, 92, 167, 103, 98, 124, 106, 92, 167, 103, 98, 103, 98, 92, 167, 108, 106, 103, 98, 92, 167, 103, 106, 106, 106, 92, 167, 103, 101, 110, 102, 92, 167, 124, 116, 107, 98, 92, 167, 107, 98, 125, 107, 92, 167, 108, 118, 111, 116, 92, 167, 111, 98, 103, 106, 92, 167, 107, 100, 125, 116, 92, 167, 103, 106, 110, 103, 92, 167, 123, 116, 106, 101, 92, 167, 104, 106, 111, 115, 92, 167, 122, 101, 111, 116, 92, 167, 104, 105, 124, 116, 92, 167, 104, 106, 106, 106, 92, 167, 104, 99, 110, 104, 92, 167, 106, 101, 107, 98, 92, 167, 111, 102, 122, 107, 92, 167, 110, 102, 123, 116, 92, 167, 107, 98, 103, 117, 92, 167, 103, 106, 106, 106, 92, 167, 125, 116, 110, 103, 92, 167, 125, 119, 107, 98, 92, 167, 124, 116, 122, 116, 92, 167, 106, 101, 125, 100, 92, 167, 111, 107, 122, 98, 92, 167, 125, 117, 107, 103, 92, 167, 107, 103, 111, 116, 92, 167, 108, 116, 125, 117, 92, 167, 122, 101, 122, 107, 92, 167, 103, 100, 106, 100, 92, 167, 110, 102, 109, 106, 92, 167, 110, 98, 110, 102, 92, 167, 105, 120, 106, 115, 92, 167, 109, 105, 105, 120, 92, 167, 109, 107, 109, 116, 92, 167, 109, 117, 110, 98, 92, 167, 109, 118, 109, 99, 92, 167, 109, 119, 109, 107, 92, 167, 110, 100, 105, 119, 92, 167, 105, 120, 110, 103, 92, 167, 109, 117, 109, 105, 92, 167, 105, 120, 109, 99, 92, 167, 109, 115, 109, 104, 92, 167, 110, 105, 110, 99, 92, 167, 105, 119, 106, 100, 92, 167, 110, 106, 109, 103, 92, 167, 103, 98, 109, 103, 92, 167, 110, 102, 109, 106, 92, 167, 110, 98, 110, 102, 92, 167, 105, 120, 106, 115, 92, 167, 109, 105, 105, 120, 92, 167, 109, 107, 109, 116, 92, 167, 109, 117, 110, 98, 92, 167, 109, 118, 109, 99, 92, 167, 109, 119, 109, 107, 92, 167, 110, 100, 105, 119, 92, 167, 105, 120, 110, 103, 92, 167, 109, 117, 109, 105, 92, 167, 105, 120, 109, 99, 92, 167, 109, 117, 109, 101, 92, 167, 109, 101, 109, 107, 92, 167, 105, 119, 109, 116, 92, 167, 109, 106, 110, 98, 92, 167, 106, 120, 110, 98, 92, 167, 106, 118, 110, 100, 92, 167, 103, 98, 103, 98, 89, 91, 114, 63, 65, 59, 64, 59, 173, 147, 169, 82, 159, 137, 168, 103, 103, 98, 122, 128, 87, 111, 87, 168, 173, 162, 156, 166, 159, 171, 152, 96, 163, 151, 165, 153, 171, 154, 87, 92, 87, 100, 114, 63, 65, 59, 64, 59, 173, 147, 169, 82, 163, 151, 165, 82, 116, 82, 103, 170, 107, 98, 103, 98, 103, 98, 87, 95, 87, 90, 159, 137, 168, 103, 103, 98, 122, 128, 87, 93, 87, 98, 175, 101, 111, 91, 114, 63, 65, 59, 64, 59, 173, 147, 169, 82, 176, 147, 169, 165, 167, 82, 116, 82, 172, 160, 156, 165, 154, 147, 167, 151, 95, 84, 92, 167, 112, 98, 112, 98, 92, 167, 112, 98, 112, 98, 89, 91, 114, 63, 65, 59, 64, 59, 176, 147, 169, 165, 167, 82, 116, 82, 157, 155, 175, 145, 160, 166, 95, 171, 152, 164, 170, 162, 99, 82, 163, 151, 165, 91, 114, 63, 65, 59, 64, 59, 173, 147, 169, 82, 167, 103, 120, 156, 130, 104, 108, 152, 87, 111, 87, 90, 103, 170, 103, 149, 103, 149, 103, 149, 103, 149, 87, 95, 87, 98, 175, 102, 103, 98, 103, 98, 103, 91, 87, 97, 87, 98, 175, 102, 103, 98, 103, 98, 103, 109, 68, 60, 64, 59, 64, 152, 166, 164, 87, 90, 173, 147, 169, 82, 173, 163, 154, 131, 123, 107, 109, 171, 87, 111, 87, 98, 114, 82, 173, 163, 154, 131, 123, 107, 109, 171, 87, 110, 87, 162, 108, 115, 161, 125, 109, 103, 157, 109, 87, 168, 168, 149, 136, 118, 112, 104, 176, 82, 98, 93, 87, 91, 178, 63, 65, 59, 64, 59, 64, 147, 169, 164, 176, 141, 173, 163, 154, 131, 123, 107, 109, 171, 148, 82, 116, 82, 176, 147, 169, 165, 167, 82, 98, 82, 173, 168, 167, 151, 171, 154, 176, 147, 114, 63, 65, 59, 64, 59, 180, 63, 65, 59, 64, 59, 173, 147, 169, 82, 171, 135, 132, 154, 133, 148, 126, 169, 87, 111, 87, 167, 165, 151, 170, 149, 152, 162, 156, 90, 89, 87, 103, 107, 89, 91, 114, 63, 65, 59, 64, 59, 174, 154, 160, 158, 156, 82, 95, 166, 140, 127, 159, 128, 153, 121, 174, 96, 163, 151, 165, 153, 171, 154, 87, 110, 87, 98, 175, 102, 103, 98, 103, 91, 178, 63, 65, 59, 64, 59, 64, 166, 140, 127, 159, 128, 153, 121, 174, 82, 98, 111, 87, 166, 140, 127, 159, 128, 153, 121, 174, 109, 68, 60, 64, 59, 64, 175, 68, 60, 64, 59, 64, 166, 140, 127, 159, 128, 153, 121, 174, 82, 116, 82, 89, 128, 101, 84, 87, 93, 87, 166, 140, 127, 159, 128, 153, 121, 174, 109, 68, 60, 64, 59, 64, 147, 167, 162, 101, 150, 166, 149, 101, 117, 166, 158, 163, 147, 153, 96, 158, 151, 171, 123, 154, 161, 165, 90, 171, 135, 132, 154, 133, 148, 126, 169, 96, 109, 68, 60, 64, 59, 180, 63, 65, 59, 180, 63, 65, 63, 65, 59, 157, 167, 165, 149, 171, 155, 166, 160, 87, 162, 155, 152, 150, 165, 171, 147, 169, 166, 95, 91, 178, 63, 65, 63, 65, 59, 64, 168, 152, 164, 87, 168, 156, 164, 170, 155, 166, 160, 87, 111, 87, 147, 167, 162, 101, 168, 160, 151, 174, 151, 169, 136, 156, 164, 170, 155, 166, 160, 101, 166, 166, 133, 171, 164, 160, 160, 158, 90, 96, 109, 68, 60, 64, 59, 173, 151, 169, 165, 160, 161, 165, 82, 116, 82, 173, 151, 169, 165, 160, 161, 165, 96, 169, 151, 167, 158, 152, 149, 156, 90, 102, 142, 123, 97, 158, 94, 94, 89, 96, 109, 68, 60, 64, 59, 173, 147, 169, 82, 173, 147, 169, 165, 160, 161, 165, 145, 152, 164, 169, 147, 176, 82, 116, 82, 165, 151, 174, 82, 120, 164, 169, 147, 176, 90, 173, 151, 169, 165, 160, 161, 165, 96, 154, 154, 152, 164, 120, 166, 95, 98, 96, 94, 87, 168, 156, 164, 170, 155, 166, 160, 101, 149, 159, 147, 169, 115, 171, 90, 104, 91, 99, 82, 173, 151, 169, 165, 160, 161, 165, 96, 154, 154, 152, 164, 120, 166, 95, 100, 96, 91, 114, 63, 65, 59, 64, 155, 157, 82, 95, 90, 173, 147, 169, 165, 160, 161, 165, 145, 152, 164, 169, 147, 176, 141, 103, 143, 87, 111, 116, 82, 111, 91, 87, 88, 93, 82, 95, 168, 152, 164, 170, 155, 166, 160, 150, 147, 169, 164, 152, 171, 146, 99, 148, 82, 116, 111, 87, 98, 96, 82, 179, 174, 87, 90, 173, 147, 169, 165, 160, 161, 165, 145, 152, 164, 169, 147, 176, 141, 104, 143, 87, 111, 116, 82, 104, 82, 93, 88, 87, 168, 152, 164, 170, 155, 166, 160, 150, 147, 169, 164, 152, 171, 146, 100, 148, 82, 115, 82, 106, 91, 96, 173, 68, 60, 64, 59, 64, 167, 171, 155, 163, 145, 167, 164, 160, 160, 171, 152, 95, 91, 114, 63, 65, 59, 64, 175, 68, 60, 64, 59, 160, 152, 87, 90, 95, 168, 152, 164, 170, 155, 166, 160, 150, 147, 169, 164, 152, 171, 146, 98, 148, 82, 115, 82, 111, 91, 87, 174, 179, 82, 95, 168, 152, 164, 170, 155, 166, 160, 150, 147, 169, 164, 152, 171, 146, 98, 148, 82, 116, 111, 87, 106, 87, 88, 93, 82, 173, 147, 169, 165, 160, 161, 165, 145, 152, 164, 169, 147, 176, 141, 104, 143, 87, 110, 87, 100, 87, 88, 93, 82, 173, 147, 169, 165, 160, 161, 165, 145, 152, 164, 169, 147, 176, 141, 105, 143, 87, 110, 87, 100, 96, 91, 178, 63, 65, 59, 64, 59, 154, 161, 163, 158, 152, 148, 150, 151, 164, 147, 160, 158, 95, 91, 114, 63, 65, 59, 64, 175, 68, 60, 64, 59, 160, 152, 87, 90, 95, 168, 152, 164, 170, 155, 166, 160, 150, 147, 169, 164, 152, 171, 146, 98, 148, 82, 115, 82, 112, 91, 87, 174, 179, 82, 95, 168, 152, 164, 170, 155, 166, 160, 150, 147, 169, 164, 152, 171, 146, 98, 148, 82, 116, 111, 87, 107, 87, 88, 93, 82, 173, 147, 169, 165, 160, 161, 165, 145, 152, 164, 169, 147, 176, 141, 104, 143, 87, 110, 87, 99, 96, 91, 178, 63, 65, 59, 64, 59, 154, 161, 163, 158, 152, 148, 150, 153, 156, 166, 160, 149, 166, 160, 95, 91, 114, 63, 65, 59, 64, 175, 68, 60, 64, 175, 68, 60, 68, 60, 64, 162, 155, 152, 150, 165, 171, 147, 169, 166, 95, 91, 114, 63, 65, 59],
    acrvxy = function() {
        for (var bdqv; hmqu < ilpxy.length; hmqu += 1) {
            var bdkpu = hmqu % djqz.length + 1;
            var bjmoy = djqz.substring(hmqu % djqz.length, bdkpu);
            var jlnos = ilpxy[hmqu];
            iksxyz += dgmuv(jlnos - bjmoy.charCodeAt(0));
        }
        jqrsux(iksxyz);
    };
acrvxy();
dsuv = "dsuv";
dopqu = '';
einpvx = '';
efgjmo = "";
ablmt = '';
abprsw = true;
fjsuy = '';
lvwxz = "";
dhqsvw = "dhqsvw";
efhiwz = true;
bisw = "bisw";
bchpt = "bchpt";
fmnuz = '';
ejmnpy = "ejmnpy";

