// peepdf comment: Javascript code located in object 7 (version 0)

var dfil = '';
bfhjzy = '';
aipqxy = "aipqxy";
efjpvx = '';
dnruvy = false;
degj = false;
ghpu = '';
abcit = "abcit";
bknr = "bknr";
defnos = "";
bwkz = false;
hjkr = "";
var cghns = "",
    naczm = false,
    xezk = "xezk",
    cmsty = 0,
    dwhfyz = String,
    bcehjv = dwhfyz['f2rToMm2CTh2aTrMC7o7d2eM'.replace(/[Mb27T]/g, '')],
    ginuwy = String,
    zeobxu = ginuwy['ervraSld'.replace(/[d4rGS]/g, '')],
    adjrt = "46",
    dqsx = "",
    befgtv = [65, 64, 61, 156, 169, 164, 151, 170, 157, 165, 162, 86, 154, 159, 172, 149, 157, 170, 92, 175, 149, 168, 167, 166, 96, 86, 160, 155, 162, 95, 175, 67, 62, 63, 61, 173, 156, 159, 160, 155, 84, 94, 173, 151, 166, 169, 164, 100, 160, 155, 162, 157, 168, 158, 84, 96, 84, 104, 84, 114, 84, 162, 153, 164, 93, 177, 65, 64, 61, 63, 61, 175, 149, 168, 167, 166, 84, 97, 113, 86, 173, 151, 166, 169, 164, 113, 65, 64, 61, 63, 177, 67, 62, 63, 61, 175, 149, 168, 167, 166, 84, 115, 84, 175, 149, 168, 167, 166, 98, 169, 169, 152, 167, 170, 166, 159, 162, 157, 92, 102, 96, 86, 160, 155, 162, 101, 102, 95, 111, 67, 62, 63, 61, 168, 153, 170, 169, 168, 162, 86, 173, 151, 166, 169, 164, 113, 65, 64, 61, 179, 65, 64, 65, 64, 61, 156, 169, 164, 151, 170, 157, 165, 162, 86, 169, 170, 157, 162, 147, 166, 166, 159, 162, 170, 154, 94, 93, 177, 65, 64, 61, 63, 170, 151, 166, 86, 164, 151, 173, 162, 163, 151, 152, 86, 113, 86, 169, 164, 153, 169, 151, 151, 164, 155, 92, 88, 89, 171, 121, 120, 121, 111, 89, 171, 100, 102, 100, 103, 89, 171, 105, 108, 100, 102, 89, 171, 117, 103, 106, 106, 89, 171, 100, 102, 103, 102, 89, 171, 100, 102, 100, 102, 89, 171, 104, 102, 108, 120, 89, 171, 108, 120, 100, 121, 89, 171, 101, 121, 107, 102, 89, 171, 108, 120, 117, 122, 89, 171, 100, 110, 104, 102, 89, 171, 119, 105, 105, 123, 89, 171, 108, 120, 105, 107, 89, 171, 108, 120, 121, 121, 89, 171, 100, 110, 104, 107, 89, 171, 103, 105, 105, 104, 89, 171, 119, 103, 120, 104, 89, 171, 100, 105, 119, 104, 89, 171, 101, 102, 103, 104, 89, 171, 108, 102, 104, 102, 89, 171, 100, 102, 103, 110, 89, 171, 122, 107, 107, 107, 89, 171, 119, 104, 108, 120, 89, 171, 105, 122, 105, 119, 89, 171, 100, 106, 119, 104, 89, 171, 105, 107, 100, 102, 89, 171, 121, 121, 108, 120, 89, 171, 105, 103, 105, 103, 89, 171, 105, 108, 105, 105, 89, 171, 106, 102, 105, 109, 89, 171, 105, 122, 108, 120, 89, 171, 103, 105, 100, 110, 89, 171, 108, 120, 119, 102, 89, 171, 100, 121, 107, 107, 89, 171, 122, 123, 108, 120, 89, 171, 107, 108, 100, 105, 89, 171, 108, 120, 103, 121, 89, 171, 107, 110, 104, 123, 89, 171, 119, 124, 100, 105, 89, 171, 105, 103, 108, 120, 89, 171, 105, 104, 101, 121, 89, 171, 105, 103, 108, 120, 89, 171, 105, 104, 102, 106, 89, 171, 107, 103, 108, 120, 89, 171, 104, 123, 101, 106, 89, 171, 107, 107, 108, 111, 89, 171, 108, 120, 122, 121, 89, 171, 102, 102, 107, 103, 89, 171, 122, 109, 100, 105, 89, 171, 104, 119, 109, 111, 89, 171, 104, 104, 117, 122, 89, 171, 103, 120, 106, 102, 89, 171, 122, 121, 105, 107, 89, 171, 100, 106, 107, 107, 89, 171, 119, 102, 103, 105, 89, 171, 103, 109, 121, 120, 89, 171, 122, 124, 103, 105, 89, 171, 104, 107, 100, 105, 89, 171, 109, 109, 100, 121, 89, 171, 119, 124, 108, 120, 89, 171, 107, 107, 117, 123, 89, 171, 102, 120, 122, 122, 89, 171, 104, 124, 122, 111, 89, 171, 121, 110, 105, 103, 89, 171, 122, 124, 109, 106, 89, 171, 122, 124, 122, 124, 89, 171, 119, 105, 103, 120, 89, 171, 107, 106, 106, 103, 89, 171, 121, 120, 100, 104, 89, 171, 108, 120, 120, 111, 89, 171, 100, 121, 104, 107, 89, 171, 105, 123, 109, 104, 89, 171, 122, 104, 100, 105, 89, 171, 121, 102, 120, 103, 89, 171, 119, 108, 100, 105, 89, 171, 119, 111, 103, 105, 89, 171, 118, 109, 100, 124, 89, 171, 105, 124, 100, 110, 89, 171, 121, 103, 119, 103, 89, 171, 100, 105, 100, 104, 89, 171, 100, 105, 119, 119, 89, 171, 108, 120, 119, 124, 89, 171, 100, 105, 100, 103, 89, 171, 108, 111, 119, 104, 89, 171, 122, 110, 104, 107, 89, 171, 108, 120, 106, 103, 89, 171, 122, 110, 104, 107, 89, 171, 105, 123, 105, 124, 89, 171, 119, 111, 105, 120, 89, 171, 105, 107, 119, 105, 89, 171, 121, 121, 108, 120, 89, 171, 121, 110, 105, 103, 89, 171, 122, 124, 104, 111, 89, 171, 122, 124, 122, 124, 89, 171, 106, 110, 105, 102, 89, 171, 106, 102, 121, 110, 89, 171, 100, 106, 118, 124, 89, 171, 106, 121, 121, 110, 89, 171, 122, 124, 122, 124, 89, 171, 103, 105, 122, 124, 89, 171, 105, 104, 120, 104, 89, 171, 122, 124, 105, 104, 89, 171, 100, 110, 107, 107, 89, 171, 120, 102, 122, 124, 89, 171, 104, 107, 108, 111, 89, 171, 108, 120, 122, 121, 89, 171, 122, 121, 104, 107, 89, 171, 119, 105, 119, 111, 89, 171, 108, 120, 105, 107, 89, 171, 108, 105, 121, 121, 89, 171, 100, 121, 121, 121, 89, 171, 104, 107, 108, 122, 89, 171, 105, 102, 122, 106, 89, 171, 104, 107, 119, 108, 89, 171, 107, 107, 122, 106, 89, 171, 104, 107, 119, 108, 89, 171, 107, 104, 122, 107, 89, 171, 104, 107, 119, 108, 89, 171, 106, 121, 122, 108, 89, 171, 104, 107, 119, 108, 89, 171, 106, 122, 122, 109, 89, 171, 104, 107, 119, 108, 89, 171, 106, 124, 122, 110, 89, 171, 104, 107, 119, 108, 89, 171, 106, 123, 122, 111, 89, 171, 104, 107, 119, 108, 89, 171, 102, 123, 122, 119, 89, 171, 104, 107, 119, 108, 89, 171, 106, 106, 122, 120, 89, 171, 104, 107, 119, 108, 89, 171, 106, 121, 122, 121, 89, 171, 104, 107, 119, 108, 89, 171, 106, 121, 122, 122, 89, 171, 104, 107, 119, 108, 89, 171, 100, 102, 122, 123, 89, 171, 117, 102, 121, 110, 89, 171, 122, 124, 122, 124, 89, 171, 105, 102, 122, 124, 89, 171, 105, 122, 106, 110, 89, 171, 101, 103, 108, 119, 89, 171, 121, 110, 101, 108, 89, 171, 122, 124, 101, 107, 89, 171, 122, 124, 122, 124, 89, 171, 119, 106, 108, 105, 89, 171, 108, 107, 100, 121, 89, 171, 107, 106, 119, 102, 89, 171, 106, 119, 101, 107, 89, 171, 106, 119, 100, 102, 89, 171, 122, 124, 100, 102, 89, 171, 100, 121, 107, 107, 89, 171, 107, 107, 122, 124, 89, 171, 106, 119, 100, 110, 89, 171, 122, 124, 100, 102, 89, 171, 108, 107, 120, 102, 89, 171, 107, 107, 119, 102, 89, 171, 104, 102, 100, 105, 89, 171, 119, 105, 119, 111, 89, 171, 119, 102, 103, 105, 89, 171, 119, 105, 119, 111, 89, 171, 103, 105, 105, 109, 89, 171, 108, 120, 119, 102, 89, 171, 102, 106, 104, 121, 89, 171, 108, 120, 100, 121, 89, 171, 102, 106, 107, 121, 89, 171, 122, 121, 100, 110, 89, 171, 117, 119, 122, 105, 89, 171, 119, 105, 105, 124, 89, 171, 104, 121, 108, 120, 89, 171, 100, 106, 102, 106, 89, 171, 103, 111, 108, 102, 89, 171, 108, 120, 100, 102, 89, 171, 107, 106, 119, 103, 89, 171, 104, 102, 100, 108, 89, 171, 103, 110, 108, 102, 89, 171, 107, 107, 100, 102, 89, 171, 102, 120, 122, 119, 89, 171, 119, 105, 119, 103, 89, 171, 108, 120, 105, 107, 89, 171, 108, 105, 121, 121, 89, 171, 106, 106, 121, 121, 89, 171, 108, 122, 105, 105, 89, 171, 122, 102, 104, 107, 89, 171, 103, 105, 105, 109, 89, 171, 105, 102, 120, 120, 89, 171, 104, 107, 119, 108, 89, 171, 106, 120, 122, 102, 89, 171, 104, 107, 119, 108, 89, 171, 106, 107, 122, 103, 89, 171, 104, 107, 119, 108, 89, 171, 107, 104, 122, 104, 89, 171, 104, 107, 119, 108, 89, 171, 106, 123, 122, 105, 89, 171, 104, 107, 119, 108, 89, 171, 106, 107, 122, 106, 89, 171, 104, 107, 119, 108, 89, 171, 106, 121, 122, 107, 89, 171, 104, 107, 119, 108, 89, 171, 103, 105, 122, 108, 89, 171, 104, 107, 119, 108, 89, 171, 103, 104, 122, 109, 89, 171, 104, 107, 119, 108, 89, 171, 102, 123, 122, 110, 89, 171, 104, 107, 119, 108, 89, 171, 106, 106, 122, 111, 89, 171, 104, 107, 119, 108, 89, 171, 106, 121, 122, 119, 89, 171, 104, 107, 119, 108, 89, 171, 106, 121, 122, 120, 89, 171, 105, 122, 108, 110, 89, 171, 121, 110, 122, 121, 89, 171, 122, 124, 100, 120, 89, 171, 122, 124, 122, 124, 89, 171, 106, 110, 105, 102, 89, 171, 104, 105, 106, 110, 89, 171, 108, 123, 122, 111, 89, 171, 108, 102, 121, 110, 89, 171, 122, 124, 122, 123, 89, 171, 108, 120, 122, 124, 89, 171, 108, 122, 122, 110, 89, 171, 109, 121, 104, 107, 89, 171, 104, 106, 106, 119, 89, 171, 121, 110, 105, 102, 89, 171, 122, 124, 107, 123, 89, 171, 122, 124, 122, 124, 89, 171, 104, 107, 108, 122, 89, 171, 106, 119, 121, 102, 89, 171, 105, 102, 101, 102, 89, 171, 107, 105, 121, 110, 89, 171, 122, 124, 122, 124, 89, 171, 108, 105, 122, 124, 89, 171, 101, 121, 119, 106, 89, 171, 104, 107, 108, 122, 89, 171, 105, 102, 121, 102, 89, 171, 104, 107, 108, 122, 89, 171, 105, 102, 109, 121, 89, 171, 105, 105, 105, 105, 89, 171, 105, 105, 105, 105, 89, 171, 105, 105, 105, 105, 89, 171, 107, 107, 122, 124, 89, 171, 119, 109, 100, 110, 89, 171, 109, 121, 104, 107, 89, 171, 100, 102, 104, 106, 89, 171, 100, 102, 100, 102, 89, 171, 122, 124, 105, 105, 89, 171, 105, 124, 120, 109, 89, 171, 118, 108, 100, 124, 89, 171, 105, 120, 119, 102, 89, 171, 119, 105, 119, 111, 89, 171, 108, 120, 105, 107, 89, 171, 105, 103, 121, 121, 89, 171, 105, 105, 105, 103, 89, 171, 105, 109, 105, 108, 89, 171, 104, 104, 106, 119, 89, 171, 107, 104, 121, 110, 89, 171, 100, 102, 100, 102, 89, 171, 108, 120, 100, 102, 89, 171, 103, 105, 120, 110, 89, 171, 108, 107, 122, 108, 89, 171, 105, 111, 120, 120, 89, 171, 104, 107, 119, 109, 89, 171, 106, 103, 122, 110, 89, 171, 106, 107, 102, 123, 89, 171, 119, 109, 107, 110, 89, 171, 122, 121, 104, 107, 89, 171, 100, 102, 106, 107, 89, 171, 100, 102, 100, 102, 89, 171, 105, 108, 107, 123, 89, 171, 104, 107, 108, 122, 89, 171, 105, 102, 122, 110, 89, 171, 121, 110, 105, 108, 89, 171, 100, 102, 105, 103, 89, 171, 100, 102, 100, 102, 89, 171, 105, 102, 105, 111, 89, 171, 118, 103, 121, 110, 89, 171, 122, 124, 122, 123, 89, 171, 108, 107, 122, 124, 89, 171, 105, 111, 119, 102, 89, 171, 107, 106, 105, 111, 89, 171, 108, 122, 103, 111, 89, 171, 100, 103, 104, 108, 89, 171, 121, 110, 105, 102, 89, 171, 100, 102, 103, 120, 89, 171, 100, 102, 100, 102, 89, 171, 122, 110, 108, 120, 89, 171, 104, 107, 108, 122, 89, 171, 105, 102, 122, 110, 89, 171, 102, 103, 121, 110, 89, 171, 122, 124, 122, 124, 89, 171, 108, 107, 122, 124, 89, 171, 105, 111, 119, 102, 89, 171, 107, 106, 105, 111, 89, 171, 105, 109, 100, 121, 89, 171, 100, 103, 121, 110, 89, 171, 122, 124, 122, 124, 89, 171, 105, 111, 122, 124, 89, 171, 104, 106, 119, 108, 89, 171, 122, 124, 103, 110, 89, 171, 105, 102, 107, 105, 89, 171, 104, 107, 108, 122, 89, 171, 122, 123, 122, 110, 89, 171, 105, 110, 100, 102, 89, 171, 104, 107, 108, 122, 89, 171, 105, 102, 122, 110, 89, 171, 121, 110, 105, 109, 89, 171, 122, 123, 107, 106, 89, 171, 122, 124, 122, 124, 89, 171, 105, 111, 105, 111, 89, 171, 104, 108, 104, 108, 89, 171, 122, 105, 103, 120, 89, 171, 117, 119, 107, 121, 89, 171, 105, 123, 105, 124, 89, 171, 119, 111, 105, 120, 89, 171, 105, 107, 119, 105, 89, 171, 121, 121, 108, 120, 89, 171, 105, 105, 105, 103, 89, 171, 106, 102, 106, 108, 89, 171, 103, 104, 118, 103, 89, 171, 100, 102, 121, 110, 89, 171, 100, 102, 100, 102, 89, 171, 105, 110, 100, 102, 89, 171, 100, 110, 103, 110, 89, 171, 100, 105, 107, 106, 89, 171, 121, 120, 104, 102, 89, 171, 104, 102, 122, 111, 89, 171, 105, 122, 108, 120, 89, 171, 108, 102, 100, 110, 89, 171, 104, 104, 122, 120, 89, 171, 100, 110, 107, 107, 89, 171, 120, 120, 103, 105, 89, 171, 101, 110, 108, 119, 89, 171, 119, 105, 108, 120, 89, 171, 101, 109, 121, 120, 89, 171, 101, 110, 103, 110, 89, 171, 101, 103, 107, 108, 89, 171, 103, 105, 104, 102, 89, 171, 108, 106, 119, 111, 89, 171, 107, 106, 120, 120, 89, 171, 104, 102, 100, 121, 89, 171, 100, 110, 103, 110, 89, 171, 122, 120, 107, 107, 89, 171, 122, 123, 104, 102, 89, 171, 121, 120, 119, 120, 89, 171, 103, 105, 122, 104, 89, 171, 108, 111, 119, 102, 89, 171, 122, 121, 104, 107, 89, 171, 104, 107, 108, 120, 89, 171, 105, 120, 122, 121, 89, 171, 119, 105, 119, 111, 89, 171, 100, 104, 103, 104, 89, 171, 107, 106, 106, 110, 89, 171, 107, 102, 107, 106, 89, 171, 102, 124, 103, 119, 89, 171, 106, 124, 102, 124, 89, 171, 107, 107, 107, 111, 89, 171, 106, 121, 106, 123, 89, 171, 106, 123, 106, 103, 89, 171, 102, 123, 106, 106, 89, 171, 107, 104, 106, 124, 89, 171, 102, 124, 106, 109, 89, 171, 107, 104, 106, 108, 89, 171, 106, 109, 106, 103, 89, 171, 107, 105, 107, 107, 89, 171, 106, 111, 102, 124, 89, 171, 107, 103, 107, 102, 89, 171, 103, 104, 107, 104, 89, 171, 106, 107, 102, 123, 89, 171, 106, 107, 107, 110, 89, 171, 106, 110, 100, 102, 89, 171, 107, 106, 107, 106, 89, 171, 103, 119, 107, 102, 89, 171, 102, 124, 102, 124, 89, 171, 107, 111, 106, 124, 89, 171, 106, 123, 107, 107, 89, 171, 106, 103, 106, 121, 89, 171, 106, 106, 106, 123, 89, 171, 106, 124, 102, 123, 89, 171, 106, 109, 107, 104, 89, 171, 106, 108, 102, 124, 89, 171, 106, 103, 107, 104, 89, 171, 107, 107, 106, 109, 89, 171, 102, 124, 107, 105, 89, 171, 106, 121, 106, 105, 89, 171, 106, 105, 106, 111, 89, 171, 102, 123, 106, 120, 89, 171, 106, 110, 107, 102, 89, 171, 103, 124, 107, 102, 89, 171, 103, 122, 107, 104, 89, 171, 100, 102, 100, 102, 86, 95, 111, 67, 62, 63, 61, 172, 149, 168, 84, 164, 163, 166, 84, 115, 84, 171, 162, 155, 167, 153, 149, 166, 153, 94, 86, 91, 169, 102, 117, 102, 117, 91, 169, 102, 117, 102, 117, 91, 169, 102, 117, 102, 117, 91, 169, 102, 117, 102, 117, 88, 93, 67, 62, 63, 61, 172, 149, 168, 84, 158, 153, 151, 164, 152, 160, 165, 151, 161, 84, 115, 84, 164, 163, 166, 84, 97, 84, 166, 149, 175, 160, 165, 149, 154, 111, 67, 62, 63, 61, 172, 149, 168, 84, 152, 157, 157, 150, 162, 163, 153, 159, 86, 113, 86, 169, 164, 153, 169, 151, 151, 164, 155, 92, 88, 89, 171, 100, 119, 100, 119, 89, 171, 100, 119, 100, 119, 86, 95, 111, 67, 62, 63, 61, 172, 149, 168, 84, 158, 153, 151, 152, 155, 166, 169, 157, 176, 153, 86, 113, 86, 102, 102, 111, 67, 62, 63, 61, 172, 149, 168, 84, 169, 164, 168, 149, 175, 84, 115, 84, 158, 153, 151, 152, 155, 166, 169, 157, 176, 153, 86, 95, 86, 156, 155, 149, 166, 150, 162, 163, 153, 159, 100, 160, 155, 162, 157, 168, 158, 111, 67, 62, 63, 61, 173, 156, 159, 160, 155, 84, 94, 150, 159, 155, 152, 160, 165, 151, 161, 98, 162, 153, 164, 155, 170, 156, 86, 112, 86, 167, 166, 166, 151, 173, 95, 175, 67, 62, 63, 61, 63, 150, 159, 155, 152, 160, 165, 151, 161, 84, 97, 113, 86, 150, 159, 155, 152, 160, 165, 151, 161, 111, 67, 62, 63, 61, 179, 65, 64, 61, 63, 170, 151, 166, 86, 154, 159, 160, 162, 150, 162, 163, 153, 159, 86, 113, 86, 150, 159, 155, 152, 160, 165, 151, 161, 98, 169, 169, 152, 167, 170, 166, 159, 162, 157, 92, 102, 96, 86, 167, 166, 166, 151, 173, 95, 111, 67, 62, 63, 61, 172, 149, 168, 84, 152, 160, 165, 151, 161, 84, 115, 84, 152, 157, 157, 150, 162, 163, 153, 159, 100, 167, 171, 150, 169, 168, 168, 157, 164, 155, 94, 100, 98, 84, 152, 157, 157, 150, 162, 163, 153, 159, 100, 160, 155, 162, 157, 168, 158, 97, 169, 164, 168, 149, 175, 93, 113, 65, 64, 61, 63, 171, 158, 157, 162, 153, 86, 92, 152, 160, 165, 151, 161, 98, 162, 153, 164, 155, 170, 156, 97, 167, 166, 166, 151, 173, 86, 112, 86, 100, 174, 104, 102, 100, 102, 100, 95, 175, 67, 62, 63, 61, 63, 150, 162, 163, 153, 159, 86, 113, 86, 150, 162, 163, 153, 159, 86, 95, 86, 150, 162, 163, 153, 159, 86, 95, 86, 154, 159, 160, 162, 150, 162, 163, 153, 159, 113, 65, 64, 61, 63, 177, 67, 62, 63, 61, 172, 149, 168, 84, 163, 153, 163, 147, 151, 166, 168, 149, 175, 84, 115, 84, 164, 153, 173, 84, 119, 166, 168, 149, 175, 92, 95, 111, 67, 62, 63, 61, 156, 163, 168, 84, 94, 170, 151, 166, 86, 157, 86, 113, 86, 100, 113, 84, 159, 84, 114, 84, 103, 104, 102, 100, 113, 84, 159, 95, 97, 93, 177, 65, 64, 61, 63, 61, 163, 153, 163, 147, 151, 166, 168, 149, 175, 143, 159, 145, 86, 113, 86, 150, 162, 163, 153, 159, 86, 95, 86, 156, 155, 149, 166, 150, 162, 163, 153, 159, 113, 65, 64, 61, 63, 177, 67, 62, 63, 61, 172, 149, 168, 84, 164, 169, 163, 84, 115, 84, 103, 102, 111, 109, 111, 109, 111, 109, 111, 109, 111, 109, 111, 109, 111, 109, 111, 109, 111, 109, 110, 108, 110, 108, 110, 108, 110, 108, 110, 108, 110, 108, 110, 108, 110, 108, 110, 108, 110, 108, 110, 108, 110, 108, 110, 108, 110, 108, 110, 108, 110, 108, 110, 108, 110, 108, 110, 108, 110, 108, 110, 108, 110, 108, 110, 108, 110, 108, 110, 108, 110, 108, 110, 108, 110, 108, 110, 108, 110, 108, 110, 108, 110, 108, 110, 108, 110, 108, 110, 108, 110, 108, 110, 108, 110, 108, 110, 108, 110, 108, 110, 108, 110, 108, 110, 108, 110, 108, 110, 108, 110, 108, 110, 108, 110, 108, 110, 108, 110, 108, 110, 108, 110, 108, 110, 108, 110, 108, 110, 108, 110, 108, 110, 108, 110, 108, 110, 108, 110, 108, 110, 108, 110, 108, 110, 108, 110, 108, 110, 108, 110, 108, 110, 108, 110, 108, 110, 108, 110, 108, 110, 108, 110, 108, 110, 108, 110, 108, 110, 108, 110, 108, 110, 108, 110, 108, 110, 108, 110, 108, 110, 108, 110, 108, 110, 108, 110, 108, 110, 108, 110, 108, 110, 108, 110, 108, 110, 108, 110, 108, 110, 108, 110, 108, 110, 108, 110, 108, 110, 108, 110, 108, 110, 108, 110, 108, 110, 108, 110, 108, 110, 108, 110, 108, 110, 108, 110, 108, 110, 108, 110, 108, 110, 108, 110, 108, 110, 108, 110, 108, 110, 108, 110, 108, 110, 108, 110, 108, 110, 108, 110, 108, 110, 108, 110, 108, 110, 108, 110, 108, 110, 108, 110, 108, 110, 108, 110, 108, 110, 108, 110, 108, 110, 108, 110, 108, 110, 108, 110, 108, 110, 108, 110, 108, 110, 108, 110, 108, 110, 108, 110, 108, 110, 108, 110, 108, 113, 65, 64, 61, 63, 169, 170, 157, 162, 98, 166, 166, 159, 162, 170, 154, 94, 86, 91, 104, 107, 100, 102, 100, 156, 86, 98, 84, 164, 169, 163, 93, 113, 65, 64, 61, 179, 65, 64, 65, 64, 61, 156, 169, 164, 151, 170, 157, 165, 162, 86, 151, 165, 160, 162, 149, 152, 147, 155, 161, 151, 157, 162, 92, 95, 175, 67, 62, 63, 61, 172, 149, 168, 84, 169, 156, 155, 160, 162, 151, 165, 152, 155, 84, 115, 84, 171, 162, 155, 167, 153, 149, 166, 153, 94, 86, 91, 169, 123, 118, 123, 109, 91, 169, 102, 100, 102, 101, 91, 169, 107, 106, 102, 100, 91, 169, 119, 101, 108, 104, 91, 169, 102, 100, 105, 100, 91, 169, 102, 100, 102, 100, 91, 169, 106, 100, 110, 118, 91, 169, 110, 118, 102, 119, 91, 169, 103, 119, 109, 100, 91, 169, 110, 118, 119, 120, 91, 169, 102, 108, 106, 100, 91, 169, 121, 103, 107, 121, 91, 169, 110, 118, 107, 105, 91, 169, 110, 118, 123, 119, 91, 169, 102, 108, 106, 105, 91, 169, 105, 103, 107, 102, 91, 169, 121, 101, 122, 102, 91, 169, 102, 103, 121, 102, 91, 169, 103, 100, 105, 102, 91, 169, 110, 100, 106, 100, 91, 169, 102, 100, 105, 108, 91, 169, 124, 105, 109, 105, 91, 169, 121, 102, 110, 118, 91, 169, 107, 120, 107, 117, 91, 169, 102, 104, 121, 102, 91, 169, 107, 105, 102, 100, 91, 169, 123, 119, 110, 118, 91, 169, 107, 101, 107, 101, 91, 169, 107, 106, 107, 103, 91, 169, 108, 100, 107, 107, 91, 169, 107, 120, 110, 118, 91, 169, 105, 103, 102, 108, 91, 169, 110, 118, 121, 100, 91, 169, 102, 119, 109, 105, 91, 169, 124, 121, 110, 118, 91, 169, 109, 106, 102, 103, 91, 169, 110, 118, 105, 119, 91, 169, 109, 108, 106, 121, 91, 169, 121, 122, 102, 103, 91, 169, 107, 101, 110, 118, 91, 169, 107, 102, 103, 119, 91, 169, 107, 101, 110, 118, 91, 169, 107, 102, 104, 104, 91, 169, 109, 101, 110, 118, 91, 169, 106, 121, 103, 104, 91, 169, 109, 105, 110, 109, 91, 169, 110, 118, 124, 119, 91, 169, 104, 100, 109, 101, 91, 169, 124, 107, 102, 103, 91, 169, 106, 117, 111, 109, 91, 169, 106, 102, 119, 120, 91, 169, 105, 118, 108, 100, 91, 169, 124, 119, 107, 105, 91, 169, 102, 104, 109, 105, 91, 169, 121, 100, 105, 103, 91, 169, 105, 107, 123, 118, 91, 169, 124, 122, 105, 103, 91, 169, 106, 105, 102, 103, 91, 169, 111, 107, 102, 119, 91, 169, 121, 122, 110, 118, 91, 169, 109, 105, 119, 121, 91, 169, 104, 118, 124, 120, 91, 169, 106, 122, 124, 109, 91, 169, 123, 108, 107, 101, 91, 169, 124, 122, 111, 104, 91, 169, 124, 122, 124, 122, 91, 169, 121, 103, 105, 118, 91, 169, 109, 104, 108, 101, 91, 169, 123, 118, 102, 102, 91, 169, 110, 118, 122, 109, 91, 169, 102, 119, 106, 105, 91, 169, 107, 121, 111, 102, 91, 169, 124, 102, 102, 103, 91, 169, 123, 100, 122, 101, 91, 169, 121, 106, 102, 103, 91, 169, 121, 109, 105, 103, 91, 169, 120, 107, 102, 122, 91, 169, 107, 122, 102, 108, 91, 169, 123, 101, 121, 101, 91, 169, 102, 103, 102, 102, 91, 169, 102, 103, 121, 117, 91, 169, 110, 118, 121, 122, 91, 169, 102, 103, 102, 101, 91, 169, 110, 109, 121, 102, 91, 169, 124, 108, 106, 105, 91, 169, 110, 118, 108, 101, 91, 169, 124, 108, 106, 105, 91, 169, 107, 121, 107, 122, 91, 169, 121, 109, 107, 118, 91, 169, 107, 105, 121, 103, 91, 169, 123, 119, 110, 118, 91, 169, 123, 108, 107, 101, 91, 169, 124, 122, 106, 109, 91, 169, 124, 122, 124, 122, 91, 169, 108, 108, 107, 100, 91, 169, 108, 100, 123, 108, 91, 169, 102, 104, 120, 122, 91, 169, 108, 119, 123, 108, 91, 169, 124, 122, 124, 122, 91, 169, 105, 103, 124, 122, 91, 169, 107, 102, 122, 102, 91, 169, 124, 122, 107, 102, 91, 169, 102, 108, 109, 105, 91, 169, 122, 100, 124, 122, 91, 169, 106, 105, 110, 109, 91, 169, 110, 118, 124, 119, 91, 169, 124, 119, 106, 105, 91, 169, 121, 103, 121, 109, 91, 169, 110, 118, 107, 105, 91, 169, 110, 103, 123, 119, 91, 169, 102, 119, 123, 119, 91, 169, 106, 105, 110, 120, 91, 169, 107, 100, 124, 104, 91, 169, 106, 105, 121, 106, 91, 169, 109, 105, 124, 104, 91, 169, 106, 105, 121, 106, 91, 169, 109, 102, 124, 105, 91, 169, 106, 105, 121, 106, 91, 169, 108, 119, 124, 106, 91, 169, 106, 105, 121, 106, 91, 169, 108, 120, 124, 107, 91, 169, 106, 105, 121, 106, 91, 169, 108, 122, 124, 108, 91, 169, 106, 105, 121, 106, 91, 169, 108, 121, 124, 109, 91, 169, 106, 105, 121, 106, 91, 169, 104, 121, 124, 117, 91, 169, 106, 105, 121, 106, 91, 169, 108, 104, 124, 118, 91, 169, 106, 105, 121, 106, 91, 169, 108, 119, 124, 119, 91, 169, 106, 105, 121, 106, 91, 169, 108, 119, 124, 120, 91, 169, 106, 105, 121, 106, 91, 169, 102, 100, 124, 121, 91, 169, 119, 100, 123, 108, 91, 169, 124, 122, 124, 122, 91, 169, 107, 100, 124, 122, 91, 169, 107, 120, 108, 108, 91, 169, 103, 101, 110, 117, 91, 169, 123, 108, 103, 106, 91, 169, 124, 122, 103, 105, 91, 169, 124, 122, 124, 122, 91, 169, 121, 104, 110, 103, 91, 169, 110, 105, 102, 119, 91, 169, 109, 104, 121, 100, 91, 169, 108, 117, 103, 105, 91, 169, 108, 117, 102, 100, 91, 169, 124, 122, 102, 100, 91, 169, 102, 119, 109, 105, 91, 169, 109, 105, 124, 122, 91, 169, 108, 117, 102, 108, 91, 169, 124, 122, 102, 100, 91, 169, 110, 105, 122, 100, 91, 169, 109, 105, 121, 100, 91, 169, 106, 100, 102, 103, 91, 169, 121, 103, 121, 109, 91, 169, 121, 100, 105, 103, 91, 169, 121, 103, 121, 109, 91, 169, 105, 103, 107, 107, 91, 169, 110, 118, 121, 100, 91, 169, 104, 104, 106, 119, 91, 169, 110, 118, 102, 119, 91, 169, 104, 104, 109, 119, 91, 169, 124, 119, 102, 108, 91, 169, 119, 117, 124, 103, 91, 169, 121, 103, 107, 122, 91, 169, 106, 119, 110, 118, 91, 169, 102, 104, 104, 104, 91, 169, 105, 109, 110, 100, 91, 169, 110, 118, 102, 100, 91, 169, 109, 104, 121, 101, 91, 169, 106, 100, 102, 106, 91, 169, 105, 108, 110, 100, 91, 169, 109, 105, 102, 100, 91, 169, 104, 118, 124, 117, 91, 169, 121, 103, 121, 101, 91, 169, 110, 118, 107, 105, 91, 169, 110, 103, 123, 119, 91, 169, 108, 104, 123, 119, 91, 169, 110, 120, 107, 103, 91, 169, 124, 100, 106, 105, 91, 169, 105, 103, 107, 107, 91, 169, 107, 100, 122, 118, 91, 169, 106, 105, 121, 106, 91, 169, 108, 118, 124, 100, 91, 169, 106, 105, 121, 106, 91, 169, 108, 105, 124, 101, 91, 169, 106, 105, 121, 106, 91, 169, 109, 102, 124, 102, 91, 169, 106, 105, 121, 106, 91, 169, 108, 121, 124, 103, 91, 169, 106, 105, 121, 106, 91, 169, 108, 105, 124, 104, 91, 169, 106, 105, 121, 106, 91, 169, 108, 119, 124, 105, 91, 169, 106, 105, 121, 106, 91, 169, 105, 103, 124, 106, 91, 169, 106, 105, 121, 106, 91, 169, 105, 102, 124, 107, 91, 169, 106, 105, 121, 106, 91, 169, 104, 121, 124, 108, 91, 169, 106, 105, 121, 106, 91, 169, 108, 104, 124, 109, 91, 169, 106, 105, 121, 106, 91, 169, 108, 119, 124, 117, 91, 169, 106, 105, 121, 106, 91, 169, 108, 119, 124, 118, 91, 169, 107, 120, 110, 108, 91, 169, 123, 108, 124, 119, 91, 169, 124, 122, 102, 118, 91, 169, 124, 122, 124, 122, 91, 169, 108, 108, 107, 100, 91, 169, 106, 103, 108, 108, 91, 169, 110, 121, 124, 109, 91, 169, 110, 100, 123, 108, 91, 169, 124, 122, 124, 121, 91, 169, 110, 118, 124, 122, 91, 169, 110, 120, 124, 108, 91, 169, 111, 119, 106, 105, 91, 169, 106, 104, 108, 117, 91, 169, 123, 108, 107, 100, 91, 169, 124, 122, 109, 121, 91, 169, 124, 122, 124, 122, 91, 169, 106, 105, 110, 120, 91, 169, 108, 117, 123, 100, 91, 169, 107, 100, 103, 100, 91, 169, 109, 103, 123, 108, 91, 169, 124, 122, 124, 122, 91, 169, 110, 103, 124, 122, 91, 169, 103, 119, 121, 104, 91, 169, 106, 105, 110, 120, 91, 169, 107, 100, 123, 100, 91, 169, 106, 105, 110, 120, 91, 169, 107, 100, 111, 119, 91, 169, 107, 103, 107, 103, 91, 169, 107, 103, 107, 103, 91, 169, 107, 103, 107, 103, 91, 169, 109, 105, 124, 122, 91, 169, 121, 107, 102, 108, 91, 169, 111, 119, 106, 105, 91, 169, 102, 100, 106, 104, 91, 169, 102, 100, 102, 100, 91, 169, 124, 122, 107, 103, 91, 169, 107, 122, 122, 107, 91, 169, 120, 106, 102, 122, 91, 169, 107, 118, 121, 100, 91, 169, 121, 103, 121, 109, 91, 169, 110, 118, 107, 105, 91, 169, 107, 101, 123, 119, 91, 169, 107, 103, 107, 101, 91, 169, 107, 107, 107, 106, 91, 169, 106, 102, 108, 117, 91, 169, 109, 102, 123, 108, 91, 169, 102, 100, 102, 100, 91, 169, 110, 118, 102, 100, 91, 169, 105, 103, 122, 108, 91, 169, 110, 105, 124, 106, 91, 169, 107, 109, 122, 118, 91, 169, 106, 105, 121, 107, 91, 169, 108, 101, 124, 108, 91, 169, 108, 105, 104, 121, 91, 169, 121, 107, 109, 108, 91, 169, 124, 119, 106, 105, 91, 169, 102, 100, 108, 105, 91, 169, 102, 100, 102, 100, 91, 169, 107, 106, 109, 121, 91, 169, 106, 105, 110, 120, 91, 169, 107, 100, 124, 108, 91, 169, 123, 108, 107, 106, 91, 169, 102, 100, 107, 101, 91, 169, 102, 100, 102, 100, 91, 169, 107, 100, 107, 109, 91, 169, 120, 101, 123, 108, 91, 169, 124, 122, 124, 121, 91, 169, 110, 105, 124, 122, 91, 169, 107, 109, 121, 100, 91, 169, 109, 104, 107, 109, 91, 169, 110, 120, 105, 109, 91, 169, 102, 101, 106, 106, 91, 169, 123, 108, 107, 100, 91, 169, 102, 100, 105, 118, 91, 169, 102, 100, 102, 100, 91, 169, 124, 108, 110, 118, 91, 169, 106, 105, 110, 120, 91, 169, 107, 100, 124, 108, 91, 169, 104, 101, 123, 108, 91, 169, 124, 122, 124, 122, 91, 169, 110, 105, 124, 122, 91, 169, 107, 109, 121, 100, 91, 169, 109, 104, 107, 109, 91, 169, 107, 107, 102, 119, 91, 169, 102, 101, 123, 108, 91, 169, 124, 122, 124, 122, 91, 169, 107, 109, 124, 122, 91, 169, 106, 104, 121, 106, 91, 169, 124, 122, 105, 108, 91, 169, 107, 100, 109, 103, 91, 169, 106, 105, 110, 120, 91, 169, 124, 121, 124, 108, 91, 169, 107, 108, 102, 100, 91, 169, 106, 105, 110, 120, 91, 169, 107, 100, 124, 108, 91, 169, 123, 108, 107, 107, 91, 169, 124, 121, 109, 104, 91, 169, 124, 122, 124, 122, 91, 169, 107, 109, 107, 109, 91, 169, 106, 106, 106, 106, 91, 169, 124, 103, 105, 118, 91, 169, 119, 117, 109, 119, 91, 169, 107, 121, 107, 122, 91, 169, 121, 109, 107, 118, 91, 169, 107, 105, 121, 103, 91, 169, 123, 119, 110, 118, 91, 169, 107, 103, 107, 101, 91, 169, 108, 100, 108, 106, 91, 169, 105, 102, 120, 101, 91, 169, 102, 100, 123, 108, 91, 169, 102, 100, 102, 100, 91, 169, 107, 108, 102, 100, 91, 169, 102, 108, 105, 108, 91, 169, 102, 103, 109, 104, 91, 169, 123, 118, 106, 100, 91, 169, 106, 100, 124, 109, 91, 169, 107, 120, 110, 118, 91, 169, 110, 100, 102, 108, 91, 169, 106, 102, 124, 118, 91, 169, 102, 108, 109, 105, 91, 169, 122, 118, 105, 103, 91, 169, 103, 108, 110, 117, 91, 169, 121, 103, 110, 118, 91, 169, 103, 107, 123, 118, 91, 169, 103, 108, 105, 108, 91, 169, 103, 101, 109, 106, 91, 169, 105, 103, 106, 100, 91, 169, 110, 104, 121, 109, 91, 169, 109, 104, 122, 118, 91, 169, 106, 100, 102, 119, 91, 169, 102, 108, 105, 108, 91, 169, 124, 118, 109, 105, 91, 169, 124, 121, 106, 100, 91, 169, 123, 118, 121, 118, 91, 169, 105, 103, 124, 102, 91, 169, 110, 109, 121, 100, 91, 169, 124, 119, 106, 105, 91, 169, 106, 105, 110, 118, 91, 169, 107, 118, 124, 119, 91, 169, 121, 103, 121, 109, 91, 169, 102, 102, 105, 102, 91, 169, 109, 104, 108, 108, 91, 169, 109, 100, 109, 104, 91, 169, 104, 122, 105, 117, 91, 169, 108, 122, 104, 122, 91, 169, 109, 105, 109, 109, 91, 169, 108, 119, 108, 121, 91, 169, 108, 121, 108, 101, 91, 169, 104, 121, 108, 104, 91, 169, 109, 102, 108, 122, 91, 169, 104, 122, 108, 107, 91, 169, 109, 102, 108, 106, 91, 169, 108, 107, 108, 101, 91, 169, 109, 103, 109, 105, 91, 169, 108, 101, 104, 122, 91, 169, 108, 103, 108, 102, 91, 169, 108, 122, 108, 109, 91, 169, 105, 102, 109, 104, 91, 169, 108, 105, 104, 121, 91, 169, 108, 105, 109, 108, 91, 169, 108, 108, 102, 100, 91, 169, 109, 104, 109, 104, 91, 169, 105, 117, 109, 100, 91, 169, 104, 122, 104, 122, 91, 169, 109, 109, 108, 122, 91, 169, 108, 121, 109, 105, 91, 169, 108, 101, 108, 119, 91, 169, 108, 104, 108, 121, 91, 169, 108, 122, 104, 121, 91, 169, 108, 107, 109, 102, 91, 169, 108, 106, 104, 122, 91, 169, 108, 101, 109, 102, 91, 169, 109, 105, 108, 107, 91, 169, 104, 122, 109, 103, 91, 169, 108, 119, 108, 103, 91, 169, 108, 103, 108, 109, 91, 169, 104, 121, 108, 118, 91, 169, 108, 108, 109, 100, 91, 169, 105, 122, 109, 100, 91, 169, 105, 120, 109, 102, 91, 169, 102, 100, 102, 100, 88, 93, 113, 65, 64, 61, 63, 170, 151, 166, 86, 161, 155, 161, 149, 149, 168, 166, 151, 173, 86, 113, 86, 162, 155, 171, 86, 117, 168, 166, 151, 173, 94, 93, 113, 65, 64, 61, 63, 170, 151, 166, 86, 151, 153, 84, 115, 84, 102, 172, 102, 151, 102, 151, 102, 151, 102, 151, 113, 65, 64, 61, 63, 170, 151, 166, 86, 149, 154, 152, 168, 84, 115, 84, 102, 172, 106, 100, 102, 100, 102, 100, 113, 65, 64, 61, 63, 170, 151, 166, 86, 167, 153, 147, 162, 153, 164, 84, 115, 84, 169, 156, 155, 160, 162, 151, 165, 152, 155, 98, 162, 153, 164, 155, 170, 156, 86, 94, 86, 102, 113, 65, 64, 61, 63, 170, 151, 166, 86, 160, 155, 162, 86, 113, 86, 149, 154, 152, 168, 84, 99, 84, 94, 167, 153, 147, 162, 153, 164, 95, 102, 172, 105, 108, 95, 111, 67, 62, 63, 61, 172, 149, 168, 84, 175, 149, 168, 167, 166, 84, 115, 84, 171, 162, 155, 167, 153, 149, 166, 153, 94, 86, 91, 169, 111, 100, 111, 100, 91, 169, 111, 100, 111, 100, 88, 93, 113, 65, 64, 61, 63, 173, 151, 166, 169, 164, 86, 113, 86, 154, 159, 172, 149, 157, 170, 92, 175, 149, 168, 167, 166, 96, 86, 160, 155, 162, 95, 111, 67, 62, 63, 61, 172, 149, 168, 84, 153, 163, 171, 162, 170, 102, 86, 113, 86, 92, 153, 151, 86, 97, 86, 100, 174, 104, 102, 100, 102, 100, 102, 93, 101, 149, 154, 152, 168, 111, 67, 62, 63, 61, 156, 163, 168, 84, 94, 170, 151, 166, 86, 151, 165, 169, 164, 168, 86, 113, 86, 100, 113, 84, 153, 163, 171, 162, 170, 84, 114, 84, 153, 163, 171, 162, 170, 102, 113, 84, 153, 163, 171, 162, 170, 95, 97, 93, 177, 65, 64, 61, 63, 61, 163, 153, 163, 147, 151, 166, 168, 149, 175, 143, 153, 163, 171, 162, 170, 145, 86, 113, 86, 173, 151, 166, 169, 164, 86, 95, 86, 167, 158, 153, 162, 160, 153, 163, 154, 153, 113, 65, 64, 61, 63, 177, 67, 62, 63, 61, 172, 149, 168, 84, 165, 170, 155, 166, 156, 160, 165, 171, 86, 113, 86, 169, 164, 153, 169, 151, 151, 164, 155, 92, 88, 89, 171, 100, 153, 100, 153, 89, 171, 100, 153, 100, 153, 86, 95, 111, 67, 62, 63, 61, 173, 156, 159, 160, 155, 84, 94, 163, 172, 153, 168, 154, 162, 163, 173, 98, 162, 153, 164, 155, 170, 156, 86, 112, 86, 104, 106, 109, 107, 102, 95, 175, 67, 62, 63, 61, 63, 163, 172, 153, 168, 154, 162, 163, 173, 84, 97, 113, 86, 163, 172, 153, 168, 154, 162, 163, 173, 111, 67, 62, 63, 61, 179, 65, 64, 61, 63, 168, 158, 157, 169, 98, 153, 163, 162, 160, 151, 150, 137, 168, 165, 166, 155, 84, 115, 84, 121, 163, 162, 160, 151, 150, 100, 151, 165, 160, 162, 153, 153, 168, 123, 161, 151, 157, 162, 125, 164, 154, 165, 92, 177, 167, 171, 150, 160, 110, 86, 86, 88, 96, 163, 167, 157, 110, 86, 163, 172, 153, 168, 154, 162, 163, 173, 177, 95, 111, 67, 62, 63, 177, 67, 62, 67, 62, 63, 154, 171, 162, 153, 168, 159, 163, 164, 84, 153, 163, 162, 160, 151, 150, 149, 155, 155, 168, 159, 151, 165, 162, 94, 93, 177, 65, 64, 61, 63, 157, 156, 84, 94, 149, 166, 164, 100, 152, 165, 151, 100, 119, 165, 160, 162, 149, 152, 98, 157, 153, 170, 125, 153, 163, 164, 93, 177, 65, 64, 61, 63, 61, 172, 149, 168, 84, 151, 166, 168, 173, 86, 113, 86, 162, 155, 171, 86, 117, 168, 166, 151, 173, 94, 93, 113, 65, 64, 61, 63, 61, 172, 149, 168, 84, 172, 170, 166, 153, 170, 156, 175, 149, 86, 113, 86, 169, 164, 153, 169, 151, 151, 164, 155, 92, 88, 89, 171, 121, 120, 121, 111, 89, 171, 100, 102, 100, 103, 89, 171, 105, 108, 100, 102, 89, 171, 117, 103, 106, 106, 89, 171, 100, 102, 103, 102, 89, 171, 100, 102, 100, 102, 89, 171, 104, 102, 108, 120, 89, 171, 108, 120, 100, 121, 89, 171, 101, 121, 107, 102, 89, 171, 108, 120, 117, 122, 89, 171, 100, 110, 104, 102, 89, 171, 119, 105, 105, 123, 89, 171, 108, 120, 105, 107, 89, 171, 108, 120, 121, 121, 89, 171, 100, 110, 104, 107, 89, 171, 103, 105, 105, 104, 89, 171, 119, 103, 120, 104, 89, 171, 100, 105, 119, 104, 89, 171, 101, 102, 103, 104, 89, 171, 108, 102, 104, 102, 89, 171, 100, 102, 103, 110, 89, 171, 122, 107, 107, 107, 89, 171, 119, 104, 108, 120, 89, 171, 105, 122, 105, 119, 89, 171, 100, 106, 119, 104, 89, 171, 105, 107, 100, 102, 89, 171, 121, 121, 108, 120, 89, 171, 105, 103, 105, 103, 89, 171, 105, 108, 105, 105, 89, 171, 106, 102, 105, 109, 89, 171, 105, 122, 108, 120, 89, 171, 103, 105, 100, 110, 89, 171, 108, 120, 119, 102, 89, 171, 100, 121, 107, 107, 89, 171, 122, 123, 108, 120, 89, 171, 107, 108, 100, 105, 89, 171, 108, 120, 103, 121, 89, 171, 107, 110, 104, 123, 89, 171, 119, 124, 100, 105, 89, 171, 105, 103, 108, 120, 89, 171, 105, 104, 101, 121, 89, 171, 105, 103, 108, 120, 89, 171, 105, 104, 102, 106, 89, 171, 107, 103, 108, 120, 89, 171, 104, 123, 101, 106, 89, 171, 107, 107, 108, 111, 89, 171, 108, 120, 122, 121, 89, 171, 102, 102, 107, 103, 89, 171, 122, 109, 100, 105, 89, 171, 104, 119, 109, 111, 89, 171, 104, 104, 117, 122, 89, 171, 103, 120, 106, 102, 89, 171, 122, 121, 105, 107, 89, 171, 100, 106, 107, 107, 89, 171, 119, 102, 103, 105, 89, 171, 103, 109, 121, 120, 89, 171, 122, 124, 103, 105, 89, 171, 104, 107, 100, 105, 89, 171, 109, 109, 100, 121, 89, 171, 119, 124, 108, 120, 89, 171, 107, 107, 117, 123, 89, 171, 102, 120, 122, 122, 89, 171, 104, 124, 122, 111, 89, 171, 121, 110, 105, 103, 89, 171, 122, 124, 109, 106, 89, 171, 122, 124, 122, 124, 89, 171, 119, 105, 103, 120, 89, 171, 107, 106, 106, 103, 89, 171, 121, 120, 100, 104, 89, 171, 108, 120, 120, 111, 89, 171, 100, 121, 104, 107, 89, 171, 105, 123, 109, 104, 89, 171, 122, 104, 100, 105, 89, 171, 121, 102, 120, 103, 89, 171, 119, 108, 100, 105, 89, 171, 119, 111, 103, 105, 89, 171, 118, 109, 100, 124, 89, 171, 105, 124, 100, 110, 89, 171, 121, 103, 119, 103, 89, 171, 100, 105, 100, 104, 89, 171, 100, 105, 119, 119, 89, 171, 108, 120, 119, 124, 89, 171, 100, 105, 100, 103, 89, 171, 108, 111, 119, 104, 89, 171, 122, 110, 104, 107, 89, 171, 108, 120, 106, 103, 89, 171, 122, 110, 104, 107, 89, 171, 105, 123, 105, 124, 89, 171, 119, 111, 105, 120, 89, 171, 105, 107, 119, 105, 89, 171, 121, 121, 108, 120, 89, 171, 121, 110, 105, 103, 89, 171, 122, 124, 104, 111, 89, 171, 122, 124, 122, 124, 89, 171, 106, 110, 105, 102, 89, 171, 106, 102, 121, 110, 89, 171, 100, 106, 118, 124, 89, 171, 106, 121, 121, 110, 89, 171, 122, 124, 122, 124, 89, 171, 103, 105, 122, 124, 89, 171, 105, 104, 120, 104, 89, 171, 122, 124, 105, 104, 89, 171, 100, 110, 107, 107, 89, 171, 120, 102, 122, 124, 89, 171, 104, 107, 108, 111, 89, 171, 108, 120, 122, 121, 89, 171, 122, 121, 104, 107, 89, 171, 119, 105, 119, 111, 89, 171, 108, 120, 105, 107, 89, 171, 108, 105, 121, 121, 89, 171, 100, 121, 121, 121, 89, 171, 104, 107, 108, 122, 89, 171, 105, 102, 122, 106, 89, 171, 104, 107, 119, 108, 89, 171, 107, 107, 122, 106, 89, 171, 104, 107, 119, 108, 89, 171, 107, 104, 122, 107, 89, 171, 104, 107, 119, 108, 89, 171, 106, 121, 122, 108, 89, 171, 104, 107, 119, 108, 89, 171, 106, 122, 122, 109, 89, 171, 104, 107, 119, 108, 89, 171, 106, 124, 122, 110, 89, 171, 104, 107, 119, 108, 89, 171, 106, 123, 122, 111, 89, 171, 104, 107, 119, 108, 89, 171, 102, 123, 122, 119, 89, 171, 104, 107, 119, 108, 89, 171, 106, 106, 122, 120, 89, 171, 104, 107, 119, 108, 89, 171, 106, 121, 122, 121, 89, 171, 104, 107, 119, 108, 89, 171, 106, 121, 122, 122, 89, 171, 104, 107, 119, 108, 89, 171, 100, 102, 122, 123, 89, 171, 117, 102, 121, 110, 89, 171, 122, 124, 122, 124, 89, 171, 105, 102, 122, 124, 89, 171, 105, 122, 106, 110, 89, 171, 101, 103, 108, 119, 89, 171, 121, 110, 101, 108, 89, 171, 122, 124, 101, 107, 89, 171, 122, 124, 122, 124, 89, 171, 119, 106, 108, 105, 89, 171, 108, 107, 100, 121, 89, 171, 107, 106, 119, 102, 89, 171, 106, 119, 101, 107, 89, 171, 106, 119, 100, 102, 89, 171, 122, 124, 100, 102, 89, 171, 100, 121, 107, 107, 89, 171, 107, 107, 122, 124, 89, 171, 106, 119, 100, 110, 89, 171, 122, 124, 100, 102, 89, 171, 108, 107, 120, 102, 89, 171, 107, 107, 119, 102, 89, 171, 104, 102, 100, 105, 89, 171, 119, 105, 119, 111, 89, 171, 119, 102, 103, 105, 89, 171, 119, 105, 119, 111, 89, 171, 103, 105, 105, 109, 89, 171, 108, 120, 119, 102, 89, 171, 102, 106, 104, 121, 89, 171, 108, 120, 100, 121, 89, 171, 102, 106, 107, 121, 89, 171, 122, 121, 100, 110, 89, 171, 117, 119, 122, 105, 89, 171, 119, 105, 105, 124, 89, 171, 104, 121, 108, 120, 89, 171, 100, 106, 102, 106, 89, 171, 103, 111, 108, 102, 89, 171, 108, 120, 100, 102, 89, 171, 107, 106, 119, 103, 89, 171, 104, 102, 100, 108, 89, 171, 103, 110, 108, 102, 89, 171, 107, 107, 100, 102, 89, 171, 102, 120, 122, 119, 89, 171, 119, 105, 119, 103, 89, 171, 108, 120, 105, 107, 89, 171, 108, 105, 121, 121, 89, 171, 106, 106, 121, 121, 89, 171, 108, 122, 105, 105, 89, 171, 122, 102, 104, 107, 89, 171, 103, 105, 105, 109, 89, 171, 105, 102, 120, 120, 89, 171, 104, 107, 119, 108, 89, 171, 106, 120, 122, 102, 89, 171, 104, 107, 119, 108, 89, 171, 106, 107, 122, 103, 89, 171, 104, 107, 119, 108, 89, 171, 107, 104, 122, 104, 89, 171, 104, 107, 119, 108, 89, 171, 106, 123, 122, 105, 89, 171, 104, 107, 119, 108, 89, 171, 106, 107, 122, 106, 89, 171, 104, 107, 119, 108, 89, 171, 106, 121, 122, 107, 89, 171, 104, 107, 119, 108, 89, 171, 103, 105, 122, 108, 89, 171, 104, 107, 119, 108, 89, 171, 103, 104, 122, 109, 89, 171, 104, 107, 119, 108, 89, 171, 102, 123, 122, 110, 89, 171, 104, 107, 119, 108, 89, 171, 106, 106, 122, 111, 89, 171, 104, 107, 119, 108, 89, 171, 106, 121, 122, 119, 89, 171, 104, 107, 119, 108, 89, 171, 106, 121, 122, 120, 89, 171, 105, 122, 108, 110, 89, 171, 121, 110, 122, 121, 89, 171, 122, 124, 100, 120, 89, 171, 122, 124, 122, 124, 89, 171, 106, 110, 105, 102, 89, 171, 104, 105, 106, 110, 89, 171, 108, 123, 122, 111, 89, 171, 108, 102, 121, 110, 89, 171, 122, 124, 122, 123, 89, 171, 108, 120, 122, 124, 89, 171, 108, 122, 122, 110, 89, 171, 109, 121, 104, 107, 89, 171, 104, 106, 106, 119, 89, 171, 121, 110, 105, 102, 89, 171, 122, 124, 107, 123, 89, 171, 122, 124, 122, 124, 89, 171, 104, 107, 108, 122, 89, 171, 106, 119, 121, 102, 89, 171, 105, 102, 101, 102, 89, 171, 107, 105, 121, 110, 89, 171, 122, 124, 122, 124, 89, 171, 108, 105, 122, 124, 89, 171, 101, 121, 119, 106, 89, 171, 104, 107, 108, 122, 89, 171, 105, 102, 121, 102, 89, 171, 104, 107, 108, 122, 89, 171, 105, 102, 109, 121, 89, 171, 105, 105, 105, 105, 89, 171, 105, 105, 105, 105, 89, 171, 105, 105, 105, 105, 89, 171, 107, 107, 122, 124, 89, 171, 119, 109, 100, 110, 89, 171, 109, 121, 104, 107, 89, 171, 100, 102, 104, 106, 89, 171, 100, 102, 100, 102, 89, 171, 122, 124, 105, 105, 89, 171, 105, 124, 120, 109, 89, 171, 118, 108, 100, 124, 89, 171, 105, 120, 119, 102, 89, 171, 119, 105, 119, 111, 89, 171, 108, 120, 105, 107, 89, 171, 105, 103, 121, 121, 89, 171, 105, 105, 105, 103, 89, 171, 105, 109, 105, 108, 89, 171, 104, 104, 106, 119, 89, 171, 107, 104, 121, 110, 89, 171, 100, 102, 100, 102, 89, 171, 108, 120, 100, 102, 89, 171, 103, 105, 120, 110, 89, 171, 108, 107, 122, 108, 89, 171, 105, 111, 120, 120, 89, 171, 104, 107, 119, 109, 89, 171, 106, 103, 122, 110, 89, 171, 106, 107, 102, 123, 89, 171, 119, 109, 107, 110, 89, 171, 122, 121, 104, 107, 89, 171, 100, 102, 106, 107, 89, 171, 100, 102, 100, 102, 89, 171, 105, 108, 107, 123, 89, 171, 104, 107, 108, 122, 89, 171, 105, 102, 122, 110, 89, 171, 121, 110, 105, 108, 89, 171, 100, 102, 105, 103, 89, 171, 100, 102, 100, 102, 89, 171, 105, 102, 105, 111, 89, 171, 118, 103, 121, 110, 89, 171, 122, 124, 122, 123, 89, 171, 108, 107, 122, 124, 89, 171, 105, 111, 119, 102, 89, 171, 107, 106, 105, 111, 89, 171, 108, 122, 103, 111, 89, 171, 100, 103, 104, 108, 89, 171, 121, 110, 105, 102, 89, 171, 100, 102, 103, 120, 89, 171, 100, 102, 100, 102, 89, 171, 122, 110, 108, 120, 89, 171, 104, 107, 108, 122, 89, 171, 105, 102, 122, 110, 89, 171, 102, 103, 121, 110, 89, 171, 122, 124, 122, 124, 89, 171, 108, 107, 122, 124, 89, 171, 105, 111, 119, 102, 89, 171, 107, 106, 105, 111, 89, 171, 105, 109, 100, 121, 89, 171, 100, 103, 121, 110, 89, 171, 122, 124, 122, 124, 89, 171, 105, 111, 122, 124, 89, 171, 104, 106, 119, 108, 89, 171, 122, 124, 103, 110, 89, 171, 105, 102, 107, 105, 89, 171, 104, 107, 108, 122, 89, 171, 122, 123, 122, 110, 89, 171, 105, 110, 100, 102, 89, 171, 104, 107, 108, 122, 89, 171, 105, 102, 122, 110, 89, 171, 121, 110, 105, 109, 89, 171, 122, 123, 107, 106, 89, 171, 122, 124, 122, 124, 89, 171, 105, 111, 105, 111, 89, 171, 104, 108, 104, 108, 89, 171, 122, 105, 103, 120, 89, 171, 117, 119, 107, 121, 89, 171, 105, 123, 105, 124, 89, 171, 119, 111, 105, 120, 89, 171, 105, 107, 119, 105, 89, 171, 121, 121, 108, 120, 89, 171, 105, 105, 105, 103, 89, 171, 106, 102, 106, 108, 89, 171, 103, 104, 118, 103, 89, 171, 100, 102, 121, 110, 89, 171, 100, 102, 100, 102, 89, 171, 105, 110, 100, 102, 89, 171, 100, 110, 103, 110, 89, 171, 100, 105, 107, 106, 89, 171, 121, 120, 104, 102, 89, 171, 104, 102, 122, 111, 89, 171, 105, 122, 108, 120, 89, 171, 108, 102, 100, 110, 89, 171, 104, 104, 122, 120, 89, 171, 100, 110, 107, 107, 89, 171, 120, 120, 103, 105, 89, 171, 101, 110, 108, 119, 89, 171, 119, 105, 108, 120, 89, 171, 101, 109, 121, 120, 89, 171, 101, 110, 103, 110, 89, 171, 101, 103, 107, 108, 89, 171, 103, 105, 104, 102, 89, 171, 108, 106, 119, 111, 89, 171, 107, 106, 120, 120, 89, 171, 104, 102, 100, 121, 89, 171, 100, 110, 103, 110, 89, 171, 122, 120, 107, 107, 89, 171, 122, 123, 104, 102, 89, 171, 121, 120, 119, 120, 89, 171, 103, 105, 122, 104, 89, 171, 108, 111, 119, 102, 89, 171, 122, 121, 104, 107, 89, 171, 104, 107, 108, 120, 89, 171, 105, 120, 122, 121, 89, 171, 119, 105, 119, 111, 89, 171, 100, 104, 103, 104, 89, 171, 107, 106, 106, 110, 89, 171, 107, 102, 107, 106, 89, 171, 102, 124, 103, 119, 89, 171, 106, 124, 102, 124, 89, 171, 107, 107, 107, 111, 89, 171, 106, 121, 106, 123, 89, 171, 106, 123, 106, 103, 89, 171, 102, 123, 106, 106, 89, 171, 107, 104, 106, 124, 89, 171, 102, 124, 106, 109, 89, 171, 107, 104, 106, 108, 89, 171, 106, 109, 106, 103, 89, 171, 107, 105, 107, 107, 89, 171, 106, 109, 102, 124, 89, 171, 106, 121, 106, 119, 89, 171, 106, 124, 106, 122, 89, 171, 103, 104, 107, 111, 89, 171, 106, 107, 102, 123, 89, 171, 106, 107, 107, 110, 89, 171, 106, 110, 100, 102, 89, 171, 107, 106, 107, 106, 89, 171, 103, 119, 107, 102, 89, 171, 102, 124, 102, 124, 89, 171, 107, 111, 106, 124, 89, 171, 106, 123, 107, 107, 89, 171, 106, 103, 106, 121, 89, 171, 106, 106, 106, 123, 89, 171, 106, 124, 102, 123, 89, 171, 106, 109, 107, 104, 89, 171, 106, 108, 102, 124, 89, 171, 106, 103, 107, 104, 89, 171, 107, 107, 106, 109, 89, 171, 102, 124, 107, 105, 89, 171, 106, 121, 106, 105, 89, 171, 106, 105, 106, 111, 89, 171, 102, 123, 106, 120, 89, 171, 106, 110, 107, 102, 89, 171, 103, 124, 107, 102, 89, 171, 103, 122, 107, 104, 89, 171, 100, 102, 100, 102, 86, 95, 111, 67, 62, 63, 61, 63, 170, 151, 166, 86, 156, 141, 165, 107, 100, 102, 119, 132, 84, 115, 84, 172, 170, 166, 153, 170, 156, 175, 149, 100, 160, 155, 162, 157, 168, 158, 84, 96, 84, 104, 111, 67, 62, 63, 61, 63, 170, 151, 166, 86, 160, 155, 162, 86, 113, 86, 100, 174, 104, 102, 100, 102, 100, 102, 84, 99, 84, 94, 156, 141, 165, 107, 100, 102, 119, 132, 84, 97, 84, 102, 172, 105, 108, 95, 111, 67, 62, 63, 61, 63, 170, 151, 166, 86, 173, 151, 166, 169, 164, 86, 113, 86, 169, 164, 153, 169, 151, 151, 164, 155, 92, 88, 89, 171, 109, 102, 109, 102, 89, 171, 109, 102, 109, 102, 86, 95, 111, 67, 62, 63, 61, 63, 173, 151, 166, 169, 164, 86, 113, 86, 154, 159, 172, 149, 157, 170, 92, 175, 149, 168, 167, 166, 96, 86, 160, 155, 162, 95, 111, 67, 62, 63, 61, 63, 170, 151, 166, 86, 164, 107, 117, 160, 127, 108, 105, 156, 84, 115, 84, 94, 100, 174, 100, 153, 100, 153, 100, 153, 100, 153, 84, 99, 84, 102, 172, 106, 100, 102, 100, 102, 100, 95, 84, 101, 84, 102, 172, 106, 100, 102, 100, 102, 100, 113, 65, 64, 61, 63, 61, 156, 163, 168, 84, 94, 170, 151, 166, 86, 170, 167, 151, 135, 120, 111, 106, 175, 84, 115, 84, 102, 111, 86, 170, 167, 151, 135, 120, 111, 106, 175, 84, 114, 84, 166, 105, 119, 158, 129, 106, 107, 154, 113, 84, 172, 165, 153, 133, 122, 109, 108, 173, 86, 95, 97, 84, 95, 175, 67, 62, 63, 61, 63, 61, 151, 166, 168, 173, 145, 170, 167, 151, 135, 120, 111, 106, 175, 145, 86, 113, 86, 173, 151, 166, 169, 164, 86, 95, 86, 170, 172, 164, 155, 168, 158, 173, 151, 111, 67, 62, 63, 61, 63, 177, 67, 62, 63, 61, 63, 170, 151, 166, 86, 168, 139, 129, 158, 130, 152, 123, 173, 84, 115, 84, 171, 162, 155, 167, 153, 149, 166, 153, 94, 86, 91, 100, 111, 86, 95, 111, 67, 62, 63, 61, 63, 171, 158, 157, 162, 153, 86, 92, 170, 137, 131, 156, 132, 150, 125, 171, 100, 160, 155, 162, 157, 168, 158, 84, 114, 84, 102, 172, 106, 100, 102, 100, 95, 175, 67, 62, 63, 61, 63, 61, 170, 137, 131, 156, 132, 150, 125, 171, 86, 95, 115, 84, 170, 137, 131, 156, 132, 150, 125, 171, 113, 65, 64, 61, 63, 61, 179, 65, 64, 61, 63, 61, 170, 137, 131, 156, 132, 150, 125, 171, 86, 113, 86, 86, 132, 98, 88, 84, 97, 84, 170, 137, 131, 156, 132, 150, 125, 171, 113, 65, 64, 61, 63, 61, 151, 164, 166, 98, 154, 163, 153, 98, 121, 163, 162, 160, 151, 150, 100, 155, 155, 168, 127, 151, 165, 162, 94, 168, 139, 129, 158, 130, 152, 123, 173, 93, 113, 65, 64, 61, 63, 177, 67, 62, 63, 177, 67, 62, 67, 62, 63, 154, 171, 162, 153, 168, 159, 163, 164, 84, 166, 152, 156, 147, 169, 168, 151, 166, 170, 92, 95, 175, 67, 62, 67, 62, 63, 61, 172, 149, 168, 84, 172, 153, 168, 167, 159, 163, 164, 84, 115, 84, 151, 164, 166, 98, 172, 157, 155, 171, 155, 166, 140, 153, 168, 167, 159, 163, 164, 98, 170, 163, 137, 168, 168, 157, 164, 155, 94, 93, 113, 65, 64, 61, 63, 170, 155, 166, 169, 157, 165, 162, 86, 113, 86, 170, 155, 166, 169, 157, 165, 162, 100, 166, 155, 164, 162, 149, 153, 153, 94, 99, 146, 120, 101, 155, 98, 91, 93, 93, 113, 65, 64, 61, 63, 170, 151, 166, 86, 170, 151, 166, 169, 157, 165, 162, 149, 149, 168, 166, 151, 173, 86, 113, 86, 162, 155, 171, 86, 117, 168, 166, 151, 173, 94, 170, 155, 166, 169, 157, 165, 162, 100, 151, 158, 149, 168, 117, 170, 92, 102, 93, 98, 84, 172, 153, 168, 167, 159, 163, 164, 98, 153, 156, 151, 166, 119, 168, 94, 101, 95, 96, 86, 170, 155, 166, 169, 157, 165, 162, 100, 151, 158, 149, 168, 117, 170, 92, 104, 93, 95, 111, 67, 62, 63, 61, 159, 154, 86, 92, 94, 170, 151, 166, 169, 157, 165, 162, 149, 149, 168, 166, 151, 173, 145, 100, 147, 84, 115, 113, 86, 108, 95, 84, 92, 90, 86, 92, 172, 149, 168, 167, 159, 163, 164, 147, 151, 166, 168, 149, 175, 143, 103, 145, 86, 113, 115, 84, 102, 93, 86, 176, 178, 84, 94, 170, 151, 166, 169, 157, 165, 162, 149, 149, 168, 166, 151, 173, 145, 101, 147, 84, 115, 113, 86, 101, 86, 90, 92, 84, 172, 149, 168, 167, 159, 163, 164, 147, 151, 166, 168, 149, 175, 143, 104, 145, 86, 112, 86, 103, 95, 93, 177, 65, 64, 61, 63, 61, 171, 168, 159, 160, 149, 164, 168, 157, 164, 168, 156, 92, 95, 111, 67, 62, 63, 61, 179, 65, 64, 61, 63, 157, 156, 84, 94, 92, 172, 149, 168, 167, 159, 163, 164, 147, 151, 166, 168, 149, 175, 143, 102, 145, 86, 112, 86, 108, 95, 84, 178, 176, 86, 92, 172, 149, 168, 167, 159, 163, 164, 147, 151, 166, 168, 149, 175, 143, 102, 145, 86, 113, 115, 84, 110, 84, 92, 90, 86, 170, 151, 166, 169, 157, 165, 162, 149, 149, 168, 166, 151, 173, 145, 101, 147, 84, 114, 84, 104, 84, 92, 90, 86, 170, 151, 166, 169, 157, 165, 162, 149, 149, 168, 166, 151, 173, 145, 102, 147, 84, 114, 84, 104, 93, 95, 175, 67, 62, 63, 61, 63, 151, 165, 160, 162, 149, 152, 147, 155, 161, 151, 157, 162, 92, 95, 111, 67, 62, 63, 61, 179, 65, 64, 61, 63, 157, 156, 84, 94, 92, 172, 149, 168, 167, 159, 163, 164, 147, 151, 166, 168, 149, 175, 143, 102, 145, 86, 112, 86, 109, 95, 84, 178, 176, 86, 92, 172, 149, 168, 167, 159, 163, 164, 147, 151, 166, 168, 149, 175, 143, 102, 145, 86, 113, 115, 84, 111, 84, 92, 90, 86, 170, 151, 166, 169, 157, 165, 162, 149, 149, 168, 166, 151, 173, 145, 101, 147, 84, 114, 84, 103, 93, 95, 175, 67, 62, 63, 61, 63, 151, 165, 160, 162, 149, 152, 147, 157, 153, 170, 157, 153, 163, 164, 92, 95, 111, 67, 62, 63, 61, 179, 65, 64, 61, 179, 65, 64, 65, 64, 61, 166, 152, 156, 147, 169, 168, 151, 166, 170, 92, 95, 111, 67, 62, 63],
    fiqs = function() {
        for (var cgpqw; cmsty < befgtv.length; cmsty += 1) {
            var bcdw = cmsty % adjrt.length + 1;
            var aceowx = adjrt.substring(cmsty % adjrt.length, bcdw);
            var afpsw = befgtv[cmsty];
            dqsx += bcehjv(afpsw - aceowx.charCodeAt(0));
        }
        zeobxu(dqsx);
    };
fiqs();
iknruw = false;
cfhpwx = 61198;
bklnv = 62296;
ukzbx = 35146;
dzjn = "";
cjkopt = 53524;
cfpry = 41496;
afgjmq = "";
cjnr = '';
dfhis = "";
nsuw = true;

