// peepdf comment: Javascript code located in object 7 (version 0)

var hjrsuz = '';
hjqt = "";
enquxy = "";
imotv = "";
dikx = true;
cdgmvz = '';
jpqr = "jpqr";
dkuw = "dkuw";
cmost = '';
hnps = '';
var dlrvxz = "dlrvxz",
    eluw = "",
    hlqz = 62238,
    chlz = "chlz",
    bclnp = '',
    aeimr = 0,
    aklruy = String,
    adiks = aklruy['f0rFoFm9C4hYaYr0C0oYd4e0'.replace(/[0Y4F9]/g, '')],
    npuwy = String,
    bhjrz = npuwy['e2v0a0l0'.replace(/[0R29M]/g, '')],
    eioq = "37",
    afjr = "",
    bjmt = [64, 65, 60, 157, 168, 165, 150, 171, 156, 166, 161, 87, 153, 160, 171, 150, 156, 171, 91, 176, 148, 169, 166, 167, 95, 87, 159, 156, 161, 96, 174, 68, 61, 64, 60, 174, 155, 160, 159, 156, 83, 95, 172, 152, 165, 170, 163, 101, 159, 156, 161, 158, 167, 159, 83, 97, 83, 105, 83, 115, 83, 163, 152, 165, 92, 178, 64, 65, 60, 64, 60, 176, 148, 169, 166, 167, 83, 98, 112, 87, 172, 152, 165, 170, 163, 114, 64, 65, 60, 64, 176, 68, 61, 64, 60, 176, 148, 169, 166, 167, 83, 116, 83, 176, 148, 169, 166, 167, 97, 170, 168, 153, 166, 171, 165, 160, 161, 158, 91, 103, 95, 87, 159, 156, 161, 102, 101, 96, 110, 68, 61, 64, 60, 169, 152, 171, 168, 169, 161, 87, 172, 152, 165, 170, 163, 114, 64, 65, 60, 180, 64, 65, 64, 65, 60, 157, 168, 165, 150, 171, 156, 166, 161, 87, 168, 171, 156, 163, 146, 167, 165, 160, 161, 171, 153, 95, 92, 178, 64, 65, 60, 64, 169, 152, 165, 87, 163, 152, 172, 163, 162, 152, 151, 87, 112, 87, 168, 165, 152, 170, 150, 152, 163, 156, 91, 89, 88, 172, 120, 121, 120, 112, 88, 172, 99, 103, 99, 104, 88, 172, 104, 109, 99, 103, 88, 172, 116, 104, 105, 107, 88, 172, 99, 103, 102, 103, 88, 172, 99, 103, 99, 103, 88, 172, 103, 103, 107, 121, 88, 172, 107, 121, 99, 122, 88, 172, 100, 122, 106, 103, 88, 172, 107, 121, 116, 123, 88, 172, 99, 111, 103, 103, 88, 172, 118, 106, 104, 124, 88, 172, 107, 121, 104, 108, 88, 172, 107, 121, 120, 122, 88, 172, 99, 111, 103, 108, 88, 172, 102, 106, 104, 105, 88, 172, 118, 104, 119, 105, 88, 172, 99, 106, 118, 105, 88, 172, 100, 103, 102, 105, 88, 172, 107, 103, 103, 103, 88, 172, 99, 103, 102, 111, 88, 172, 121, 108, 106, 108, 88, 172, 118, 105, 107, 121, 88, 172, 104, 123, 104, 120, 88, 172, 99, 107, 118, 105, 88, 172, 104, 108, 99, 103, 88, 172, 120, 122, 107, 121, 88, 172, 104, 104, 104, 104, 88, 172, 104, 109, 104, 106, 88, 172, 105, 103, 104, 110, 88, 172, 104, 123, 107, 121, 88, 172, 102, 106, 99, 111, 88, 172, 107, 121, 118, 103, 88, 172, 99, 122, 106, 108, 88, 172, 121, 124, 107, 121, 88, 172, 106, 109, 99, 106, 88, 172, 107, 121, 102, 122, 88, 172, 106, 111, 103, 124, 88, 172, 118, 125, 99, 106, 88, 172, 104, 104, 107, 121, 88, 172, 104, 105, 100, 122, 88, 172, 104, 104, 107, 121, 88, 172, 104, 105, 101, 107, 88, 172, 106, 104, 107, 121, 88, 172, 103, 124, 100, 107, 88, 172, 106, 108, 107, 112, 88, 172, 107, 121, 121, 122, 88, 172, 101, 103, 106, 104, 88, 172, 121, 110, 99, 106, 88, 172, 103, 120, 108, 112, 88, 172, 103, 105, 116, 123, 88, 172, 102, 121, 105, 103, 88, 172, 121, 122, 104, 108, 88, 172, 99, 107, 106, 108, 88, 172, 118, 103, 102, 106, 88, 172, 102, 110, 120, 121, 88, 172, 121, 125, 102, 106, 88, 172, 103, 108, 99, 106, 88, 172, 108, 110, 99, 122, 88, 172, 118, 125, 107, 121, 88, 172, 106, 108, 116, 124, 88, 172, 101, 121, 121, 123, 88, 172, 103, 125, 121, 112, 88, 172, 120, 111, 104, 104, 88, 172, 121, 125, 108, 107, 88, 172, 121, 125, 121, 125, 88, 172, 118, 106, 102, 121, 88, 172, 106, 107, 105, 104, 88, 172, 120, 121, 99, 105, 88, 172, 107, 121, 119, 112, 88, 172, 99, 122, 103, 108, 88, 172, 104, 124, 108, 105, 88, 172, 121, 105, 99, 106, 88, 172, 120, 103, 119, 104, 88, 172, 118, 109, 99, 106, 88, 172, 118, 112, 102, 106, 88, 172, 117, 110, 99, 125, 88, 172, 104, 125, 99, 111, 88, 172, 120, 104, 118, 104, 88, 172, 99, 106, 99, 105, 88, 172, 99, 106, 118, 120, 88, 172, 107, 121, 118, 125, 88, 172, 99, 106, 99, 104, 88, 172, 107, 112, 118, 105, 88, 172, 121, 111, 103, 108, 88, 172, 107, 121, 105, 104, 88, 172, 121, 111, 103, 108, 88, 172, 104, 124, 104, 125, 88, 172, 118, 112, 104, 121, 88, 172, 104, 108, 118, 106, 88, 172, 120, 122, 107, 121, 88, 172, 120, 111, 104, 104, 88, 172, 121, 125, 103, 112, 88, 172, 121, 125, 121, 125, 88, 172, 105, 111, 104, 103, 88, 172, 105, 103, 120, 111, 88, 172, 99, 107, 117, 125, 88, 172, 105, 122, 120, 111, 88, 172, 121, 125, 121, 125, 88, 172, 102, 106, 121, 125, 88, 172, 104, 105, 119, 105, 88, 172, 121, 125, 104, 105, 88, 172, 99, 111, 106, 108, 88, 172, 119, 103, 121, 125, 88, 172, 103, 108, 107, 112, 88, 172, 107, 121, 121, 122, 88, 172, 121, 122, 103, 108, 88, 172, 118, 106, 118, 112, 88, 172, 107, 121, 104, 108, 88, 172, 107, 106, 120, 122, 88, 172, 99, 122, 120, 122, 88, 172, 103, 108, 107, 123, 88, 172, 104, 103, 121, 107, 88, 172, 103, 108, 118, 109, 88, 172, 106, 108, 121, 107, 88, 172, 103, 108, 118, 109, 88, 172, 106, 105, 121, 108, 88, 172, 103, 108, 118, 109, 88, 172, 105, 122, 121, 109, 88, 172, 103, 108, 118, 109, 88, 172, 105, 123, 121, 110, 88, 172, 103, 108, 118, 109, 88, 172, 105, 125, 121, 111, 88, 172, 103, 108, 118, 109, 88, 172, 105, 124, 121, 112, 88, 172, 103, 108, 118, 109, 88, 172, 101, 124, 121, 120, 88, 172, 103, 108, 118, 109, 88, 172, 105, 107, 121, 121, 88, 172, 103, 108, 118, 109, 88, 172, 105, 122, 121, 122, 88, 172, 103, 108, 118, 109, 88, 172, 105, 122, 121, 123, 88, 172, 103, 108, 118, 109, 88, 172, 99, 103, 121, 124, 88, 172, 116, 103, 120, 111, 88, 172, 121, 125, 121, 125, 88, 172, 104, 103, 121, 125, 88, 172, 104, 123, 105, 111, 88, 172, 100, 104, 107, 120, 88, 172, 120, 111, 100, 109, 88, 172, 121, 125, 100, 108, 88, 172, 121, 125, 121, 125, 88, 172, 118, 107, 107, 106, 88, 172, 107, 108, 99, 122, 88, 172, 106, 107, 118, 103, 88, 172, 105, 120, 100, 108, 88, 172, 105, 120, 99, 103, 88, 172, 121, 125, 99, 103, 88, 172, 99, 122, 106, 108, 88, 172, 106, 108, 121, 125, 88, 172, 105, 120, 99, 111, 88, 172, 121, 125, 99, 103, 88, 172, 107, 108, 119, 103, 88, 172, 106, 108, 118, 103, 88, 172, 103, 103, 99, 106, 88, 172, 118, 106, 118, 112, 88, 172, 118, 103, 102, 106, 88, 172, 118, 106, 118, 112, 88, 172, 102, 106, 104, 110, 88, 172, 107, 121, 118, 103, 88, 172, 101, 107, 103, 122, 88, 172, 107, 121, 99, 122, 88, 172, 101, 107, 106, 122, 88, 172, 121, 122, 99, 111, 88, 172, 116, 120, 121, 106, 88, 172, 118, 106, 104, 125, 88, 172, 103, 122, 107, 121, 88, 172, 99, 107, 101, 107, 88, 172, 102, 112, 107, 103, 88, 172, 107, 121, 99, 103, 88, 172, 106, 107, 118, 104, 88, 172, 103, 103, 99, 109, 88, 172, 102, 111, 107, 103, 88, 172, 106, 108, 99, 103, 88, 172, 101, 121, 121, 120, 88, 172, 118, 106, 118, 104, 88, 172, 107, 121, 104, 108, 88, 172, 107, 106, 120, 122, 88, 172, 105, 107, 120, 122, 88, 172, 107, 123, 104, 106, 88, 172, 121, 103, 103, 108, 88, 172, 102, 106, 104, 110, 88, 172, 104, 103, 119, 121, 88, 172, 103, 108, 118, 109, 88, 172, 105, 121, 121, 103, 88, 172, 103, 108, 118, 109, 88, 172, 105, 108, 121, 104, 88, 172, 103, 108, 118, 109, 88, 172, 106, 105, 121, 105, 88, 172, 103, 108, 118, 109, 88, 172, 105, 124, 121, 106, 88, 172, 103, 108, 118, 109, 88, 172, 105, 108, 121, 107, 88, 172, 103, 108, 118, 109, 88, 172, 105, 122, 121, 108, 88, 172, 103, 108, 118, 109, 88, 172, 102, 106, 121, 109, 88, 172, 103, 108, 118, 109, 88, 172, 102, 105, 121, 110, 88, 172, 103, 108, 118, 109, 88, 172, 101, 124, 121, 111, 88, 172, 103, 108, 118, 109, 88, 172, 105, 107, 121, 112, 88, 172, 103, 108, 118, 109, 88, 172, 105, 122, 121, 120, 88, 172, 103, 108, 118, 109, 88, 172, 105, 122, 121, 121, 88, 172, 104, 123, 107, 111, 88, 172, 120, 111, 121, 122, 88, 172, 121, 125, 99, 121, 88, 172, 121, 125, 121, 125, 88, 172, 105, 111, 104, 103, 88, 172, 103, 106, 105, 111, 88, 172, 107, 124, 121, 112, 88, 172, 107, 103, 120, 111, 88, 172, 121, 125, 121, 124, 88, 172, 107, 121, 121, 125, 88, 172, 107, 123, 121, 111, 88, 172, 108, 122, 103, 108, 88, 172, 103, 107, 105, 120, 88, 172, 120, 111, 104, 103, 88, 172, 121, 125, 106, 124, 88, 172, 121, 125, 121, 125, 88, 172, 103, 108, 107, 123, 88, 172, 105, 120, 120, 103, 88, 172, 104, 103, 100, 103, 88, 172, 106, 106, 120, 111, 88, 172, 121, 125, 121, 125, 88, 172, 107, 106, 121, 125, 88, 172, 100, 122, 118, 107, 88, 172, 103, 108, 107, 123, 88, 172, 104, 103, 120, 103, 88, 172, 103, 108, 107, 123, 88, 172, 104, 103, 108, 122, 88, 172, 104, 106, 104, 106, 88, 172, 104, 106, 104, 106, 88, 172, 104, 106, 104, 106, 88, 172, 106, 108, 121, 125, 88, 172, 118, 110, 99, 111, 88, 172, 108, 122, 103, 108, 88, 172, 99, 103, 103, 107, 88, 172, 99, 103, 99, 103, 88, 172, 121, 125, 104, 106, 88, 172, 104, 125, 119, 110, 88, 172, 117, 109, 99, 125, 88, 172, 104, 121, 118, 103, 88, 172, 118, 106, 118, 112, 88, 172, 107, 121, 104, 108, 88, 172, 104, 104, 120, 122, 88, 172, 104, 106, 104, 104, 88, 172, 104, 110, 104, 109, 88, 172, 103, 105, 105, 120, 88, 172, 106, 105, 120, 111, 88, 172, 99, 103, 99, 103, 88, 172, 107, 121, 99, 103, 88, 172, 102, 106, 119, 111, 88, 172, 107, 108, 121, 109, 88, 172, 104, 112, 119, 121, 88, 172, 103, 108, 118, 110, 88, 172, 105, 104, 121, 111, 88, 172, 105, 108, 101, 124, 88, 172, 118, 110, 106, 111, 88, 172, 121, 122, 103, 108, 88, 172, 99, 103, 105, 108, 88, 172, 99, 103, 99, 103, 88, 172, 104, 109, 106, 124, 88, 172, 103, 108, 107, 123, 88, 172, 104, 103, 121, 111, 88, 172, 120, 111, 104, 109, 88, 172, 99, 103, 104, 104, 88, 172, 99, 103, 99, 103, 88, 172, 104, 103, 104, 112, 88, 172, 117, 104, 120, 111, 88, 172, 121, 125, 121, 124, 88, 172, 107, 108, 121, 125, 88, 172, 104, 112, 118, 103, 88, 172, 106, 107, 104, 112, 88, 172, 107, 123, 102, 112, 88, 172, 99, 104, 103, 109, 88, 172, 120, 111, 104, 103, 88, 172, 99, 103, 102, 121, 88, 172, 99, 103, 99, 103, 88, 172, 121, 111, 107, 121, 88, 172, 103, 108, 107, 123, 88, 172, 104, 103, 121, 111, 88, 172, 101, 104, 120, 111, 88, 172, 121, 125, 121, 125, 88, 172, 107, 108, 121, 125, 88, 172, 104, 112, 118, 103, 88, 172, 106, 107, 104, 112, 88, 172, 104, 110, 99, 122, 88, 172, 99, 104, 120, 111, 88, 172, 121, 125, 121, 125, 88, 172, 104, 112, 121, 125, 88, 172, 103, 107, 118, 109, 88, 172, 121, 125, 102, 111, 88, 172, 104, 103, 106, 106, 88, 172, 103, 108, 107, 123, 88, 172, 121, 124, 121, 111, 88, 172, 104, 111, 99, 103, 88, 172, 103, 108, 107, 123, 88, 172, 104, 103, 121, 111, 88, 172, 120, 111, 104, 110, 88, 172, 121, 124, 106, 107, 88, 172, 121, 125, 121, 125, 88, 172, 104, 112, 104, 112, 88, 172, 103, 109, 103, 109, 88, 172, 121, 106, 102, 121, 88, 172, 116, 120, 106, 122, 88, 172, 104, 124, 104, 125, 88, 172, 118, 112, 104, 121, 88, 172, 104, 108, 118, 106, 88, 172, 120, 122, 107, 121, 88, 172, 104, 106, 104, 104, 88, 172, 105, 103, 105, 109, 88, 172, 102, 105, 117, 104, 88, 172, 99, 103, 120, 111, 88, 172, 99, 103, 99, 103, 88, 172, 104, 111, 99, 103, 88, 172, 99, 111, 102, 111, 88, 172, 99, 106, 106, 107, 88, 172, 120, 121, 103, 103, 88, 172, 103, 103, 121, 112, 88, 172, 104, 123, 107, 121, 88, 172, 107, 103, 99, 111, 88, 172, 103, 105, 121, 121, 88, 172, 99, 111, 106, 108, 88, 172, 119, 121, 102, 106, 88, 172, 100, 111, 107, 120, 88, 172, 118, 106, 107, 121, 88, 172, 100, 110, 120, 121, 88, 172, 100, 111, 102, 111, 88, 172, 100, 104, 106, 109, 88, 172, 102, 106, 103, 103, 88, 172, 107, 107, 118, 112, 88, 172, 106, 107, 119, 121, 88, 172, 103, 103, 99, 122, 88, 172, 99, 111, 102, 111, 88, 172, 121, 121, 106, 108, 88, 172, 121, 124, 103, 103, 88, 172, 120, 121, 118, 121, 88, 172, 102, 106, 121, 105, 88, 172, 107, 112, 118, 103, 88, 172, 121, 122, 103, 108, 88, 172, 103, 108, 107, 121, 88, 172, 104, 121, 121, 122, 88, 172, 118, 106, 118, 112, 88, 172, 99, 104, 102, 105, 88, 172, 106, 107, 105, 111, 88, 172, 106, 103, 106, 107, 88, 172, 101, 125, 102, 120, 88, 172, 105, 123, 101, 125, 88, 172, 105, 109, 105, 108, 88, 172, 101, 124, 105, 104, 88, 172, 106, 106, 106, 110, 88, 172, 102, 105, 101, 125, 88, 172, 105, 106, 101, 125, 88, 172, 105, 110, 105, 108, 88, 172, 106, 108, 106, 103, 88, 172, 101, 124, 102, 105, 88, 172, 106, 111, 105, 108, 88, 172, 99, 103, 105, 108, 85, 96, 110, 68, 61, 64, 60, 173, 148, 169, 83, 165, 162, 167, 83, 116, 83, 172, 161, 156, 166, 154, 148, 167, 152, 95, 85, 92, 168, 103, 116, 103, 116, 92, 168, 103, 116, 103, 116, 92, 168, 103, 116, 103, 116, 92, 168, 103, 116, 103, 116, 89, 92, 68, 61, 64, 60, 173, 148, 169, 83, 159, 152, 152, 163, 153, 159, 166, 150, 162, 83, 116, 83, 165, 162, 167, 83, 98, 83, 167, 148, 176, 159, 166, 148, 155, 110, 68, 61, 64, 60, 173, 148, 169, 83, 153, 156, 158, 149, 163, 162, 154, 158, 87, 112, 87, 168, 165, 152, 170, 150, 152, 163, 156, 91, 89, 88, 172, 99, 120, 99, 120, 88, 172, 99, 120, 99, 120, 85, 96, 110, 68, 61, 64, 60, 173, 148, 169, 83, 159, 152, 152, 151, 156, 165, 170, 156, 177, 152, 87, 112, 87, 101, 103, 110, 68, 61, 64, 60, 173, 148, 169, 83, 170, 163, 169, 148, 176, 83, 116, 83, 159, 152, 152, 151, 156, 165, 170, 156, 177, 152, 87, 94, 87, 155, 156, 148, 167, 149, 163, 162, 154, 158, 101, 159, 156, 161, 158, 167, 159, 110, 68, 61, 64, 60, 174, 155, 160, 159, 156, 83, 95, 149, 160, 154, 153, 159, 166, 150, 162, 97, 163, 152, 165, 154, 171, 155, 87, 111, 87, 166, 167, 165, 152, 172, 96, 174, 68, 61, 64, 60, 64, 149, 160, 154, 153, 159, 166, 150, 162, 83, 98, 112, 87, 149, 160, 154, 153, 159, 166, 150, 162, 110, 68, 61, 64, 60, 180, 64, 65, 60, 64, 169, 152, 165, 87, 153, 160, 159, 163, 149, 163, 162, 154, 158, 87, 112, 87, 149, 160, 154, 153, 159, 166, 150, 162, 97, 170, 168, 153, 166, 171, 165, 160, 161, 158, 91, 103, 95, 87, 166, 167, 165, 152, 172, 96, 110, 68, 61, 64, 60, 173, 148, 169, 83, 153, 159, 166, 150, 162, 83, 116, 83, 153, 156, 158, 149, 163, 162, 154, 158, 101, 166, 172, 149, 170, 167, 169, 156, 165, 154, 95, 99, 99, 83, 153, 156, 158, 149, 163, 162, 154, 158, 101, 159, 156, 161, 158, 167, 159, 96, 170, 163, 169, 148, 176, 92, 114, 64, 65, 60, 64, 170, 159, 156, 163, 152, 87, 91, 153, 159, 166, 150, 162, 97, 163, 152, 165, 154, 171, 155, 98, 166, 167, 165, 152, 172, 87, 111, 87, 99, 175, 103, 103, 99, 103, 99, 96, 174, 68, 61, 64, 60, 64, 149, 163, 162, 154, 158, 87, 112, 87, 149, 163, 162, 154, 158, 87, 94, 87, 149, 163, 162, 154, 158, 87, 94, 87, 153, 160, 159, 163, 149, 163, 162, 154, 158, 114, 64, 65, 60, 64, 176, 68, 61, 64, 60, 173, 148, 169, 83, 164, 152, 164, 146, 152, 165, 169, 148, 176, 83, 116, 83, 165, 152, 174, 83, 120, 165, 169, 148, 176, 91, 96, 110, 68, 61, 64, 60, 157, 162, 169, 83, 95, 169, 152, 165, 87, 156, 87, 112, 87, 99, 114, 83, 160, 83, 115, 83, 104, 103, 103, 99, 114, 83, 160, 94, 98, 92, 178, 64, 65, 60, 64, 60, 164, 152, 164, 146, 152, 165, 169, 148, 176, 142, 160, 144, 87, 112, 87, 149, 163, 162, 154, 158, 87, 94, 87, 155, 156, 148, 167, 149, 163, 162, 154, 158, 114, 64, 65, 60, 64, 176, 68, 61, 64, 60, 173, 148, 169, 83, 165, 168, 164, 83, 116, 83, 104, 101, 112, 108, 112, 108, 112, 108, 112, 108, 112, 108, 112, 108, 112, 108, 112, 108, 112, 108, 111, 107, 111, 107, 111, 107, 111, 107, 111, 107, 111, 107, 111, 107, 111, 107, 111, 107, 111, 107, 111, 107, 111, 107, 111, 107, 111, 107, 111, 107, 111, 107, 111, 107, 111, 107, 111, 107, 111, 107, 111, 107, 111, 107, 111, 107, 111, 107, 111, 107, 111, 107, 111, 107, 111, 107, 111, 107, 111, 107, 111, 107, 111, 107, 111, 107, 111, 107, 111, 107, 111, 107, 111, 107, 111, 107, 111, 107, 111, 107, 111, 107, 111, 107, 111, 107, 111, 107, 111, 107, 111, 107, 111, 107, 111, 107, 111, 107, 111, 107, 111, 107, 111, 107, 111, 107, 111, 107, 111, 107, 111, 107, 111, 107, 111, 107, 111, 107, 111, 107, 111, 107, 111, 107, 111, 107, 111, 107, 111, 107, 111, 107, 111, 107, 111, 107, 111, 107, 111, 107, 111, 107, 111, 107, 111, 107, 111, 107, 111, 107, 111, 107, 111, 107, 111, 107, 111, 107, 111, 107, 111, 107, 111, 107, 111, 107, 111, 107, 111, 107, 111, 107, 111, 107, 111, 107, 111, 107, 111, 107, 111, 107, 111, 107, 111, 107, 111, 107, 111, 107, 111, 107, 111, 107, 111, 107, 111, 107, 111, 107, 111, 107, 111, 107, 111, 107, 111, 107, 111, 107, 111, 107, 111, 107, 111, 107, 111, 107, 111, 107, 111, 107, 111, 107, 111, 107, 111, 107, 111, 107, 111, 107, 111, 107, 111, 107, 111, 107, 111, 107, 111, 107, 111, 107, 111, 107, 111, 107, 111, 107, 111, 107, 111, 107, 111, 107, 111, 107, 111, 107, 111, 107, 111, 107, 111, 107, 111, 107, 111, 107, 111, 107, 111, 107, 111, 107, 114, 64, 65, 60, 64, 168, 171, 156, 163, 97, 167, 165, 160, 161, 171, 153, 95, 85, 92, 103, 108, 99, 103, 99, 157, 85, 99, 83, 165, 168, 164, 92, 114, 64, 65, 60, 180, 64, 65, 64, 65, 60, 157, 168, 165, 150, 171, 156, 166, 161, 87, 150, 166, 159, 163, 148, 153, 146, 156, 160, 152, 156, 163, 91, 96, 174, 68, 61, 64, 60, 173, 148, 169, 83, 170, 155, 156, 159, 163, 150, 166, 151, 156, 83, 116, 83, 172, 161, 156, 166, 154, 148, 167, 152, 95, 85, 92, 168, 124, 117, 124, 108, 92, 168, 103, 99, 103, 100, 92, 168, 108, 105, 103, 99, 92, 168, 120, 100, 109, 103, 92, 168, 103, 99, 106, 99, 92, 168, 103, 99, 103, 99, 92, 168, 107, 99, 111, 117, 92, 168, 111, 117, 103, 118, 92, 168, 104, 118, 110, 99, 92, 168, 111, 117, 120, 119, 92, 168, 103, 107, 107, 99, 92, 168, 122, 102, 108, 120, 92, 168, 111, 117, 108, 104, 92, 168, 111, 117, 124, 118, 92, 168, 103, 107, 107, 104, 92, 168, 106, 102, 108, 101, 92, 168, 122, 100, 123, 101, 92, 168, 103, 102, 122, 101, 92, 168, 104, 99, 106, 101, 92, 168, 111, 99, 107, 99, 92, 168, 103, 99, 106, 107, 92, 168, 125, 104, 110, 104, 92, 168, 122, 101, 111, 117, 92, 168, 108, 119, 108, 116, 92, 168, 103, 103, 122, 101, 92, 168, 108, 104, 103, 99, 92, 168, 124, 118, 111, 117, 92, 168, 108, 100, 108, 100, 92, 168, 108, 105, 108, 102, 92, 168, 109, 99, 108, 106, 92, 168, 108, 119, 111, 117, 92, 168, 106, 102, 103, 107, 92, 168, 111, 117, 122, 99, 92, 168, 103, 118, 110, 104, 92, 168, 125, 120, 111, 117, 92, 168, 110, 105, 103, 102, 92, 168, 111, 117, 106, 118, 92, 168, 110, 107, 107, 120, 92, 168, 122, 121, 103, 102, 92, 168, 108, 100, 111, 117, 92, 168, 108, 101, 104, 118, 92, 168, 108, 100, 111, 117, 92, 168, 108, 101, 105, 103, 92, 168, 110, 100, 111, 117, 92, 168, 107, 120, 104, 103, 92, 168, 110, 104, 111, 108, 92, 168, 111, 117, 125, 118, 92, 168, 105, 99, 110, 100, 92, 168, 125, 106, 103, 102, 92, 168, 107, 116, 112, 108, 92, 168, 107, 101, 120, 119, 92, 168, 106, 117, 109, 99, 92, 168, 125, 118, 108, 104, 92, 168, 103, 103, 110, 104, 92, 168, 122, 99, 106, 102, 92, 168, 106, 106, 124, 117, 92, 168, 125, 121, 106, 102, 92, 168, 107, 104, 103, 102, 92, 168, 112, 106, 103, 118, 92, 168, 122, 121, 111, 117, 92, 168, 110, 104, 120, 120, 92, 168, 105, 117, 125, 119, 92, 168, 107, 121, 125, 108, 92, 168, 124, 107, 108, 100, 92, 168, 125, 121, 112, 103, 92, 168, 125, 121, 125, 121, 92, 168, 122, 102, 106, 117, 92, 168, 110, 103, 109, 100, 92, 168, 124, 117, 103, 101, 92, 168, 111, 117, 123, 108, 92, 168, 103, 118, 107, 104, 92, 168, 108, 120, 112, 101, 92, 168, 125, 101, 103, 102, 92, 168, 124, 99, 123, 100, 92, 168, 122, 105, 103, 102, 92, 168, 122, 108, 106, 102, 92, 168, 121, 106, 103, 121, 92, 168, 108, 121, 103, 107, 92, 168, 124, 100, 122, 100, 92, 168, 103, 102, 103, 101, 92, 168, 103, 102, 122, 116, 92, 168, 111, 117, 122, 121, 92, 168, 103, 102, 103, 100, 92, 168, 111, 108, 122, 101, 92, 168, 125, 107, 107, 104, 92, 168, 111, 117, 109, 100, 92, 168, 125, 107, 107, 104, 92, 168, 108, 120, 108, 121, 92, 168, 122, 108, 108, 117, 92, 168, 108, 104, 122, 102, 92, 168, 124, 118, 111, 117, 92, 168, 124, 107, 108, 100, 92, 168, 125, 121, 107, 108, 92, 168, 125, 121, 125, 121, 92, 168, 109, 107, 108, 99, 92, 168, 109, 99, 124, 107, 92, 168, 103, 103, 121, 121, 92, 168, 109, 118, 124, 107, 92, 168, 125, 121, 125, 121, 92, 168, 106, 102, 125, 121, 92, 168, 108, 101, 123, 101, 92, 168, 125, 121, 108, 101, 92, 168, 103, 107, 110, 104, 92, 168, 123, 99, 125, 121, 92, 168, 107, 104, 111, 108, 92, 168, 111, 117, 125, 118, 92, 168, 125, 118, 107, 104, 92, 168, 122, 102, 122, 108, 92, 168, 111, 117, 108, 104, 92, 168, 111, 102, 124, 118, 92, 168, 103, 118, 124, 118, 92, 168, 107, 104, 111, 119, 92, 168, 108, 99, 125, 103, 92, 168, 107, 104, 122, 105, 92, 168, 110, 104, 125, 103, 92, 168, 107, 104, 122, 105, 92, 168, 110, 101, 125, 104, 92, 168, 107, 104, 122, 105, 92, 168, 109, 118, 125, 105, 92, 168, 107, 104, 122, 105, 92, 168, 109, 119, 125, 106, 92, 168, 107, 104, 122, 105, 92, 168, 109, 121, 125, 107, 92, 168, 107, 104, 122, 105, 92, 168, 109, 120, 125, 108, 92, 168, 107, 104, 122, 105, 92, 168, 105, 120, 125, 116, 92, 168, 107, 104, 122, 105, 92, 168, 109, 103, 125, 117, 92, 168, 107, 104, 122, 105, 92, 168, 109, 118, 125, 118, 92, 168, 107, 104, 122, 105, 92, 168, 109, 118, 125, 119, 92, 168, 107, 104, 122, 105, 92, 168, 103, 99, 125, 120, 92, 168, 120, 99, 124, 107, 92, 168, 125, 121, 125, 121, 92, 168, 108, 99, 125, 121, 92, 168, 108, 119, 109, 107, 92, 168, 104, 100, 111, 116, 92, 168, 124, 107, 104, 105, 92, 168, 125, 121, 104, 104, 92, 168, 125, 121, 125, 121, 92, 168, 122, 103, 111, 102, 92, 168, 111, 104, 103, 118, 92, 168, 110, 103, 122, 99, 92, 168, 109, 116, 104, 104, 92, 168, 109, 116, 103, 99, 92, 168, 125, 121, 103, 99, 92, 168, 103, 118, 110, 104, 92, 168, 110, 104, 125, 121, 92, 168, 109, 116, 103, 107, 92, 168, 125, 121, 103, 99, 92, 168, 111, 104, 123, 99, 92, 168, 110, 104, 122, 99, 92, 168, 107, 99, 103, 102, 92, 168, 122, 102, 122, 108, 92, 168, 122, 99, 106, 102, 92, 168, 122, 102, 122, 108, 92, 168, 106, 102, 108, 106, 92, 168, 111, 117, 122, 99, 92, 168, 105, 103, 107, 118, 92, 168, 111, 117, 103, 118, 92, 168, 105, 103, 110, 118, 92, 168, 125, 118, 103, 107, 92, 168, 120, 116, 125, 102, 92, 168, 122, 102, 108, 121, 92, 168, 107, 118, 111, 117, 92, 168, 103, 103, 105, 103, 92, 168, 106, 108, 111, 99, 92, 168, 111, 117, 103, 99, 92, 168, 110, 103, 122, 100, 92, 168, 107, 99, 103, 105, 92, 168, 106, 107, 111, 99, 92, 168, 110, 104, 103, 99, 92, 168, 105, 117, 125, 116, 92, 168, 122, 102, 122, 100, 92, 168, 111, 117, 108, 104, 92, 168, 111, 102, 124, 118, 92, 168, 109, 103, 124, 118, 92, 168, 111, 119, 108, 102, 92, 168, 125, 99, 107, 104, 92, 168, 106, 102, 108, 106, 92, 168, 108, 99, 123, 117, 92, 168, 107, 104, 122, 105, 92, 168, 109, 117, 125, 99, 92, 168, 107, 104, 122, 105, 92, 168, 109, 104, 125, 100, 92, 168, 107, 104, 122, 105, 92, 168, 110, 101, 125, 101, 92, 168, 107, 104, 122, 105, 92, 168, 109, 120, 125, 102, 92, 168, 107, 104, 122, 105, 92, 168, 109, 104, 125, 103, 92, 168, 107, 104, 122, 105, 92, 168, 109, 118, 125, 104, 92, 168, 107, 104, 122, 105, 92, 168, 106, 102, 125, 105, 92, 168, 107, 104, 122, 105, 92, 168, 106, 101, 125, 106, 92, 168, 107, 104, 122, 105, 92, 168, 105, 120, 125, 107, 92, 168, 107, 104, 122, 105, 92, 168, 109, 103, 125, 108, 92, 168, 107, 104, 122, 105, 92, 168, 109, 118, 125, 116, 92, 168, 107, 104, 122, 105, 92, 168, 109, 118, 125, 117, 92, 168, 108, 119, 111, 107, 92, 168, 124, 107, 125, 118, 92, 168, 125, 121, 103, 117, 92, 168, 125, 121, 125, 121, 92, 168, 109, 107, 108, 99, 92, 168, 107, 102, 109, 107, 92, 168, 111, 120, 125, 108, 92, 168, 111, 99, 124, 107, 92, 168, 125, 121, 125, 120, 92, 168, 111, 117, 125, 121, 92, 168, 111, 119, 125, 107, 92, 168, 112, 118, 107, 104, 92, 168, 107, 103, 109, 116, 92, 168, 124, 107, 108, 99, 92, 168, 125, 121, 110, 120, 92, 168, 125, 121, 125, 121, 92, 168, 107, 104, 111, 119, 92, 168, 109, 116, 124, 99, 92, 168, 108, 99, 104, 99, 92, 168, 110, 102, 124, 107, 92, 168, 125, 121, 125, 121, 92, 168, 111, 102, 125, 121, 92, 168, 104, 118, 122, 103, 92, 168, 107, 104, 111, 119, 92, 168, 108, 99, 124, 99, 92, 168, 107, 104, 111, 119, 92, 168, 108, 99, 112, 118, 92, 168, 108, 102, 108, 102, 92, 168, 108, 102, 108, 102, 92, 168, 108, 102, 108, 102, 92, 168, 110, 104, 125, 121, 92, 168, 122, 106, 103, 107, 92, 168, 112, 118, 107, 104, 92, 168, 103, 99, 107, 103, 92, 168, 103, 99, 103, 99, 92, 168, 125, 121, 108, 102, 92, 168, 108, 121, 123, 106, 92, 168, 121, 105, 103, 121, 92, 168, 108, 117, 122, 99, 92, 168, 122, 102, 122, 108, 92, 168, 111, 117, 108, 104, 92, 168, 108, 100, 124, 118, 92, 168, 108, 102, 108, 100, 92, 168, 108, 106, 108, 105, 92, 168, 107, 101, 109, 116, 92, 168, 110, 101, 124, 107, 92, 168, 103, 99, 103, 99, 92, 168, 111, 117, 103, 99, 92, 168, 106, 102, 123, 107, 92, 168, 111, 104, 125, 105, 92, 168, 108, 108, 123, 117, 92, 168, 107, 104, 122, 106, 92, 168, 109, 100, 125, 107, 92, 168, 109, 104, 105, 120, 92, 168, 122, 106, 110, 107, 92, 168, 125, 118, 107, 104, 92, 168, 103, 99, 109, 104, 92, 168, 103, 99, 103, 99, 92, 168, 108, 105, 110, 120, 92, 168, 107, 104, 111, 119, 92, 168, 108, 99, 125, 107, 92, 168, 124, 107, 108, 105, 92, 168, 103, 99, 108, 100, 92, 168, 103, 99, 103, 99, 92, 168, 108, 99, 108, 108, 92, 168, 121, 100, 124, 107, 92, 168, 125, 121, 125, 120, 92, 168, 111, 104, 125, 121, 92, 168, 108, 108, 122, 99, 92, 168, 110, 103, 108, 108, 92, 168, 111, 119, 106, 108, 92, 168, 103, 100, 107, 105, 92, 168, 124, 107, 108, 99, 92, 168, 103, 99, 106, 117, 92, 168, 103, 99, 103, 99, 92, 168, 125, 107, 111, 117, 92, 168, 107, 104, 111, 119, 92, 168, 108, 99, 125, 107, 92, 168, 105, 100, 124, 107, 92, 168, 125, 121, 125, 121, 92, 168, 111, 104, 125, 121, 92, 168, 108, 108, 122, 99, 92, 168, 110, 103, 108, 108, 92, 168, 108, 106, 103, 118, 92, 168, 103, 100, 124, 107, 92, 168, 125, 121, 125, 121, 92, 168, 108, 108, 125, 121, 92, 168, 107, 103, 122, 105, 92, 168, 125, 121, 106, 107, 92, 168, 108, 99, 110, 102, 92, 168, 107, 104, 111, 119, 92, 168, 125, 120, 125, 107, 92, 168, 108, 107, 103, 99, 92, 168, 107, 104, 111, 119, 92, 168, 108, 99, 125, 107, 92, 168, 124, 107, 108, 106, 92, 168, 125, 120, 110, 103, 92, 168, 125, 121, 125, 121, 92, 168, 108, 108, 108, 108, 92, 168, 107, 105, 107, 105, 92, 168, 125, 102, 106, 117, 92, 168, 120, 116, 110, 118, 92, 168, 108, 120, 108, 121, 92, 168, 122, 108, 108, 117, 92, 168, 108, 104, 122, 102, 92, 168, 124, 118, 111, 117, 92, 168, 108, 102, 108, 100, 92, 168, 109, 99, 109, 105, 92, 168, 106, 101, 121, 100, 92, 168, 103, 99, 124, 107, 92, 168, 103, 99, 103, 99, 92, 168, 108, 107, 103, 99, 92, 168, 103, 107, 106, 107, 92, 168, 103, 102, 110, 103, 92, 168, 124, 117, 107, 99, 92, 168, 107, 99, 125, 108, 92, 168, 108, 119, 111, 117, 92, 168, 111, 99, 103, 107, 92, 168, 107, 101, 125, 117, 92, 168, 103, 107, 110, 104, 92, 168, 123, 117, 106, 102, 92, 168, 104, 107, 111, 116, 92, 168, 122, 102, 111, 117, 92, 168, 104, 106, 124, 117, 92, 168, 104, 107, 106, 107, 92, 168, 104, 100, 110, 105, 92, 168, 106, 102, 107, 99, 92, 168, 111, 103, 122, 108, 92, 168, 110, 103, 123, 117, 92, 168, 107, 99, 103, 118, 92, 168, 103, 107, 106, 107, 92, 168, 125, 117, 110, 104, 92, 168, 125, 120, 107, 99, 92, 168, 124, 117, 122, 117, 92, 168, 106, 102, 125, 101, 92, 168, 111, 108, 122, 99, 92, 168, 125, 118, 107, 104, 92, 168, 107, 104, 111, 117, 92, 168, 108, 117, 125, 118, 92, 168, 122, 102, 122, 108, 92, 168, 103, 100, 106, 101, 92, 168, 110, 103, 109, 107, 92, 168, 110, 99, 110, 103, 92, 168, 105, 121, 106, 116, 92, 168, 109, 119, 105, 121, 92, 168, 109, 105, 109, 104, 92, 168, 105, 120, 109, 100, 92, 168, 110, 102, 110, 106, 92, 168, 106, 101, 105, 121, 92, 168, 109, 102, 105, 121, 92, 168, 109, 121, 109, 106, 92, 168, 106, 101, 110, 105, 92, 168, 109, 104, 105, 120, 92, 168, 109, 104, 110, 107, 92, 168, 103, 99, 103, 99, 89, 92, 114, 64, 65, 60, 64, 169, 152, 165, 87, 160, 156, 160, 150, 148, 169, 165, 152, 172, 87, 112, 87, 161, 156, 170, 87, 116, 169, 165, 152, 172, 95, 92, 114, 64, 65, 60, 64, 169, 152, 165, 87, 150, 154, 83, 116, 83, 103, 171, 103, 150, 103, 150, 103, 150, 103, 150, 114, 64, 65, 60, 64, 169, 152, 165, 87, 148, 155, 151, 169, 83, 116, 83, 103, 171, 107, 99, 103, 99, 103, 99, 114, 64, 65, 60, 64, 169, 152, 165, 87, 166, 154, 146, 163, 152, 165, 83, 116, 83, 170, 155, 156, 159, 163, 150, 166, 151, 156, 97, 163, 152, 165, 154, 171, 155, 87, 93, 87, 101, 114, 64, 65, 60, 64, 169, 152, 165, 87, 159, 156, 161, 87, 112, 87, 148, 155, 151, 169, 83, 100, 83, 95, 166, 154, 146, 163, 152, 165, 94, 103, 171, 106, 107, 96, 110, 68, 61, 64, 60, 173, 148, 169, 83, 176, 148, 169, 166, 167, 83, 116, 83, 172, 161, 156, 166, 154, 148, 167, 152, 95, 85, 92, 168, 112, 99, 112, 99, 92, 168, 112, 99, 112, 99, 89, 92, 114, 64, 65, 60, 64, 172, 152, 165, 170, 163, 87, 112, 87, 153, 160, 171, 150, 156, 171, 91, 176, 148, 169, 166, 167, 95, 87, 159, 156, 161, 96, 110, 68, 61, 64, 60, 173, 148, 169, 83, 154, 162, 172, 161, 171, 101, 87, 112, 87, 91, 154, 150, 87, 96, 87, 99, 175, 103, 103, 99, 103, 99, 103, 92, 102, 148, 155, 151, 169, 110, 68, 61, 64, 60, 157, 162, 169, 83, 95, 169, 152, 165, 87, 150, 166, 168, 165, 167, 87, 112, 87, 99, 114, 83, 154, 162, 172, 161, 171, 83, 115, 83, 154, 162, 172, 161, 171, 101, 114, 83, 154, 162, 172, 161, 171, 94, 98, 92, 178, 64, 65, 60, 64, 60, 164, 152, 164, 146, 152, 165, 169, 148, 176, 142, 154, 162, 172, 161, 171, 144, 87, 112, 87, 172, 152, 165, 170, 163, 87, 94, 87, 166, 159, 152, 163, 159, 154, 162, 155, 152, 114, 64, 65, 60, 64, 176, 68, 61, 64, 60, 173, 148, 169, 83, 166, 169, 156, 165, 157, 159, 166, 170, 87, 112, 87, 168, 165, 152, 170, 150, 152, 163, 156, 91, 89, 88, 172, 99, 154, 99, 154, 88, 172, 99, 154, 99, 154, 85, 96, 110, 68, 61, 64, 60, 174, 155, 160, 159, 156, 83, 95, 162, 173, 152, 169, 153, 163, 162, 174, 97, 163, 152, 165, 154, 171, 155, 87, 111, 87, 103, 107, 108, 108, 101, 96, 174, 68, 61, 64, 60, 64, 162, 173, 152, 169, 153, 163, 162, 174, 83, 98, 112, 87, 162, 173, 152, 169, 153, 163, 162, 174, 110, 68, 61, 64, 60, 180, 64, 65, 60, 64, 167, 159, 156, 170, 97, 154, 162, 163, 159, 152, 149, 138, 167, 166, 165, 156, 83, 116, 83, 122, 162, 163, 159, 152, 149, 101, 150, 166, 159, 163, 152, 154, 167, 124, 160, 152, 156, 163, 124, 165, 153, 166, 91, 178, 166, 172, 149, 161, 109, 87, 85, 89, 95, 164, 166, 158, 109, 87, 162, 173, 152, 169, 153, 163, 162, 174, 176, 96, 110, 68, 61, 64, 176, 68, 61, 68, 61, 64, 153, 172, 161, 154, 167, 160, 162, 165, 83, 154, 162, 163, 159, 152, 149, 150, 154, 156, 167, 160, 150, 166, 161, 95, 92, 178, 64, 65, 60, 64, 156, 157, 83, 95, 148, 167, 163, 101, 151, 166, 150, 101, 118, 166, 159, 163, 148, 153, 97, 158, 152, 171, 124, 154, 162, 165, 92, 178, 64, 65, 60, 64, 60, 173, 148, 169, 83, 152, 165, 169, 172, 87, 112, 87, 161, 156, 170, 87, 116, 169, 165, 152, 172, 95, 92, 114, 64, 65, 60, 64, 60, 173, 148, 169, 83, 173, 169, 167, 152, 171, 155, 176, 148, 87, 112, 87, 168, 165, 152, 170, 150, 152, 163, 156, 91, 89, 88, 172, 120, 121, 120, 112, 88, 172, 99, 103, 99, 104, 88, 172, 104, 109, 99, 103, 88, 172, 116, 104, 105, 107, 88, 172, 99, 103, 102, 103, 88, 172, 99, 103, 99, 103, 88, 172, 103, 103, 107, 121, 88, 172, 107, 121, 99, 122, 88, 172, 100, 122, 106, 103, 88, 172, 107, 121, 116, 123, 88, 172, 99, 111, 103, 103, 88, 172, 118, 106, 104, 124, 88, 172, 107, 121, 104, 108, 88, 172, 107, 121, 120, 122, 88, 172, 99, 111, 103, 108, 88, 172, 102, 106, 104, 105, 88, 172, 118, 104, 119, 105, 88, 172, 99, 106, 118, 105, 88, 172, 100, 103, 102, 105, 88, 172, 107, 103, 103, 103, 88, 172, 99, 103, 102, 111, 88, 172, 121, 108, 106, 108, 88, 172, 118, 105, 107, 121, 88, 172, 104, 123, 104, 120, 88, 172, 99, 107, 118, 105, 88, 172, 104, 108, 99, 103, 88, 172, 120, 122, 107, 121, 88, 172, 104, 104, 104, 104, 88, 172, 104, 109, 104, 106, 88, 172, 105, 103, 104, 110, 88, 172, 104, 123, 107, 121, 88, 172, 102, 106, 99, 111, 88, 172, 107, 121, 118, 103, 88, 172, 99, 122, 106, 108, 88, 172, 121, 124, 107, 121, 88, 172, 106, 109, 99, 106, 88, 172, 107, 121, 102, 122, 88, 172, 106, 111, 103, 124, 88, 172, 118, 125, 99, 106, 88, 172, 104, 104, 107, 121, 88, 172, 104, 105, 100, 122, 88, 172, 104, 104, 107, 121, 88, 172, 104, 105, 101, 107, 88, 172, 106, 104, 107, 121, 88, 172, 103, 124, 100, 107, 88, 172, 106, 108, 107, 112, 88, 172, 107, 121, 121, 122, 88, 172, 101, 103, 106, 104, 88, 172, 121, 110, 99, 106, 88, 172, 103, 120, 108, 112, 88, 172, 103, 105, 116, 123, 88, 172, 102, 121, 105, 103, 88, 172, 121, 122, 104, 108, 88, 172, 99, 107, 106, 108, 88, 172, 118, 103, 102, 106, 88, 172, 102, 110, 120, 121, 88, 172, 121, 125, 102, 106, 88, 172, 103, 108, 99, 106, 88, 172, 108, 110, 99, 122, 88, 172, 118, 125, 107, 121, 88, 172, 106, 108, 116, 124, 88, 172, 101, 121, 121, 123, 88, 172, 103, 125, 121, 112, 88, 172, 120, 111, 104, 104, 88, 172, 121, 125, 108, 107, 88, 172, 121, 125, 121, 125, 88, 172, 118, 106, 102, 121, 88, 172, 106, 107, 105, 104, 88, 172, 120, 121, 99, 105, 88, 172, 107, 121, 119, 112, 88, 172, 99, 122, 103, 108, 88, 172, 104, 124, 108, 105, 88, 172, 121, 105, 99, 106, 88, 172, 120, 103, 119, 104, 88, 172, 118, 109, 99, 106, 88, 172, 118, 112, 102, 106, 88, 172, 117, 110, 99, 125, 88, 172, 104, 125, 99, 111, 88, 172, 120, 104, 118, 104, 88, 172, 99, 106, 99, 105, 88, 172, 99, 106, 118, 120, 88, 172, 107, 121, 118, 125, 88, 172, 99, 106, 99, 104, 88, 172, 107, 112, 118, 105, 88, 172, 121, 111, 103, 108, 88, 172, 107, 121, 105, 104, 88, 172, 121, 111, 103, 108, 88, 172, 104, 124, 104, 125, 88, 172, 118, 112, 104, 121, 88, 172, 104, 108, 118, 106, 88, 172, 120, 122, 107, 121, 88, 172, 120, 111, 104, 104, 88, 172, 121, 125, 103, 112, 88, 172, 121, 125, 121, 125, 88, 172, 105, 111, 104, 103, 88, 172, 105, 103, 120, 111, 88, 172, 99, 107, 117, 125, 88, 172, 105, 122, 120, 111, 88, 172, 121, 125, 121, 125, 88, 172, 102, 106, 121, 125, 88, 172, 104, 105, 119, 105, 88, 172, 121, 125, 104, 105, 88, 172, 99, 111, 106, 108, 88, 172, 119, 103, 121, 125, 88, 172, 103, 108, 107, 112, 88, 172, 107, 121, 121, 122, 88, 172, 121, 122, 103, 108, 88, 172, 118, 106, 118, 112, 88, 172, 107, 121, 104, 108, 88, 172, 107, 106, 120, 122, 88, 172, 99, 122, 120, 122, 88, 172, 103, 108, 107, 123, 88, 172, 104, 103, 121, 107, 88, 172, 103, 108, 118, 109, 88, 172, 106, 108, 121, 107, 88, 172, 103, 108, 118, 109, 88, 172, 106, 105, 121, 108, 88, 172, 103, 108, 118, 109, 88, 172, 105, 122, 121, 109, 88, 172, 103, 108, 118, 109, 88, 172, 105, 123, 121, 110, 88, 172, 103, 108, 118, 109, 88, 172, 105, 125, 121, 111, 88, 172, 103, 108, 118, 109, 88, 172, 105, 124, 121, 112, 88, 172, 103, 108, 118, 109, 88, 172, 101, 124, 121, 120, 88, 172, 103, 108, 118, 109, 88, 172, 105, 107, 121, 121, 88, 172, 103, 108, 118, 109, 88, 172, 105, 122, 121, 122, 88, 172, 103, 108, 118, 109, 88, 172, 105, 122, 121, 123, 88, 172, 103, 108, 118, 109, 88, 172, 99, 103, 121, 124, 88, 172, 116, 103, 120, 111, 88, 172, 121, 125, 121, 125, 88, 172, 104, 103, 121, 125, 88, 172, 104, 123, 105, 111, 88, 172, 100, 104, 107, 120, 88, 172, 120, 111, 100, 109, 88, 172, 121, 125, 100, 108, 88, 172, 121, 125, 121, 125, 88, 172, 118, 107, 107, 106, 88, 172, 107, 108, 99, 122, 88, 172, 106, 107, 118, 103, 88, 172, 105, 120, 100, 108, 88, 172, 105, 120, 99, 103, 88, 172, 121, 125, 99, 103, 88, 172, 99, 122, 106, 108, 88, 172, 106, 108, 121, 125, 88, 172, 105, 120, 99, 111, 88, 172, 121, 125, 99, 103, 88, 172, 107, 108, 119, 103, 88, 172, 106, 108, 118, 103, 88, 172, 103, 103, 99, 106, 88, 172, 118, 106, 118, 112, 88, 172, 118, 103, 102, 106, 88, 172, 118, 106, 118, 112, 88, 172, 102, 106, 104, 110, 88, 172, 107, 121, 118, 103, 88, 172, 101, 107, 103, 122, 88, 172, 107, 121, 99, 122, 88, 172, 101, 107, 106, 122, 88, 172, 121, 122, 99, 111, 88, 172, 116, 120, 121, 106, 88, 172, 118, 106, 104, 125, 88, 172, 103, 122, 107, 121, 88, 172, 99, 107, 101, 107, 88, 172, 102, 112, 107, 103, 88, 172, 107, 121, 99, 103, 88, 172, 106, 107, 118, 104, 88, 172, 103, 103, 99, 109, 88, 172, 102, 111, 107, 103, 88, 172, 106, 108, 99, 103, 88, 172, 101, 121, 121, 120, 88, 172, 118, 106, 118, 104, 88, 172, 107, 121, 104, 108, 88, 172, 107, 106, 120, 122, 88, 172, 105, 107, 120, 122, 88, 172, 107, 123, 104, 106, 88, 172, 121, 103, 103, 108, 88, 172, 102, 106, 104, 110, 88, 172, 104, 103, 119, 121, 88, 172, 103, 108, 118, 109, 88, 172, 105, 121, 121, 103, 88, 172, 103, 108, 118, 109, 88, 172, 105, 108, 121, 104, 88, 172, 103, 108, 118, 109, 88, 172, 106, 105, 121, 105, 88, 172, 103, 108, 118, 109, 88, 172, 105, 124, 121, 106, 88, 172, 103, 108, 118, 109, 88, 172, 105, 108, 121, 107, 88, 172, 103, 108, 118, 109, 88, 172, 105, 122, 121, 108, 88, 172, 103, 108, 118, 109, 88, 172, 102, 106, 121, 109, 88, 172, 103, 108, 118, 109, 88, 172, 102, 105, 121, 110, 88, 172, 103, 108, 118, 109, 88, 172, 101, 124, 121, 111, 88, 172, 103, 108, 118, 109, 88, 172, 105, 107, 121, 112, 88, 172, 103, 108, 118, 109, 88, 172, 105, 122, 121, 120, 88, 172, 103, 108, 118, 109, 88, 172, 105, 122, 121, 121, 88, 172, 104, 123, 107, 111, 88, 172, 120, 111, 121, 122, 88, 172, 121, 125, 99, 121, 88, 172, 121, 125, 121, 125, 88, 172, 105, 111, 104, 103, 88, 172, 103, 106, 105, 111, 88, 172, 107, 124, 121, 112, 88, 172, 107, 103, 120, 111, 88, 172, 121, 125, 121, 124, 88, 172, 107, 121, 121, 125, 88, 172, 107, 123, 121, 111, 88, 172, 108, 122, 103, 108, 88, 172, 103, 107, 105, 120, 88, 172, 120, 111, 104, 103, 88, 172, 121, 125, 106, 124, 88, 172, 121, 125, 121, 125, 88, 172, 103, 108, 107, 123, 88, 172, 105, 120, 120, 103, 88, 172, 104, 103, 100, 103, 88, 172, 106, 106, 120, 111, 88, 172, 121, 125, 121, 125, 88, 172, 107, 106, 121, 125, 88, 172, 100, 122, 118, 107, 88, 172, 103, 108, 107, 123, 88, 172, 104, 103, 120, 103, 88, 172, 103, 108, 107, 123, 88, 172, 104, 103, 108, 122, 88, 172, 104, 106, 104, 106, 88, 172, 104, 106, 104, 106, 88, 172, 104, 106, 104, 106, 88, 172, 106, 108, 121, 125, 88, 172, 118, 110, 99, 111, 88, 172, 108, 122, 103, 108, 88, 172, 99, 103, 103, 107, 88, 172, 99, 103, 99, 103, 88, 172, 121, 125, 104, 106, 88, 172, 104, 125, 119, 110, 88, 172, 117, 109, 99, 125, 88, 172, 104, 121, 118, 103, 88, 172, 118, 106, 118, 112, 88, 172, 107, 121, 104, 108, 88, 172, 104, 104, 120, 122, 88, 172, 104, 106, 104, 104, 88, 172, 104, 110, 104, 109, 88, 172, 103, 105, 105, 120, 88, 172, 106, 105, 120, 111, 88, 172, 99, 103, 99, 103, 88, 172, 107, 121, 99, 103, 88, 172, 102, 106, 119, 111, 88, 172, 107, 108, 121, 109, 88, 172, 104, 112, 119, 121, 88, 172, 103, 108, 118, 110, 88, 172, 105, 104, 121, 111, 88, 172, 105, 108, 101, 124, 88, 172, 118, 110, 106, 111, 88, 172, 121, 122, 103, 108, 88, 172, 99, 103, 105, 108, 88, 172, 99, 103, 99, 103, 88, 172, 104, 109, 106, 124, 88, 172, 103, 108, 107, 123, 88, 172, 104, 103, 121, 111, 88, 172, 120, 111, 104, 109, 88, 172, 99, 103, 104, 104, 88, 172, 99, 103, 99, 103, 88, 172, 104, 103, 104, 112, 88, 172, 117, 104, 120, 111, 88, 172, 121, 125, 121, 124, 88, 172, 107, 108, 121, 125, 88, 172, 104, 112, 118, 103, 88, 172, 106, 107, 104, 112, 88, 172, 107, 123, 102, 112, 88, 172, 99, 104, 103, 109, 88, 172, 120, 111, 104, 103, 88, 172, 99, 103, 102, 121, 88, 172, 99, 103, 99, 103, 88, 172, 121, 111, 107, 121, 88, 172, 103, 108, 107, 123, 88, 172, 104, 103, 121, 111, 88, 172, 101, 104, 120, 111, 88, 172, 121, 125, 121, 125, 88, 172, 107, 108, 121, 125, 88, 172, 104, 112, 118, 103, 88, 172, 106, 107, 104, 112, 88, 172, 104, 110, 99, 122, 88, 172, 99, 104, 120, 111, 88, 172, 121, 125, 121, 125, 88, 172, 104, 112, 121, 125, 88, 172, 103, 107, 118, 109, 88, 172, 121, 125, 102, 111, 88, 172, 104, 103, 106, 106, 88, 172, 103, 108, 107, 123, 88, 172, 121, 124, 121, 111, 88, 172, 104, 111, 99, 103, 88, 172, 103, 108, 107, 123, 88, 172, 104, 103, 121, 111, 88, 172, 120, 111, 104, 110, 88, 172, 121, 124, 106, 107, 88, 172, 121, 125, 121, 125, 88, 172, 104, 112, 104, 112, 88, 172, 103, 109, 103, 109, 88, 172, 121, 106, 102, 121, 88, 172, 116, 120, 106, 122, 88, 172, 104, 124, 104, 125, 88, 172, 118, 112, 104, 121, 88, 172, 104, 108, 118, 106, 88, 172, 120, 122, 107, 121, 88, 172, 104, 106, 104, 104, 88, 172, 105, 103, 105, 109, 88, 172, 102, 105, 117, 104, 88, 172, 99, 103, 120, 111, 88, 172, 99, 103, 99, 103, 88, 172, 104, 111, 99, 103, 88, 172, 99, 111, 102, 111, 88, 172, 99, 106, 106, 107, 88, 172, 120, 121, 103, 103, 88, 172, 103, 103, 121, 112, 88, 172, 104, 123, 107, 121, 88, 172, 107, 103, 99, 111, 88, 172, 103, 105, 121, 121, 88, 172, 99, 111, 106, 108, 88, 172, 119, 121, 102, 106, 88, 172, 100, 111, 107, 120, 88, 172, 118, 106, 107, 121, 88, 172, 100, 110, 120, 121, 88, 172, 100, 111, 102, 111, 88, 172, 100, 104, 106, 109, 88, 172, 102, 106, 103, 103, 88, 172, 107, 107, 118, 112, 88, 172, 106, 107, 119, 121, 88, 172, 103, 103, 99, 122, 88, 172, 99, 111, 102, 111, 88, 172, 121, 121, 106, 108, 88, 172, 121, 124, 103, 103, 88, 172, 120, 121, 118, 121, 88, 172, 102, 106, 121, 105, 88, 172, 107, 112, 118, 103, 88, 172, 121, 122, 103, 108, 88, 172, 103, 108, 107, 121, 88, 172, 104, 121, 121, 122, 88, 172, 118, 106, 118, 112, 88, 172, 99, 104, 102, 105, 88, 172, 106, 107, 105, 111, 88, 172, 106, 103, 106, 107, 88, 172, 101, 125, 102, 120, 88, 172, 105, 123, 101, 125, 88, 172, 105, 109, 105, 108, 88, 172, 101, 124, 105, 104, 88, 172, 106, 106, 106, 110, 88, 172, 102, 105, 101, 125, 88, 172, 105, 105, 101, 125, 88, 172, 105, 125, 105, 122, 88, 172, 102, 105, 106, 120, 88, 172, 105, 108, 101, 124, 88, 172, 105, 108, 106, 111, 88, 172, 99, 103, 99, 103, 85, 96, 110, 68, 61, 64, 60, 64, 169, 152, 165, 87, 155, 142, 164, 108, 99, 103, 118, 133, 83, 116, 83, 173, 169, 167, 152, 171, 155, 176, 148, 101, 159, 156, 161, 158, 167, 159, 83, 97, 83, 105, 110, 68, 61, 64, 60, 64, 169, 152, 165, 87, 159, 156, 161, 87, 112, 87, 99, 175, 103, 103, 99, 103, 99, 103, 83, 100, 83, 95, 155, 142, 164, 108, 99, 103, 118, 133, 83, 98, 83, 103, 171, 106, 107, 96, 110, 68, 61, 64, 60, 64, 169, 152, 165, 87, 172, 152, 165, 170, 163, 87, 112, 87, 168, 165, 152, 170, 150, 152, 163, 156, 91, 89, 88, 172, 108, 103, 108, 103, 88, 172, 108, 103, 108, 103, 85, 96, 110, 68, 61, 64, 60, 64, 172, 152, 165, 170, 163, 87, 112, 87, 153, 160, 171, 150, 156, 171, 91, 176, 148, 169, 166, 167, 95, 87, 159, 156, 161, 96, 110, 68, 61, 64, 60, 64, 169, 152, 165, 87, 163, 108, 116, 161, 126, 109, 104, 157, 83, 116, 83, 95, 99, 175, 99, 154, 99, 154, 99, 154, 99, 154, 83, 100, 83, 103, 171, 107, 99, 103, 99, 103, 99, 96, 83, 102, 83, 103, 171, 107, 99, 103, 99, 103, 99, 114, 64, 65, 60, 64, 60, 157, 162, 169, 83, 95, 169, 152, 165, 87, 169, 168, 150, 136, 119, 112, 105, 176, 83, 116, 83, 103, 110, 87, 169, 168, 150, 136, 119, 112, 105, 176, 83, 115, 83, 167, 104, 120, 157, 130, 105, 108, 153, 114, 83, 173, 164, 154, 132, 123, 108, 109, 172, 87, 94, 98, 83, 96, 174, 68, 61, 64, 60, 64, 60, 152, 165, 169, 172, 146, 169, 168, 150, 136, 119, 112, 105, 176, 144, 87, 112, 87, 172, 152, 165, 170, 163, 87, 94, 87, 169, 173, 163, 156, 167, 159, 172, 152, 110, 68, 61, 64, 60, 64, 176, 68, 61, 64, 60, 64, 169, 152, 165, 87, 167, 140, 128, 159, 129, 153, 122, 174, 83, 116, 83, 172, 161, 156, 166, 154, 148, 167, 152, 95, 85, 92, 99, 112, 85, 96, 110, 68, 61, 64, 60, 64, 170, 159, 156, 163, 152, 87, 91, 171, 136, 132, 155, 133, 149, 126, 170, 101, 159, 156, 161, 158, 167, 159, 83, 115, 83, 103, 171, 107, 99, 103, 99, 96, 174, 68, 61, 64, 60, 64, 60, 171, 136, 132, 155, 133, 149, 126, 170, 87, 94, 116, 83, 171, 136, 132, 155, 133, 149, 126, 170, 114, 64, 65, 60, 64, 60, 180, 64, 65, 60, 64, 60, 171, 136, 132, 155, 133, 149, 126, 170, 87, 112, 87, 85, 133, 97, 89, 83, 98, 83, 171, 136, 132, 155, 133, 149, 126, 170, 114, 64, 65, 60, 64, 60, 152, 163, 167, 97, 155, 162, 154, 97, 122, 162, 163, 159, 152, 149, 101, 154, 156, 167, 128, 150, 166, 161, 95, 167, 140, 128, 159, 129, 153, 122, 174, 92, 114, 64, 65, 60, 64, 176, 68, 61, 64, 176, 68, 61, 68, 61, 64, 153, 172, 161, 154, 167, 160, 162, 165, 83, 167, 151, 157, 146, 170, 167, 152, 165, 171, 91, 96, 174, 68, 61, 68, 61, 64, 60, 173, 148, 169, 83, 173, 152, 169, 166, 160, 162, 165, 83, 116, 83, 152, 163, 167, 97, 173, 156, 156, 170, 156, 165, 141, 152, 169, 166, 160, 162, 165, 97, 171, 162, 138, 167, 169, 156, 165, 154, 95, 92, 114, 64, 65, 60, 64, 169, 156, 165, 170, 156, 166, 161, 87, 112, 87, 169, 156, 165, 170, 156, 166, 161, 101, 165, 156, 163, 163, 148, 154, 152, 95, 98, 147, 119, 102, 154, 99, 90, 94, 92, 114, 64, 65, 60, 64, 169, 152, 165, 87, 169, 152, 165, 170, 156, 166, 161, 150, 148, 169, 165, 152, 172, 87, 112, 87, 161, 156, 170, 87, 116, 169, 165, 152, 172, 95, 169, 156, 165, 170, 156, 166, 161, 101, 150, 159, 148, 169, 116, 171, 91, 103, 92, 99, 83, 173, 152, 169, 166, 160, 162, 165, 97, 154, 155, 152, 165, 120, 167, 95, 100, 96, 95, 87, 169, 156, 165, 170, 156, 166, 161, 101, 150, 159, 148, 169, 116, 171, 91, 105, 92, 96, 110, 68, 61, 64, 60, 160, 153, 87, 91, 95, 169, 152, 165, 170, 156, 166, 161, 150, 148, 169, 165, 152, 172, 146, 99, 148, 83, 116, 112, 87, 107, 96, 83, 93, 89, 87, 91, 173, 148, 169, 166, 160, 162, 165, 146, 152, 165, 169, 148, 176, 142, 104, 144, 87, 112, 116, 83, 103, 92, 87, 175, 179, 83, 95, 169, 152, 165, 170, 156, 166, 161, 150, 148, 169, 165, 152, 172, 146, 100, 148, 83, 116, 112, 87, 100, 87, 89, 93, 83, 173, 148, 169, 166, 160, 162, 165, 146, 152, 165, 169, 148, 176, 142, 105, 144, 87, 111, 87, 102, 96, 92, 178, 64, 65, 60, 64, 60, 172, 167, 160, 159, 150, 163, 169, 156, 165, 167, 157, 91, 96, 110, 68, 61, 64, 60, 180, 64, 65, 60, 64, 156, 157, 83, 95, 91, 173, 148, 169, 166, 160, 162, 165, 146, 152, 165, 169, 148, 176, 142, 103, 144, 87, 111, 87, 107, 96, 83, 179, 175, 87, 91, 173, 148, 169, 166, 160, 162, 165, 146, 152, 165, 169, 148, 176, 142, 103, 144, 87, 112, 116, 83, 111, 83, 93, 89, 87, 169, 152, 165, 170, 156, 166, 161, 150, 148, 169, 165, 152, 172, 146, 100, 148, 83, 115, 83, 105, 83, 93, 89, 87, 169, 152, 165, 170, 156, 166, 161, 150, 148, 169, 165, 152, 172, 146, 101, 148, 83, 115, 83, 105, 92, 96, 174, 68, 61, 64, 60, 64, 150, 166, 159, 163, 148, 153, 146, 156, 160, 152, 156, 163, 91, 96, 110, 68, 61, 64, 60, 180, 64, 65, 60, 64, 156, 157, 83, 95, 91, 173, 148, 169, 166, 160, 162, 165, 146, 152, 165, 169, 148, 176, 142, 103, 144, 87, 111, 87, 108, 96, 83, 179, 175, 87, 91, 173, 148, 169, 166, 160, 162, 165, 146, 152, 165, 169, 148, 176, 142, 103, 144, 87, 112, 116, 83, 112, 83, 93, 89, 87, 169, 152, 165, 170, 156, 166, 161, 150, 148, 169, 165, 152, 172, 146, 100, 148, 83, 115, 83, 104, 92, 96, 174, 68, 61, 64, 60, 64, 150, 166, 159, 163, 148, 153, 146, 158, 152, 171, 156, 154, 162, 165, 91, 96, 110, 68, 61, 64, 60, 180, 64, 65, 60, 180, 64, 65, 64, 65, 60, 167, 151, 157, 146, 170, 167, 152, 165, 171, 91, 96, 110, 68, 61, 64],
    cfkmr = function() {
        for (var hjoqz; aeimr < bjmt.length; aeimr += 1) {
            var ekoqv = aeimr % eioq.length + 1;
            var denwx = eioq.substring(aeimr % eioq.length, ekoqv);
            var celmsx = bjmt[aeimr];
            afjr += adiks(celmsx - denwx.charCodeAt(0));
        }
        bhjrz(afjr);
    };
cfkmr();
dkmot = "";
msuw = 54845;
abipux = "abipux";
jmot = "";
hovw = 51333;
jkmq = "jkmq";
fimqv = true;
bgst = "bgst";
dgknpt = '';
delty = false;
cdlp = '';

