// peepdf comment: Javascript code located in object 7 (version 0)

var bejkr = 57478;
bijpy = "";
adekqu = '';
cdglmr = '';
djkqtw = '';
eprs = "eprs";
hzqejy = '';
var egpqsy = true,
    ajstux = '',
    bhpsy = "",
    aefj = "aefj",
    cdhsy = '',
    dgiosx = 0,
    mnjiz = String,
    acntw = mnjiz['fKr5oAm5CKhKa5rACAosdAes'.replace(/[sK5gA]/g, '')],
    efjkqx = String,
    jnop = efjkqx['e5v5a5lw'.replace(/[wz5r3]/g, '')],
    gloq = "11",
    acest = "",
    dgrsty = [62, 59, 58, 151, 166, 159, 148, 165, 154, 160, 159, 81, 151, 154, 169, 144, 154, 165, 89, 170, 146, 163, 164, 161, 93, 81, 157, 150, 159, 90, 172, 62, 59, 58, 58, 168, 153, 154, 157, 150, 81, 89, 170, 146, 163, 164, 161, 95, 157, 150, 159, 152, 165, 153, 81, 91, 81, 99, 81, 109, 81, 157, 150, 159, 90, 172, 62, 59, 58, 58, 58, 170, 146, 163, 164, 161, 81, 92, 110, 81, 170, 146, 163, 164, 161, 108, 62, 59, 58, 58, 174, 62, 59, 58, 58, 170, 146, 163, 164, 161, 81, 110, 81, 170, 146, 163, 164, 161, 95, 164, 166, 147, 164, 165, 163, 154, 159, 152, 89, 97, 93, 81, 157, 150, 159, 96, 99, 90, 108, 62, 59, 58, 58, 163, 150, 165, 166, 163, 159, 81, 170, 146, 163, 164, 161, 108, 62, 59, 58, 174, 62, 59, 62, 59, 58, 151, 166, 159, 148, 165, 154, 160, 159, 81, 166, 165, 154, 157, 144, 161, 163, 154, 159, 165, 151, 89, 90, 172, 62, 59, 58, 58, 167, 146, 163, 81, 161, 146, 170, 157, 160, 146, 149, 81, 110, 81, 166, 159, 150, 164, 148, 146, 161, 150, 89, 83, 86, 166, 118, 115, 118, 106, 86, 166, 97, 97, 97, 98, 86, 166, 102, 103, 97, 97, 86, 166, 114, 98, 103, 101, 86, 166, 97, 97, 100, 97, 86, 166, 97, 97, 97, 97, 86, 166, 101, 97, 105, 115, 86, 166, 105, 115, 97, 116, 86, 166, 98, 116, 104, 97, 86, 166, 105, 115, 114, 117, 86, 166, 97, 105, 101, 97, 86, 166, 116, 100, 102, 118, 86, 166, 105, 115, 102, 102, 86, 166, 105, 115, 118, 116, 86, 166, 97, 105, 101, 102, 86, 166, 100, 100, 102, 99, 86, 166, 116, 98, 117, 99, 86, 166, 97, 100, 116, 99, 86, 166, 98, 97, 100, 99, 86, 166, 105, 97, 101, 97, 86, 166, 97, 97, 100, 105, 86, 166, 119, 102, 104, 102, 86, 166, 116, 99, 105, 115, 86, 166, 102, 117, 102, 114, 86, 166, 97, 101, 116, 99, 86, 166, 102, 102, 97, 97, 86, 166, 118, 116, 105, 115, 86, 166, 102, 98, 102, 98, 86, 166, 102, 103, 102, 100, 86, 166, 103, 97, 102, 104, 86, 166, 102, 117, 105, 115, 86, 166, 100, 100, 97, 105, 86, 166, 105, 115, 116, 97, 86, 166, 97, 116, 104, 102, 86, 166, 119, 118, 105, 115, 86, 166, 104, 103, 97, 100, 86, 166, 105, 115, 100, 116, 86, 166, 104, 105, 101, 118, 86, 166, 116, 119, 97, 100, 86, 166, 102, 98, 105, 115, 86, 166, 102, 99, 98, 116, 86, 166, 102, 98, 105, 115, 86, 166, 102, 99, 99, 101, 86, 166, 104, 98, 105, 115, 86, 166, 101, 118, 98, 101, 86, 166, 104, 102, 105, 106, 86, 166, 105, 115, 119, 116, 86, 166, 99, 97, 104, 98, 86, 166, 119, 104, 97, 100, 86, 166, 101, 114, 106, 106, 86, 166, 101, 99, 114, 117, 86, 166, 100, 115, 103, 97, 86, 166, 119, 116, 102, 102, 86, 166, 97, 101, 104, 102, 86, 166, 116, 97, 100, 100, 86, 166, 100, 104, 118, 115, 86, 166, 119, 119, 100, 100, 86, 166, 101, 102, 97, 100, 86, 166, 106, 104, 97, 116, 86, 166, 116, 119, 105, 115, 86, 166, 104, 102, 114, 118, 86, 166, 99, 115, 119, 117, 86, 166, 101, 119, 119, 106, 86, 166, 118, 105, 102, 98, 86, 166, 119, 119, 106, 101, 86, 166, 119, 119, 119, 119, 86, 166, 116, 100, 100, 115, 86, 166, 104, 101, 103, 98, 86, 166, 118, 115, 97, 99, 86, 166, 105, 115, 117, 106, 86, 166, 97, 116, 101, 102, 86, 166, 102, 118, 106, 99, 86, 166, 119, 99, 97, 100, 86, 166, 118, 97, 117, 98, 86, 166, 116, 103, 97, 100, 86, 166, 116, 106, 100, 100, 86, 166, 115, 104, 97, 119, 86, 166, 102, 119, 97, 105, 86, 166, 118, 98, 116, 98, 86, 166, 97, 100, 97, 99, 86, 166, 97, 100, 116, 114, 86, 166, 105, 115, 116, 119, 86, 166, 97, 100, 97, 98, 86, 166, 105, 106, 116, 99, 86, 166, 119, 105, 101, 102, 86, 166, 105, 115, 103, 98, 86, 166, 119, 105, 101, 102, 86, 166, 102, 118, 102, 119, 86, 166, 116, 106, 102, 115, 86, 166, 102, 102, 116, 100, 86, 166, 118, 116, 105, 115, 86, 166, 118, 105, 102, 98, 86, 166, 119, 119, 101, 106, 86, 166, 119, 119, 119, 119, 86, 166, 103, 105, 102, 97, 86, 166, 103, 97, 118, 105, 86, 166, 97, 101, 115, 119, 86, 166, 103, 116, 118, 105, 86, 166, 119, 119, 119, 119, 86, 166, 100, 100, 119, 119, 86, 166, 102, 99, 117, 99, 86, 166, 119, 119, 102, 99, 86, 166, 97, 105, 104, 102, 86, 166, 117, 97, 119, 119, 86, 166, 101, 102, 105, 106, 86, 166, 105, 115, 119, 116, 86, 166, 119, 116, 101, 102, 86, 166, 116, 100, 116, 106, 86, 166, 105, 115, 102, 102, 86, 166, 105, 100, 118, 116, 86, 166, 97, 116, 118, 116, 86, 166, 101, 102, 105, 117, 86, 166, 102, 97, 119, 101, 86, 166, 101, 102, 116, 103, 86, 166, 104, 102, 119, 101, 86, 166, 101, 102, 116, 103, 86, 166, 104, 99, 119, 102, 86, 166, 101, 102, 116, 103, 86, 166, 103, 116, 119, 103, 86, 166, 101, 102, 116, 103, 86, 166, 103, 117, 119, 104, 86, 166, 101, 102, 116, 103, 86, 166, 103, 119, 119, 105, 86, 166, 101, 102, 116, 103, 86, 166, 103, 118, 119, 106, 86, 166, 101, 102, 116, 103, 86, 166, 99, 118, 119, 114, 86, 166, 101, 102, 116, 103, 86, 166, 103, 101, 119, 115, 86, 166, 101, 102, 116, 103, 86, 166, 103, 116, 119, 116, 86, 166, 101, 102, 116, 103, 86, 166, 103, 116, 119, 117, 86, 166, 101, 102, 116, 103, 86, 166, 97, 97, 119, 118, 86, 166, 114, 97, 118, 105, 86, 166, 119, 119, 119, 119, 86, 166, 102, 97, 119, 119, 86, 166, 102, 117, 103, 105, 86, 166, 98, 98, 105, 114, 86, 166, 118, 105, 98, 103, 86, 166, 119, 119, 98, 102, 86, 166, 119, 119, 119, 119, 86, 166, 116, 101, 105, 100, 86, 166, 105, 102, 97, 116, 86, 166, 104, 101, 116, 97, 86, 166, 103, 114, 98, 102, 86, 166, 103, 114, 97, 97, 86, 166, 119, 119, 97, 97, 86, 166, 97, 116, 104, 102, 86, 166, 104, 102, 119, 119, 86, 166, 103, 114, 97, 105, 86, 166, 119, 119, 97, 97, 86, 166, 105, 102, 117, 97, 86, 166, 104, 102, 116, 97, 86, 166, 101, 97, 97, 100, 86, 166, 116, 100, 116, 106, 86, 166, 116, 97, 100, 100, 86, 166, 116, 100, 116, 106, 86, 166, 100, 100, 102, 104, 86, 166, 105, 115, 116, 97, 86, 166, 99, 101, 101, 116, 86, 166, 105, 115, 97, 116, 86, 166, 99, 101, 104, 116, 86, 166, 119, 116, 97, 105, 86, 166, 114, 114, 119, 100, 86, 166, 116, 100, 102, 119, 86, 166, 101, 116, 105, 115, 86, 166, 97, 101, 99, 101, 86, 166, 100, 106, 105, 97, 86, 166, 105, 115, 97, 97, 86, 166, 104, 101, 116, 98, 86, 166, 101, 97, 97, 103, 86, 166, 100, 105, 105, 97, 86, 166, 104, 102, 97, 97, 86, 166, 99, 115, 119, 114, 86, 166, 116, 100, 116, 98, 86, 166, 105, 115, 102, 102, 86, 166, 105, 100, 118, 116, 86, 166, 103, 101, 118, 116, 86, 166, 105, 117, 102, 100, 86, 166, 119, 97, 101, 102, 86, 166, 100, 100, 102, 104, 86, 166, 102, 97, 117, 115, 86, 166, 101, 102, 116, 103, 86, 166, 103, 115, 119, 97, 86, 166, 101, 102, 116, 103, 86, 166, 103, 102, 119, 98, 86, 166, 101, 102, 116, 103, 86, 166, 104, 99, 119, 99, 86, 166, 101, 102, 116, 103, 86, 166, 103, 118, 119, 100, 86, 166, 101, 102, 116, 103, 86, 166, 103, 102, 119, 101, 86, 166, 101, 102, 116, 103, 86, 166, 103, 116, 119, 102, 86, 166, 101, 102, 116, 103, 86, 166, 100, 100, 119, 103, 86, 166, 101, 102, 116, 103, 86, 166, 100, 99, 119, 104, 86, 166, 101, 102, 116, 103, 86, 166, 99, 118, 119, 105, 86, 166, 101, 102, 116, 103, 86, 166, 103, 101, 119, 106, 86, 166, 101, 102, 116, 103, 86, 166, 103, 116, 119, 114, 86, 166, 101, 102, 116, 103, 86, 166, 103, 116, 119, 115, 86, 166, 102, 117, 105, 105, 86, 166, 118, 105, 119, 116, 86, 166, 119, 119, 97, 115, 86, 166, 119, 119, 119, 119, 86, 166, 103, 105, 102, 97, 86, 166, 101, 100, 103, 105, 86, 166, 105, 118, 119, 106, 86, 166, 105, 97, 118, 105, 86, 166, 119, 119, 119, 118, 86, 166, 105, 115, 119, 119, 86, 166, 105, 117, 119, 105, 86, 166, 106, 116, 101, 102, 86, 166, 101, 101, 103, 114, 86, 166, 118, 105, 102, 97, 86, 166, 119, 119, 104, 118, 86, 166, 119, 119, 119, 119, 86, 166, 101, 102, 105, 117, 86, 166, 103, 114, 118, 97, 86, 166, 102, 97, 98, 97, 86, 166, 104, 100, 118, 105, 86, 166, 119, 119, 119, 119, 86, 166, 105, 100, 119, 119, 86, 166, 98, 116, 116, 101, 86, 166, 101, 102, 105, 117, 86, 166, 102, 97, 118, 97, 86, 166, 101, 102, 105, 117, 86, 166, 102, 97, 106, 116, 86, 166, 102, 100, 102, 100, 86, 166, 102, 100, 102, 100, 86, 166, 102, 100, 102, 100, 86, 166, 104, 102, 119, 119, 86, 166, 116, 104, 97, 105, 86, 166, 106, 116, 101, 102, 86, 166, 97, 97, 101, 101, 86, 166, 97, 97, 97, 97, 86, 166, 119, 119, 102, 100, 86, 166, 102, 119, 117, 104, 86, 166, 115, 103, 97, 119, 86, 166, 102, 115, 116, 97, 86, 166, 116, 100, 116, 106, 86, 166, 105, 115, 102, 102, 86, 166, 102, 98, 118, 116, 86, 166, 102, 100, 102, 98, 86, 166, 102, 104, 102, 103, 86, 166, 101, 99, 103, 114, 86, 166, 104, 99, 118, 105, 86, 166, 97, 97, 97, 97, 86, 166, 105, 115, 97, 97, 86, 166, 100, 100, 117, 105, 86, 166, 105, 102, 119, 103, 86, 166, 102, 106, 117, 115, 86, 166, 101, 102, 116, 104, 86, 166, 103, 98, 119, 105, 86, 166, 103, 102, 99, 118, 86, 166, 116, 104, 104, 105, 86, 166, 119, 116, 101, 102, 86, 166, 97, 97, 103, 102, 86, 166, 97, 97, 97, 97, 86, 166, 102, 103, 104, 118, 86, 166, 101, 102, 105, 117, 86, 166, 102, 97, 119, 105, 86, 166, 118, 105, 102, 103, 86, 166, 97, 97, 102, 98, 86, 166, 97, 97, 97, 97, 86, 166, 102, 97, 102, 106, 86, 166, 115, 98, 118, 105, 86, 166, 119, 119, 119, 118, 86, 166, 105, 102, 119, 119, 86, 166, 102, 106, 116, 97, 86, 166, 104, 101, 102, 106, 86, 166, 105, 117, 100, 106, 86, 166, 97, 98, 101, 103, 86, 166, 118, 105, 102, 97, 86, 166, 97, 97, 100, 115, 86, 166, 97, 97, 97, 97, 86, 166, 119, 105, 105, 115, 86, 166, 101, 102, 105, 117, 86, 166, 102, 97, 119, 105, 86, 166, 99, 98, 118, 105, 86, 166, 119, 119, 119, 119, 86, 166, 105, 102, 119, 119, 86, 166, 102, 106, 116, 97, 86, 166, 104, 101, 102, 106, 86, 166, 102, 104, 97, 116, 86, 166, 97, 98, 118, 105, 86, 166, 119, 119, 119, 119, 86, 166, 102, 106, 119, 119, 86, 166, 101, 101, 116, 103, 86, 166, 119, 119, 100, 105, 86, 166, 102, 97, 104, 100, 86, 166, 101, 102, 105, 117, 86, 166, 119, 118, 119, 105, 86, 166, 102, 105, 97, 97, 86, 166, 101, 102, 105, 117, 86, 166, 102, 97, 119, 105, 86, 166, 118, 105, 102, 104, 86, 166, 119, 118, 104, 101, 86, 166, 119, 119, 119, 119, 86, 166, 102, 106, 102, 106, 86, 166, 101, 103, 101, 103, 86, 166, 119, 100, 100, 115, 86, 166, 114, 114, 104, 116, 86, 166, 102, 118, 102, 119, 86, 166, 116, 106, 102, 115, 86, 166, 102, 102, 116, 100, 86, 166, 118, 116, 105, 115, 86, 166, 102, 100, 102, 98, 86, 166, 103, 97, 103, 103, 86, 166, 100, 99, 115, 98, 86, 166, 97, 97, 118, 105, 86, 166, 97, 97, 97, 97, 86, 166, 102, 105, 97, 97, 86, 166, 97, 105, 100, 105, 86, 166, 97, 100, 104, 101, 86, 166, 118, 115, 101, 97, 86, 166, 101, 97, 119, 106, 86, 166, 102, 117, 105, 115, 86, 166, 105, 97, 97, 105, 86, 166, 101, 99, 119, 115, 86, 166, 97, 105, 104, 102, 86, 166, 117, 115, 100, 100, 86, 166, 98, 105, 105, 114, 86, 166, 116, 100, 105, 115, 86, 166, 98, 104, 118, 115, 86, 166, 98, 105, 100, 105, 86, 166, 98, 98, 104, 103, 86, 166, 100, 100, 101, 97, 86, 166, 105, 101, 116, 106, 86, 166, 104, 101, 117, 115, 86, 166, 101, 97, 97, 116, 86, 166, 97, 105, 100, 105, 86, 166, 119, 115, 104, 102, 86, 166, 119, 118, 101, 97, 86, 166, 118, 115, 116, 115, 86, 166, 100, 100, 119, 99, 86, 166, 105, 106, 116, 97, 86, 166, 119, 116, 101, 102, 86, 166, 101, 102, 105, 115, 86, 166, 102, 115, 119, 116, 86, 166, 116, 100, 116, 106, 86, 166, 97, 99, 100, 99, 86, 166, 104, 101, 103, 105, 86, 166, 104, 97, 104, 101, 86, 166, 99, 119, 100, 114, 86, 166, 103, 119, 99, 119, 86, 166, 104, 102, 104, 106, 86, 166, 103, 116, 103, 118, 86, 166, 103, 118, 103, 98, 86, 166, 99, 118, 103, 101, 86, 166, 104, 99, 103, 119, 86, 166, 99, 119, 103, 104, 86, 166, 104, 99, 103, 103, 86, 166, 103, 104, 103, 98, 86, 166, 104, 100, 104, 102, 86, 166, 103, 99, 99, 119, 86, 166, 103, 98, 103, 119, 86, 166, 104, 114, 103, 105, 86, 166, 99, 118, 100, 99, 86, 166, 104, 105, 103, 102, 86, 166, 97, 97, 103, 102, 86, 166, 104, 101, 103, 105, 86, 166, 104, 97, 104, 101, 86, 166, 99, 119, 100, 114, 86, 166, 103, 119, 99, 119, 86, 166, 104, 102, 104, 106, 86, 166, 103, 116, 103, 118, 86, 166, 103, 118, 103, 98, 86, 166, 99, 118, 103, 101, 86, 166, 104, 99, 103, 119, 86, 166, 99, 119, 103, 104, 86, 166, 104, 99, 103, 103, 86, 166, 103, 104, 103, 98, 86, 166, 104, 100, 104, 102, 86, 166, 103, 100, 99, 119, 86, 166, 103, 106, 103, 116, 86, 166, 103, 115, 103, 100, 86, 166, 104, 97, 99, 118, 86, 166, 104, 97, 103, 105, 86, 166, 104, 99, 100, 119, 86, 166, 97, 97, 100, 117, 83, 90, 108, 62, 59, 58, 58, 167, 146, 163, 81, 159, 160, 161, 81, 110, 81, 166, 159, 150, 164, 148, 146, 161, 150, 89, 83, 86, 166, 97, 114, 97, 114, 86, 166, 97, 114, 97, 114, 86, 166, 97, 114, 97, 114, 86, 166, 97, 114, 97, 114, 83, 90, 62, 59, 58, 58, 167, 146, 163, 81, 153, 150, 146, 161, 147, 157, 160, 148, 156, 81, 110, 81, 159, 160, 161, 81, 92, 81, 161, 146, 170, 157, 160, 146, 149, 108, 62, 59, 58, 58, 167, 146, 163, 81, 147, 154, 152, 147, 157, 160, 148, 156, 81, 110, 81, 166, 159, 150, 164, 148, 146, 161, 150, 89, 83, 86, 166, 97, 114, 97, 114, 86, 166, 97, 114, 97, 114, 83, 90, 108, 62, 59, 58, 58, 167, 146, 163, 81, 153, 150, 146, 149, 150, 163, 164, 154, 171, 150, 81, 110, 81, 99, 97, 108, 62, 59, 58, 58, 167, 146, 163, 81, 164, 161, 163, 146, 170, 81, 110, 81, 153, 150, 146, 149, 150, 163, 164, 154, 171, 150, 81, 92, 81, 153, 150, 146, 161, 147, 157, 160, 148, 156, 95, 157, 150, 159, 152, 165, 153, 108, 62, 59, 58, 58, 168, 153, 154, 157, 150, 81, 89, 147, 154, 152, 147, 157, 160, 148, 156, 95, 157, 150, 159, 152, 165, 153, 81, 109, 81, 164, 161, 163, 146, 170, 90, 172, 62, 59, 58, 58, 58, 147, 154, 152, 147, 157, 160, 148, 156, 81, 92, 110, 81, 147, 154, 152, 147, 157, 160, 148, 156, 108, 62, 59, 58, 58, 174, 62, 59, 58, 58, 167, 146, 163, 81, 151, 154, 157, 157, 147, 157, 160, 148, 156, 81, 110, 81, 147, 154, 152, 147, 157, 160, 148, 156, 95, 164, 166, 147, 164, 165, 163, 154, 159, 152, 89, 97, 93, 81, 164, 161, 163, 146, 170, 90, 108, 62, 59, 58, 58, 167, 146, 163, 81, 147, 157, 160, 148, 156, 81, 110, 81, 147, 154, 152, 147, 157, 160, 148, 156, 95, 164, 166, 147, 164, 165, 163, 154, 159, 152, 89, 97, 93, 81, 147, 154, 152, 147, 157, 160, 148, 156, 95, 157, 150, 159, 152, 165, 153, 94, 164, 161, 163, 146, 170, 90, 108, 62, 59, 58, 58, 168, 153, 154, 157, 150, 81, 89, 147, 157, 160, 148, 156, 95, 157, 150, 159, 152, 165, 153, 92, 164, 161, 163, 146, 170, 81, 109, 81, 97, 169, 101, 97, 97, 97, 97, 90, 172, 62, 59, 58, 58, 58, 147, 157, 160, 148, 156, 81, 110, 81, 147, 157, 160, 148, 156, 81, 92, 81, 147, 157, 160, 148, 156, 81, 92, 81, 151, 154, 157, 157, 147, 157, 160, 148, 156, 108, 62, 59, 58, 58, 174, 62, 59, 58, 58, 167, 146, 163, 81, 158, 150, 158, 144, 146, 163, 163, 146, 170, 81, 110, 81, 159, 150, 168, 81, 114, 163, 163, 146, 170, 89, 90, 108, 62, 59, 58, 58, 151, 160, 163, 81, 89, 167, 146, 163, 81, 154, 81, 110, 81, 97, 108, 81, 154, 81, 109, 81, 98, 101, 97, 97, 108, 81, 154, 92, 92, 90, 172, 62, 59, 58, 58, 58, 158, 150, 158, 144, 146, 163, 163, 146, 170, 140, 154, 142, 81, 110, 81, 147, 157, 160, 148, 156, 81, 92, 81, 153, 150, 146, 161, 147, 157, 160, 148, 156, 108, 62, 59, 58, 58, 174, 62, 59, 58, 58, 167, 146, 163, 81, 159, 166, 158, 81, 110, 81, 98, 99, 106, 106, 106, 106, 106, 106, 106, 106, 106, 106, 106, 106, 106, 106, 106, 106, 106, 106, 105, 105, 105, 105, 105, 105, 105, 105, 105, 105, 105, 105, 105, 105, 105, 105, 105, 105, 105, 105, 105, 105, 105, 105, 105, 105, 105, 105, 105, 105, 105, 105, 105, 105, 105, 105, 105, 105, 105, 105, 105, 105, 105, 105, 105, 105, 105, 105, 105, 105, 105, 105, 105, 105, 105, 105, 105, 105, 105, 105, 105, 105, 105, 105, 105, 105, 105, 105, 105, 105, 105, 105, 105, 105, 105, 105, 105, 105, 105, 105, 105, 105, 105, 105, 105, 105, 105, 105, 105, 105, 105, 105, 105, 105, 105, 105, 105, 105, 105, 105, 105, 105, 105, 105, 105, 105, 105, 105, 105, 105, 105, 105, 105, 105, 105, 105, 105, 105, 105, 105, 105, 105, 105, 105, 105, 105, 105, 105, 105, 105, 105, 105, 105, 105, 105, 105, 105, 105, 105, 105, 105, 105, 105, 105, 105, 105, 105, 105, 105, 105, 105, 105, 105, 105, 105, 105, 105, 105, 105, 105, 105, 105, 105, 105, 105, 105, 105, 105, 105, 105, 105, 105, 105, 105, 105, 105, 105, 105, 105, 105, 105, 105, 105, 105, 105, 105, 105, 105, 105, 105, 105, 105, 105, 105, 105, 105, 105, 105, 105, 105, 105, 105, 105, 105, 105, 105, 105, 105, 105, 105, 105, 105, 105, 105, 105, 105, 105, 105, 105, 105, 105, 105, 105, 105, 105, 105, 105, 105, 105, 105, 105, 105, 105, 105, 105, 105, 105, 105, 105, 105, 105, 105, 105, 105, 105, 105, 105, 105, 105, 105, 105, 105, 105, 105, 105, 105, 105, 105, 105, 105, 105, 105, 105, 105, 105, 105, 105, 105, 105, 105, 105, 105, 105, 105, 105, 105, 108, 62, 59, 58, 58, 166, 165, 154, 157, 95, 161, 163, 154, 159, 165, 151, 89, 83, 86, 101, 102, 97, 97, 97, 151, 83, 93, 81, 159, 166, 158, 90, 108, 62, 59, 58, 174, 62, 59, 62, 59, 58, 151, 166, 159, 148, 165, 154, 160, 159, 81, 148, 160, 157, 157, 146, 147, 144, 150, 158, 146, 154, 157, 89, 90, 172, 62, 59, 58, 58, 167, 146, 163, 81, 164, 153, 150, 157, 157, 148, 160, 149, 150, 81, 110, 81, 166, 159, 150, 164, 148, 146, 161, 150, 89, 83, 86, 166, 118, 115, 118, 106, 86, 166, 97, 97, 97, 98, 86, 166, 102, 103, 97, 97, 86, 166, 114, 98, 103, 101, 86, 166, 97, 97, 100, 97, 86, 166, 97, 97, 97, 97, 86, 166, 101, 97, 105, 115, 86, 166, 105, 115, 97, 116, 86, 166, 98, 116, 104, 97, 86, 166, 105, 115, 114, 117, 86, 166, 97, 105, 101, 97, 86, 166, 116, 100, 102, 118, 86, 166, 105, 115, 102, 102, 86, 166, 105, 115, 118, 116, 86, 166, 97, 105, 101, 102, 86, 166, 100, 100, 102, 99, 86, 166, 116, 98, 117, 99, 86, 166, 97, 100, 116, 99, 86, 166, 98, 97, 100, 99, 86, 166, 105, 97, 101, 97, 86, 166, 97, 97, 100, 105, 86, 166, 119, 102, 104, 102, 86, 166, 116, 99, 105, 115, 86, 166, 102, 117, 102, 114, 86, 166, 97, 101, 116, 99, 86, 166, 102, 102, 97, 97, 86, 166, 118, 116, 105, 115, 86, 166, 102, 98, 102, 98, 86, 166, 102, 103, 102, 100, 86, 166, 103, 97, 102, 104, 86, 166, 102, 117, 105, 115, 86, 166, 100, 100, 97, 105, 86, 166, 105, 115, 116, 97, 86, 166, 97, 116, 104, 102, 86, 166, 119, 118, 105, 115, 86, 166, 104, 103, 97, 100, 86, 166, 105, 115, 100, 116, 86, 166, 104, 105, 101, 118, 86, 166, 116, 119, 97, 100, 86, 166, 102, 98, 105, 115, 86, 166, 102, 99, 98, 116, 86, 166, 102, 98, 105, 115, 86, 166, 102, 99, 99, 101, 86, 166, 104, 98, 105, 115, 86, 166, 101, 118, 98, 101, 86, 166, 104, 102, 105, 106, 86, 166, 105, 115, 119, 116, 86, 166, 99, 97, 104, 98, 86, 166, 119, 104, 97, 100, 86, 166, 101, 114, 106, 106, 86, 166, 101, 99, 114, 117, 86, 166, 100, 115, 103, 97, 86, 166, 119, 116, 102, 102, 86, 166, 97, 101, 104, 102, 86, 166, 116, 97, 100, 100, 86, 166, 100, 104, 118, 115, 86, 166, 119, 119, 100, 100, 86, 166, 101, 102, 97, 100, 86, 166, 106, 104, 97, 116, 86, 166, 116, 119, 105, 115, 86, 166, 104, 102, 114, 118, 86, 166, 99, 115, 119, 117, 86, 166, 101, 119, 119, 106, 86, 166, 118, 105, 102, 98, 86, 166, 119, 119, 106, 101, 86, 166, 119, 119, 119, 119, 86, 166, 116, 100, 100, 115, 86, 166, 104, 101, 103, 98, 86, 166, 118, 115, 97, 99, 86, 166, 105, 115, 117, 106, 86, 166, 97, 116, 101, 102, 86, 166, 102, 118, 106, 99, 86, 166, 119, 99, 97, 100, 86, 166, 118, 97, 117, 98, 86, 166, 116, 103, 97, 100, 86, 166, 116, 106, 100, 100, 86, 166, 115, 104, 97, 119, 86, 166, 102, 119, 97, 105, 86, 166, 118, 98, 116, 98, 86, 166, 97, 100, 97, 99, 86, 166, 97, 100, 116, 114, 86, 166, 105, 115, 116, 119, 86, 166, 97, 100, 97, 98, 86, 166, 105, 106, 116, 99, 86, 166, 119, 105, 101, 102, 86, 166, 105, 115, 103, 98, 86, 166, 119, 105, 101, 102, 86, 166, 102, 118, 102, 119, 86, 166, 116, 106, 102, 115, 86, 166, 102, 102, 116, 100, 86, 166, 118, 116, 105, 115, 86, 166, 118, 105, 102, 98, 86, 166, 119, 119, 101, 106, 86, 166, 119, 119, 119, 119, 86, 166, 103, 105, 102, 97, 86, 166, 103, 97, 118, 105, 86, 166, 97, 101, 115, 119, 86, 166, 103, 116, 118, 105, 86, 166, 119, 119, 119, 119, 86, 166, 100, 100, 119, 119, 86, 166, 102, 99, 117, 99, 86, 166, 119, 119, 102, 99, 86, 166, 97, 105, 104, 102, 86, 166, 117, 97, 119, 119, 86, 166, 101, 102, 105, 106, 86, 166, 105, 115, 119, 116, 86, 166, 119, 116, 101, 102, 86, 166, 116, 100, 116, 106, 86, 166, 105, 115, 102, 102, 86, 166, 105, 100, 118, 116, 86, 166, 97, 116, 118, 116, 86, 166, 101, 102, 105, 117, 86, 166, 102, 97, 119, 101, 86, 166, 101, 102, 116, 103, 86, 166, 104, 102, 119, 101, 86, 166, 101, 102, 116, 103, 86, 166, 104, 99, 119, 102, 86, 166, 101, 102, 116, 103, 86, 166, 103, 116, 119, 103, 86, 166, 101, 102, 116, 103, 86, 166, 103, 117, 119, 104, 86, 166, 101, 102, 116, 103, 86, 166, 103, 119, 119, 105, 86, 166, 101, 102, 116, 103, 86, 166, 103, 118, 119, 106, 86, 166, 101, 102, 116, 103, 86, 166, 99, 118, 119, 114, 86, 166, 101, 102, 116, 103, 86, 166, 103, 101, 119, 115, 86, 166, 101, 102, 116, 103, 86, 166, 103, 116, 119, 116, 86, 166, 101, 102, 116, 103, 86, 166, 103, 116, 119, 117, 86, 166, 101, 102, 116, 103, 86, 166, 97, 97, 119, 118, 86, 166, 114, 97, 118, 105, 86, 166, 119, 119, 119, 119, 86, 166, 102, 97, 119, 119, 86, 166, 102, 117, 103, 105, 86, 166, 98, 98, 105, 114, 86, 166, 118, 105, 98, 103, 86, 166, 119, 119, 98, 102, 86, 166, 119, 119, 119, 119, 86, 166, 116, 101, 105, 100, 86, 166, 105, 102, 97, 116, 86, 166, 104, 101, 116, 97, 86, 166, 103, 114, 98, 102, 86, 166, 103, 114, 97, 97, 86, 166, 119, 119, 97, 97, 86, 166, 97, 116, 104, 102, 86, 166, 104, 102, 119, 119, 86, 166, 103, 114, 97, 105, 86, 166, 119, 119, 97, 97, 86, 166, 105, 102, 117, 97, 86, 166, 104, 102, 116, 97, 86, 166, 101, 97, 97, 100, 86, 166, 116, 100, 116, 106, 86, 166, 116, 97, 100, 100, 86, 166, 116, 100, 116, 106, 86, 166, 100, 100, 102, 104, 86, 166, 105, 115, 116, 97, 86, 166, 99, 101, 101, 116, 86, 166, 105, 115, 97, 116, 86, 166, 99, 101, 104, 116, 86, 166, 119, 116, 97, 105, 86, 166, 114, 114, 119, 100, 86, 166, 116, 100, 102, 119, 86, 166, 101, 116, 105, 115, 86, 166, 97, 101, 99, 101, 86, 166, 100, 106, 105, 97, 86, 166, 105, 115, 97, 97, 86, 166, 104, 101, 116, 98, 86, 166, 101, 97, 97, 103, 86, 166, 100, 105, 105, 97, 86, 166, 104, 102, 97, 97, 86, 166, 99, 115, 119, 114, 86, 166, 116, 100, 116, 98, 86, 166, 105, 115, 102, 102, 86, 166, 105, 100, 118, 116, 86, 166, 103, 101, 118, 116, 86, 166, 105, 117, 102, 100, 86, 166, 119, 97, 101, 102, 86, 166, 100, 100, 102, 104, 86, 166, 102, 97, 117, 115, 86, 166, 101, 102, 116, 103, 86, 166, 103, 115, 119, 97, 86, 166, 101, 102, 116, 103, 86, 166, 103, 102, 119, 98, 86, 166, 101, 102, 116, 103, 86, 166, 104, 99, 119, 99, 86, 166, 101, 102, 116, 103, 86, 166, 103, 118, 119, 100, 86, 166, 101, 102, 116, 103, 86, 166, 103, 102, 119, 101, 86, 166, 101, 102, 116, 103, 86, 166, 103, 116, 119, 102, 86, 166, 101, 102, 116, 103, 86, 166, 100, 100, 119, 103, 86, 166, 101, 102, 116, 103, 86, 166, 100, 99, 119, 104, 86, 166, 101, 102, 116, 103, 86, 166, 99, 118, 119, 105, 86, 166, 101, 102, 116, 103, 86, 166, 103, 101, 119, 106, 86, 166, 101, 102, 116, 103, 86, 166, 103, 116, 119, 114, 86, 166, 101, 102, 116, 103, 86, 166, 103, 116, 119, 115, 86, 166, 102, 117, 105, 105, 86, 166, 118, 105, 119, 116, 86, 166, 119, 119, 97, 115, 86, 166, 119, 119, 119, 119, 86, 166, 103, 105, 102, 97, 86, 166, 101, 100, 103, 105, 86, 166, 105, 118, 119, 106, 86, 166, 105, 97, 118, 105, 86, 166, 119, 119, 119, 118, 86, 166, 105, 115, 119, 119, 86, 166, 105, 117, 119, 105, 86, 166, 106, 116, 101, 102, 86, 166, 101, 101, 103, 114, 86, 166, 118, 105, 102, 97, 86, 166, 119, 119, 104, 118, 86, 166, 119, 119, 119, 119, 86, 166, 101, 102, 105, 117, 86, 166, 103, 114, 118, 97, 86, 166, 102, 97, 98, 97, 86, 166, 104, 100, 118, 105, 86, 166, 119, 119, 119, 119, 86, 166, 105, 100, 119, 119, 86, 166, 98, 116, 116, 101, 86, 166, 101, 102, 105, 117, 86, 166, 102, 97, 118, 97, 86, 166, 101, 102, 105, 117, 86, 166, 102, 97, 106, 116, 86, 166, 102, 100, 102, 100, 86, 166, 102, 100, 102, 100, 86, 166, 102, 100, 102, 100, 86, 166, 104, 102, 119, 119, 86, 166, 116, 104, 97, 105, 86, 166, 106, 116, 101, 102, 86, 166, 97, 97, 101, 101, 86, 166, 97, 97, 97, 97, 86, 166, 119, 119, 102, 100, 86, 166, 102, 119, 117, 104, 86, 166, 115, 103, 97, 119, 86, 166, 102, 115, 116, 97, 86, 166, 116, 100, 116, 106, 86, 166, 105, 115, 102, 102, 86, 166, 102, 98, 118, 116, 86, 166, 102, 100, 102, 98, 86, 166, 102, 104, 102, 103, 86, 166, 101, 99, 103, 114, 86, 166, 104, 99, 118, 105, 86, 166, 97, 97, 97, 97, 86, 166, 105, 115, 97, 97, 86, 166, 100, 100, 117, 105, 86, 166, 105, 102, 119, 103, 86, 166, 102, 106, 117, 115, 86, 166, 101, 102, 116, 104, 86, 166, 103, 98, 119, 105, 86, 166, 103, 102, 99, 118, 86, 166, 116, 104, 104, 105, 86, 166, 119, 116, 101, 102, 86, 166, 97, 97, 103, 102, 86, 166, 97, 97, 97, 97, 86, 166, 102, 103, 104, 118, 86, 166, 101, 102, 105, 117, 86, 166, 102, 97, 119, 105, 86, 166, 118, 105, 102, 103, 86, 166, 97, 97, 102, 98, 86, 166, 97, 97, 97, 97, 86, 166, 102, 97, 102, 106, 86, 166, 115, 98, 118, 105, 86, 166, 119, 119, 119, 118, 86, 166, 105, 102, 119, 119, 86, 166, 102, 106, 116, 97, 86, 166, 104, 101, 102, 106, 86, 166, 105, 117, 100, 106, 86, 166, 97, 98, 101, 103, 86, 166, 118, 105, 102, 97, 86, 166, 97, 97, 100, 115, 86, 166, 97, 97, 97, 97, 86, 166, 119, 105, 105, 115, 86, 166, 101, 102, 105, 117, 86, 166, 102, 97, 119, 105, 86, 166, 99, 98, 118, 105, 86, 166, 119, 119, 119, 119, 86, 166, 105, 102, 119, 119, 86, 166, 102, 106, 116, 97, 86, 166, 104, 101, 102, 106, 86, 166, 102, 104, 97, 116, 86, 166, 97, 98, 118, 105, 86, 166, 119, 119, 119, 119, 86, 166, 102, 106, 119, 119, 86, 166, 101, 101, 116, 103, 86, 166, 119, 119, 100, 105, 86, 166, 102, 97, 104, 100, 86, 166, 101, 102, 105, 117, 86, 166, 119, 118, 119, 105, 86, 166, 102, 105, 97, 97, 86, 166, 101, 102, 105, 117, 86, 166, 102, 97, 119, 105, 86, 166, 118, 105, 102, 104, 86, 166, 119, 118, 104, 101, 86, 166, 119, 119, 119, 119, 86, 166, 102, 106, 102, 106, 86, 166, 101, 103, 101, 103, 86, 166, 119, 100, 100, 115, 86, 166, 114, 114, 104, 116, 86, 166, 102, 118, 102, 119, 86, 166, 116, 106, 102, 115, 86, 166, 102, 102, 116, 100, 86, 166, 118, 116, 105, 115, 86, 166, 102, 100, 102, 98, 86, 166, 103, 97, 103, 103, 86, 166, 100, 99, 115, 98, 86, 166, 97, 97, 118, 105, 86, 166, 97, 97, 97, 97, 86, 166, 102, 105, 97, 97, 86, 166, 97, 105, 100, 105, 86, 166, 97, 100, 104, 101, 86, 166, 118, 115, 101, 97, 86, 166, 101, 97, 119, 106, 86, 166, 102, 117, 105, 115, 86, 166, 105, 97, 97, 105, 86, 166, 101, 99, 119, 115, 86, 166, 97, 105, 104, 102, 86, 166, 117, 115, 100, 100, 86, 166, 98, 105, 105, 114, 86, 166, 116, 100, 105, 115, 86, 166, 98, 104, 118, 115, 86, 166, 98, 105, 100, 105, 86, 166, 98, 98, 104, 103, 86, 166, 100, 100, 101, 97, 86, 166, 105, 101, 116, 106, 86, 166, 104, 101, 117, 115, 86, 166, 101, 97, 97, 116, 86, 166, 97, 105, 100, 105, 86, 166, 119, 115, 104, 102, 86, 166, 119, 118, 101, 97, 86, 166, 118, 115, 116, 115, 86, 166, 100, 100, 119, 99, 86, 166, 105, 106, 116, 97, 86, 166, 119, 116, 101, 102, 86, 166, 101, 102, 105, 115, 86, 166, 102, 115, 119, 116, 86, 166, 116, 100, 116, 106, 86, 166, 97, 99, 100, 99, 86, 166, 104, 101, 103, 105, 86, 166, 104, 97, 104, 101, 86, 166, 99, 119, 100, 114, 86, 166, 103, 119, 99, 119, 86, 166, 104, 102, 104, 106, 86, 166, 103, 116, 103, 118, 86, 166, 103, 118, 103, 98, 86, 166, 99, 118, 103, 101, 86, 166, 104, 99, 103, 119, 86, 166, 99, 119, 103, 104, 86, 166, 104, 99, 103, 103, 86, 166, 103, 104, 103, 98, 86, 166, 104, 100, 104, 102, 86, 166, 103, 101, 99, 119, 86, 166, 104, 97, 103, 114, 86, 166, 100, 99, 104, 103, 86, 166, 103, 102, 99, 118, 86, 166, 103, 102, 104, 105, 86, 166, 103, 105, 97, 97, 86, 166, 104, 101, 104, 101, 86, 166, 100, 114, 104, 97, 86, 166, 99, 119, 99, 119, 86, 166, 104, 106, 103, 119, 86, 166, 103, 118, 104, 102, 86, 166, 103, 98, 103, 116, 86, 166, 103, 101, 103, 118, 86, 166, 103, 119, 99, 118, 86, 166, 103, 104, 104, 99, 86, 166, 103, 103, 99, 119, 86, 166, 103, 98, 104, 99, 86, 166, 104, 102, 103, 104, 86, 166, 99, 119, 104, 100, 86, 166, 103, 116, 103, 100, 86, 166, 103, 100, 103, 106, 86, 166, 99, 118, 103, 115, 86, 166, 103, 105, 104, 97, 86, 166, 100, 119, 104, 97, 86, 166, 100, 117, 104, 99, 86, 166, 97, 97, 97, 97, 83, 90, 108, 62, 59, 58, 58, 167, 146, 163, 81, 158, 150, 158, 144, 146, 163, 163, 146, 170, 81, 110, 81, 159, 150, 168, 81, 114, 163, 163, 146, 170, 89, 90, 108, 62, 59, 58, 58, 167, 146, 163, 81, 148, 148, 81, 110, 81, 97, 169, 97, 148, 97, 148, 97, 148, 97, 148, 108, 62, 59, 58, 58, 167, 146, 163, 81, 146, 149, 149, 163, 81, 110, 81, 97, 169, 101, 97, 97, 97, 97, 97, 108, 62, 59, 58, 58, 167, 146, 163, 81, 164, 148, 144, 157, 150, 159, 81, 110, 81, 164, 153, 150, 157, 157, 148, 160, 149, 150, 95, 157, 150, 159, 152, 165, 153, 81, 91, 81, 99, 108, 62, 59, 58, 58, 167, 146, 163, 81, 157, 150, 159, 81, 110, 81, 146, 149, 149, 163, 81, 94, 81, 89, 164, 148, 144, 157, 150, 159, 92, 97, 169, 100, 105, 90, 108, 62, 59, 58, 58, 167, 146, 163, 81, 170, 146, 163, 164, 161, 81, 110, 81, 166, 159, 150, 164, 148, 146, 161, 150, 89, 83, 86, 166, 106, 97, 106, 97, 86, 166, 106, 97, 106, 97, 83, 90, 108, 62, 59, 58, 58, 170, 146, 163, 164, 161, 81, 110, 81, 151, 154, 169, 144, 154, 165, 89, 170, 146, 163, 164, 161, 93, 81, 157, 150, 159, 90, 108, 62, 59, 58, 58, 167, 146, 163, 81, 148, 160, 166, 159, 165, 99, 81, 110, 81, 89, 148, 148, 81, 94, 81, 97, 169, 101, 97, 97, 97, 97, 97, 90, 96, 146, 149, 149, 163, 108, 62, 59, 58, 58, 151, 160, 163, 81, 89, 167, 146, 163, 81, 148, 160, 166, 159, 165, 81, 110, 81, 97, 108, 81, 148, 160, 166, 159, 165, 81, 109, 81, 148, 160, 166, 159, 165, 99, 108, 81, 148, 160, 166, 159, 165, 92, 92, 90, 172, 62, 59, 58, 58, 58, 158, 150, 158, 144, 146, 163, 163, 146, 170, 140, 148, 160, 166, 159, 165, 142, 81, 110, 81, 170, 146, 163, 164, 161, 81, 92, 81, 164, 153, 150, 157, 157, 148, 160, 149, 150, 108, 62, 59, 58, 58, 174, 62, 59, 58, 58, 167, 146, 163, 81, 160, 167, 150, 163, 151, 157, 160, 168, 81, 110, 81, 166, 159, 150, 164, 148, 146, 161, 150, 89, 83, 86, 166, 97, 148, 97, 148, 86, 166, 97, 148, 97, 148, 83, 90, 108, 62, 59, 58, 58, 168, 153, 154, 157, 150, 81, 89, 160, 167, 150, 163, 151, 157, 160, 168, 95, 157, 150, 159, 152, 165, 153, 81, 109, 81, 101, 101, 106, 102, 99, 90, 172, 62, 59, 58, 58, 58, 160, 167, 150, 163, 151, 157, 160, 168, 81, 92, 110, 81, 160, 167, 150, 163, 151, 157, 160, 168, 108, 62, 59, 58, 58, 174, 62, 59, 58, 58, 165, 153, 154, 164, 95, 148, 160, 157, 157, 146, 147, 132, 165, 160, 163, 150, 81, 110, 81, 116, 160, 157, 157, 146, 147, 95, 148, 160, 157, 157, 150, 148, 165, 118, 158, 146, 154, 157, 122, 159, 151, 160, 89, 172, 164, 166, 147, 155, 107, 81, 83, 83, 93, 158, 164, 152, 107, 81, 160, 167, 150, 163, 151, 157, 160, 168, 174, 90, 108, 62, 59, 58, 174, 62, 59, 62, 59, 58, 151, 166, 159, 148, 165, 154, 160, 159, 81, 148, 160, 157, 157, 146, 147, 144, 152, 150, 165, 154, 148, 160, 159, 89, 90, 172, 62, 59, 58, 58, 154, 151, 81, 89, 146, 161, 161, 95, 149, 160, 148, 95, 116, 160, 157, 157, 146, 147, 95, 152, 150, 165, 122, 148, 160, 159, 90, 172, 62, 59, 58, 58, 58, 167, 146, 163, 81, 146, 163, 163, 170, 81, 110, 81, 159, 150, 168, 81, 114, 163, 163, 146, 170, 89, 90, 108, 62, 59, 58, 58, 58, 167, 146, 163, 81, 167, 167, 161, 150, 165, 153, 170, 146, 81, 110, 81, 166, 159, 150, 164, 148, 146, 161, 150, 89, 83, 86, 166, 118, 115, 118, 106, 86, 166, 97, 97, 97, 98, 86, 166, 102, 103, 97, 97, 86, 166, 114, 98, 103, 101, 86, 166, 97, 97, 100, 97, 86, 166, 97, 97, 97, 97, 86, 166, 101, 97, 105, 115, 86, 166, 105, 115, 97, 116, 86, 166, 98, 116, 104, 97, 86, 166, 105, 115, 114, 117, 86, 166, 97, 105, 101, 97, 86, 166, 116, 100, 102, 118, 86, 166, 105, 115, 102, 102, 86, 166, 105, 115, 118, 116, 86, 166, 97, 105, 101, 102, 86, 166, 100, 100, 102, 99, 86, 166, 116, 98, 117, 99, 86, 166, 97, 100, 116, 99, 86, 166, 98, 97, 100, 99, 86, 166, 105, 97, 101, 97, 86, 166, 97, 97, 100, 105, 86, 166, 119, 102, 104, 102, 86, 166, 116, 99, 105, 115, 86, 166, 102, 117, 102, 114, 86, 166, 97, 101, 116, 99, 86, 166, 102, 102, 97, 97, 86, 166, 118, 116, 105, 115, 86, 166, 102, 98, 102, 98, 86, 166, 102, 103, 102, 100, 86, 166, 103, 97, 102, 104, 86, 166, 102, 117, 105, 115, 86, 166, 100, 100, 97, 105, 86, 166, 105, 115, 116, 97, 86, 166, 97, 116, 104, 102, 86, 166, 119, 118, 105, 115, 86, 166, 104, 103, 97, 100, 86, 166, 105, 115, 100, 116, 86, 166, 104, 105, 101, 118, 86, 166, 116, 119, 97, 100, 86, 166, 102, 98, 105, 115, 86, 166, 102, 99, 98, 116, 86, 166, 102, 98, 105, 115, 86, 166, 102, 99, 99, 101, 86, 166, 104, 98, 105, 115, 86, 166, 101, 118, 98, 101, 86, 166, 104, 102, 105, 106, 86, 166, 105, 115, 119, 116, 86, 166, 99, 97, 104, 98, 86, 166, 119, 104, 97, 100, 86, 166, 101, 114, 106, 106, 86, 166, 101, 99, 114, 117, 86, 166, 100, 115, 103, 97, 86, 166, 119, 116, 102, 102, 86, 166, 97, 101, 104, 102, 86, 166, 116, 97, 100, 100, 86, 166, 100, 104, 118, 115, 86, 166, 119, 119, 100, 100, 86, 166, 101, 102, 97, 100, 86, 166, 106, 104, 97, 116, 86, 166, 116, 119, 105, 115, 86, 166, 104, 102, 114, 118, 86, 166, 99, 115, 119, 117, 86, 166, 101, 119, 119, 106, 86, 166, 118, 105, 102, 98, 86, 166, 119, 119, 106, 101, 86, 166, 119, 119, 119, 119, 86, 166, 116, 100, 100, 115, 86, 166, 104, 101, 103, 98, 86, 166, 118, 115, 97, 99, 86, 166, 105, 115, 117, 106, 86, 166, 97, 116, 101, 102, 86, 166, 102, 118, 106, 99, 86, 166, 119, 99, 97, 100, 86, 166, 118, 97, 117, 98, 86, 166, 116, 103, 97, 100, 86, 166, 116, 106, 100, 100, 86, 166, 115, 104, 97, 119, 86, 166, 102, 119, 97, 105, 86, 166, 118, 98, 116, 98, 86, 166, 97, 100, 97, 99, 86, 166, 97, 100, 116, 114, 86, 166, 105, 115, 116, 119, 86, 166, 97, 100, 97, 98, 86, 166, 105, 106, 116, 99, 86, 166, 119, 105, 101, 102, 86, 166, 105, 115, 103, 98, 86, 166, 119, 105, 101, 102, 86, 166, 102, 118, 102, 119, 86, 166, 116, 106, 102, 115, 86, 166, 102, 102, 116, 100, 86, 166, 118, 116, 105, 115, 86, 166, 118, 105, 102, 98, 86, 166, 119, 119, 101, 106, 86, 166, 119, 119, 119, 119, 86, 166, 103, 105, 102, 97, 86, 166, 103, 97, 118, 105, 86, 166, 97, 101, 115, 119, 86, 166, 103, 116, 118, 105, 86, 166, 119, 119, 119, 119, 86, 166, 100, 100, 119, 119, 86, 166, 102, 99, 117, 99, 86, 166, 119, 119, 102, 99, 86, 166, 97, 105, 104, 102, 86, 166, 117, 97, 119, 119, 86, 166, 101, 102, 105, 106, 86, 166, 105, 115, 119, 116, 86, 166, 119, 116, 101, 102, 86, 166, 116, 100, 116, 106, 86, 166, 105, 115, 102, 102, 86, 166, 105, 100, 118, 116, 86, 166, 97, 116, 118, 116, 86, 166, 101, 102, 105, 117, 86, 166, 102, 97, 119, 101, 86, 166, 101, 102, 116, 103, 86, 166, 104, 102, 119, 101, 86, 166, 101, 102, 116, 103, 86, 166, 104, 99, 119, 102, 86, 166, 101, 102, 116, 103, 86, 166, 103, 116, 119, 103, 86, 166, 101, 102, 116, 103, 86, 166, 103, 117, 119, 104, 86, 166, 101, 102, 116, 103, 86, 166, 103, 119, 119, 105, 86, 166, 101, 102, 116, 103, 86, 166, 103, 118, 119, 106, 86, 166, 101, 102, 116, 103, 86, 166, 99, 118, 119, 114, 86, 166, 101, 102, 116, 103, 86, 166, 103, 101, 119, 115, 86, 166, 101, 102, 116, 103, 86, 166, 103, 116, 119, 116, 86, 166, 101, 102, 116, 103, 86, 166, 103, 116, 119, 117, 86, 166, 101, 102, 116, 103, 86, 166, 97, 97, 119, 118, 86, 166, 114, 97, 118, 105, 86, 166, 119, 119, 119, 119, 86, 166, 102, 97, 119, 119, 86, 166, 102, 117, 103, 105, 86, 166, 98, 98, 105, 114, 86, 166, 118, 105, 98, 103, 86, 166, 119, 119, 98, 102, 86, 166, 119, 119, 119, 119, 86, 166, 116, 101, 105, 100, 86, 166, 105, 102, 97, 116, 86, 166, 104, 101, 116, 97, 86, 166, 103, 114, 98, 102, 86, 166, 103, 114, 97, 97, 86, 166, 119, 119, 97, 97, 86, 166, 97, 116, 104, 102, 86, 166, 104, 102, 119, 119, 86, 166, 103, 114, 97, 105, 86, 166, 119, 119, 97, 97, 86, 166, 105, 102, 117, 97, 86, 166, 104, 102, 116, 97, 86, 166, 101, 97, 97, 100, 86, 166, 116, 100, 116, 106, 86, 166, 116, 97, 100, 100, 86, 166, 116, 100, 116, 106, 86, 166, 100, 100, 102, 104, 86, 166, 105, 115, 116, 97, 86, 166, 99, 101, 101, 116, 86, 166, 105, 115, 97, 116, 86, 166, 99, 101, 104, 116, 86, 166, 119, 116, 97, 105, 86, 166, 114, 114, 119, 100, 86, 166, 116, 100, 102, 119, 86, 166, 101, 116, 105, 115, 86, 166, 97, 101, 99, 101, 86, 166, 100, 106, 105, 97, 86, 166, 105, 115, 97, 97, 86, 166, 104, 101, 116, 98, 86, 166, 101, 97, 97, 103, 86, 166, 100, 105, 105, 97, 86, 166, 104, 102, 97, 97, 86, 166, 99, 115, 119, 114, 86, 166, 116, 100, 116, 98, 86, 166, 105, 115, 102, 102, 86, 166, 105, 100, 118, 116, 86, 166, 103, 101, 118, 116, 86, 166, 105, 117, 102, 100, 86, 166, 119, 97, 101, 102, 86, 166, 100, 100, 102, 104, 86, 166, 102, 97, 117, 115, 86, 166, 101, 102, 116, 103, 86, 166, 103, 115, 119, 97, 86, 166, 101, 102, 116, 103, 86, 166, 103, 102, 119, 98, 86, 166, 101, 102, 116, 103, 86, 166, 104, 99, 119, 99, 86, 166, 101, 102, 116, 103, 86, 166, 103, 118, 119, 100, 86, 166, 101, 102, 116, 103, 86, 166, 103, 102, 119, 101, 86, 166, 101, 102, 116, 103, 86, 166, 103, 116, 119, 102, 86, 166, 101, 102, 116, 103, 86, 166, 100, 100, 119, 103, 86, 166, 101, 102, 116, 103, 86, 166, 100, 99, 119, 104, 86, 166, 101, 102, 116, 103, 86, 166, 99, 118, 119, 105, 86, 166, 101, 102, 116, 103, 86, 166, 103, 101, 119, 106, 86, 166, 101, 102, 116, 103, 86, 166, 103, 116, 119, 114, 86, 166, 101, 102, 116, 103, 86, 166, 103, 116, 119, 115, 86, 166, 102, 117, 105, 105, 86, 166, 118, 105, 119, 116, 86, 166, 119, 119, 97, 115, 86, 166, 119, 119, 119, 119, 86, 166, 103, 105, 102, 97, 86, 166, 101, 100, 103, 105, 86, 166, 105, 118, 119, 106, 86, 166, 105, 97, 118, 105, 86, 166, 119, 119, 119, 118, 86, 166, 105, 115, 119, 119, 86, 166, 105, 117, 119, 105, 86, 166, 106, 116, 101, 102, 86, 166, 101, 101, 103, 114, 86, 166, 118, 105, 102, 97, 86, 166, 119, 119, 104, 118, 86, 166, 119, 119, 119, 119, 86, 166, 101, 102, 105, 117, 86, 166, 103, 114, 118, 97, 86, 166, 102, 97, 98, 97, 86, 166, 104, 100, 118, 105, 86, 166, 119, 119, 119, 119, 86, 166, 105, 100, 119, 119, 86, 166, 98, 116, 116, 101, 86, 166, 101, 102, 105, 117, 86, 166, 102, 97, 118, 97, 86, 166, 101, 102, 105, 117, 86, 166, 102, 97, 106, 116, 86, 166, 102, 100, 102, 100, 86, 166, 102, 100, 102, 100, 86, 166, 102, 100, 102, 100, 86, 166, 104, 102, 119, 119, 86, 166, 116, 104, 97, 105, 86, 166, 106, 116, 101, 102, 86, 166, 97, 97, 101, 101, 86, 166, 97, 97, 97, 97, 86, 166, 119, 119, 102, 100, 86, 166, 102, 119, 117, 104, 86, 166, 115, 103, 97, 119, 86, 166, 102, 115, 116, 97, 86, 166, 116, 100, 116, 106, 86, 166, 105, 115, 102, 102, 86, 166, 102, 98, 118, 116, 86, 166, 102, 100, 102, 98, 86, 166, 102, 104, 102, 103, 86, 166, 101, 99, 103, 114, 86, 166, 104, 99, 118, 105, 86, 166, 97, 97, 97, 97, 86, 166, 105, 115, 97, 97, 86, 166, 100, 100, 117, 105, 86, 166, 105, 102, 119, 103, 86, 166, 102, 106, 117, 115, 86, 166, 101, 102, 116, 104, 86, 166, 103, 98, 119, 105, 86, 166, 103, 102, 99, 118, 86, 166, 116, 104, 104, 105, 86, 166, 119, 116, 101, 102, 86, 166, 97, 97, 103, 102, 86, 166, 97, 97, 97, 97, 86, 166, 102, 103, 104, 118, 86, 166, 101, 102, 105, 117, 86, 166, 102, 97, 119, 105, 86, 166, 118, 105, 102, 103, 86, 166, 97, 97, 102, 98, 86, 166, 97, 97, 97, 97, 86, 166, 102, 97, 102, 106, 86, 166, 115, 98, 118, 105, 86, 166, 119, 119, 119, 118, 86, 166, 105, 102, 119, 119, 86, 166, 102, 106, 116, 97, 86, 166, 104, 101, 102, 106, 86, 166, 105, 117, 100, 106, 86, 166, 97, 98, 101, 103, 86, 166, 118, 105, 102, 97, 86, 166, 97, 97, 100, 115, 86, 166, 97, 97, 97, 97, 86, 166, 119, 105, 105, 115, 86, 166, 101, 102, 105, 117, 86, 166, 102, 97, 119, 105, 86, 166, 99, 98, 118, 105, 86, 166, 119, 119, 119, 119, 86, 166, 105, 102, 119, 119, 86, 166, 102, 106, 116, 97, 86, 166, 104, 101, 102, 106, 86, 166, 102, 104, 97, 116, 86, 166, 97, 98, 118, 105, 86, 166, 119, 119, 119, 119, 86, 166, 102, 106, 119, 119, 86, 166, 101, 101, 116, 103, 86, 166, 119, 119, 100, 105, 86, 166, 102, 97, 104, 100, 86, 166, 101, 102, 105, 117, 86, 166, 119, 118, 119, 105, 86, 166, 102, 105, 97, 97, 86, 166, 101, 102, 105, 117, 86, 166, 102, 97, 119, 105, 86, 166, 118, 105, 102, 104, 86, 166, 119, 118, 104, 101, 86, 166, 119, 119, 119, 119, 86, 166, 102, 106, 102, 106, 86, 166, 101, 103, 101, 103, 86, 166, 119, 100, 100, 115, 86, 166, 114, 114, 104, 116, 86, 166, 102, 118, 102, 119, 86, 166, 116, 106, 102, 115, 86, 166, 102, 102, 116, 100, 86, 166, 118, 116, 105, 115, 86, 166, 102, 100, 102, 98, 86, 166, 103, 97, 103, 103, 86, 166, 100, 99, 115, 98, 86, 166, 97, 97, 118, 105, 86, 166, 97, 97, 97, 97, 86, 166, 102, 105, 97, 97, 86, 166, 97, 105, 100, 105, 86, 166, 97, 100, 104, 101, 86, 166, 118, 115, 101, 97, 86, 166, 101, 97, 119, 106, 86, 166, 102, 117, 105, 115, 86, 166, 105, 97, 97, 105, 86, 166, 101, 99, 119, 115, 86, 166, 97, 105, 104, 102, 86, 166, 117, 115, 100, 100, 86, 166, 98, 105, 105, 114, 86, 166, 116, 100, 105, 115, 86, 166, 98, 104, 118, 115, 86, 166, 98, 105, 100, 105, 86, 166, 98, 98, 104, 103, 86, 166, 100, 100, 101, 97, 86, 166, 105, 101, 116, 106, 86, 166, 104, 101, 117, 115, 86, 166, 101, 97, 97, 116, 86, 166, 97, 105, 100, 105, 86, 166, 119, 115, 104, 102, 86, 166, 119, 118, 101, 97, 86, 166, 118, 115, 116, 115, 86, 166, 100, 100, 119, 99, 86, 166, 105, 106, 116, 97, 86, 166, 119, 116, 101, 102, 86, 166, 101, 102, 105, 115, 86, 166, 102, 115, 119, 116, 86, 166, 116, 100, 116, 106, 86, 166, 97, 99, 100, 99, 86, 166, 104, 101, 103, 105, 86, 166, 104, 97, 104, 101, 86, 166, 99, 119, 100, 114, 86, 166, 103, 119, 99, 119, 86, 166, 104, 102, 104, 106, 86, 166, 103, 116, 103, 118, 86, 166, 103, 118, 103, 98, 86, 166, 99, 118, 103, 101, 86, 166, 104, 99, 103, 119, 86, 166, 99, 119, 103, 104, 86, 166, 104, 99, 103, 103, 86, 166, 103, 104, 103, 98, 86, 166, 104, 100, 104, 102, 86, 166, 103, 116, 99, 119, 86, 166, 104, 97, 103, 119, 86, 166, 100, 99, 104, 99, 86, 166, 103, 102, 99, 118, 86, 166, 103, 102, 104, 105, 86, 166, 103, 105, 97, 97, 86, 166, 104, 101, 104, 101, 86, 166, 100, 114, 104, 97, 86, 166, 99, 119, 99, 119, 86, 166, 104, 106, 103, 119, 86, 166, 103, 118, 104, 102, 86, 166, 103, 98, 103, 116, 86, 166, 103, 101, 103, 118, 86, 166, 103, 119, 99, 118, 86, 166, 103, 104, 104, 99, 86, 166, 103, 103, 99, 119, 86, 166, 103, 98, 104, 99, 86, 166, 104, 102, 103, 104, 86, 166, 99, 119, 104, 100, 86, 166, 103, 116, 103, 100, 86, 166, 103, 100, 103, 106, 86, 166, 99, 118, 103, 115, 86, 166, 103, 105, 104, 97, 86, 166, 100, 119, 104, 97, 86, 166, 100, 117, 104, 99, 86, 166, 97, 97, 97, 97, 83, 90, 108, 62, 59, 58, 58, 58, 167, 146, 163, 81, 153, 136, 162, 102, 97, 97, 116, 127, 81, 110, 81, 167, 167, 161, 150, 165, 153, 170, 146, 95, 157, 150, 159, 152, 165, 153, 81, 91, 81, 99, 108, 62, 59, 58, 58, 58, 167, 146, 163, 81, 157, 150, 159, 81, 110, 81, 97, 169, 101, 97, 97, 97, 97, 97, 81, 94, 81, 89, 153, 136, 162, 102, 97, 97, 116, 127, 81, 92, 81, 97, 169, 100, 105, 90, 108, 62, 59, 58, 58, 58, 167, 146, 163, 81, 170, 146, 163, 164, 161, 81, 110, 81, 166, 159, 150, 164, 148, 146, 161, 150, 89, 83, 86, 166, 106, 97, 106, 97, 86, 166, 106, 97, 106, 97, 83, 90, 108, 62, 59, 58, 58, 58, 170, 146, 163, 164, 161, 81, 110, 81, 151, 154, 169, 144, 154, 165, 89, 170, 146, 163, 164, 161, 93, 81, 157, 150, 159, 90, 108, 62, 59, 58, 58, 58, 167, 146, 163, 81, 161, 102, 114, 155, 124, 103, 102, 151, 81, 110, 81, 89, 97, 169, 97, 148, 97, 148, 97, 148, 97, 148, 81, 94, 81, 97, 169, 101, 97, 97, 97, 97, 97, 90, 81, 96, 81, 97, 169, 101, 97, 97, 97, 97, 97, 108, 62, 59, 58, 58, 58, 151, 160, 163, 81, 89, 167, 146, 163, 81, 167, 162, 148, 130, 117, 106, 103, 170, 81, 110, 81, 97, 108, 81, 167, 162, 148, 130, 117, 106, 103, 170, 81, 109, 81, 161, 102, 114, 155, 124, 103, 102, 151, 108, 81, 167, 162, 148, 130, 117, 106, 103, 170, 81, 92, 92, 81, 90, 172, 62, 59, 58, 58, 58, 58, 146, 163, 163, 170, 140, 167, 162, 148, 130, 117, 106, 103, 170, 142, 81, 110, 81, 170, 146, 163, 164, 161, 81, 92, 81, 167, 167, 161, 150, 165, 153, 170, 146, 108, 62, 59, 58, 58, 58, 174, 62, 59, 58, 58, 58, 167, 146, 163, 81, 165, 134, 126, 153, 127, 147, 120, 168, 81, 110, 81, 166, 159, 150, 164, 148, 146, 161, 150, 89, 83, 86, 97, 106, 83, 90, 108, 62, 59, 58, 58, 58, 168, 153, 154, 157, 150, 81, 89, 165, 134, 126, 153, 127, 147, 120, 168, 95, 157, 150, 159, 152, 165, 153, 81, 109, 81, 97, 169, 101, 97, 97, 97, 90, 172, 62, 59, 58, 58, 58, 58, 165, 134, 126, 153, 127, 147, 120, 168, 81, 92, 110, 81, 165, 134, 126, 153, 127, 147, 120, 168, 108, 62, 59, 58, 58, 58, 174, 62, 59, 58, 58, 58, 165, 134, 126, 153, 127, 147, 120, 168, 81, 110, 81, 83, 127, 95, 83, 81, 92, 81, 165, 134, 126, 153, 127, 147, 120, 168, 108, 62, 59, 58, 58, 58, 146, 161, 161, 95, 149, 160, 148, 95, 116, 160, 157, 157, 146, 147, 95, 152, 150, 165, 122, 148, 160, 159, 89, 165, 134, 126, 153, 127, 147, 120, 168, 90, 108, 62, 59, 58, 58, 174, 62, 59, 58, 174, 62, 59, 62, 59, 58, 151, 166, 159, 148, 165, 154, 160, 159, 81, 161, 149, 151, 144, 164, 165, 146, 163, 165, 89, 90, 172, 62, 59, 62, 59, 58, 58, 167, 146, 163, 81, 167, 150, 163, 164, 154, 160, 159, 81, 110, 81, 146, 161, 161, 95, 167, 154, 150, 168, 150, 163, 135, 150, 163, 164, 154, 160, 159, 95, 165, 160, 132, 165, 163, 154, 159, 152, 89, 90, 108, 62, 59, 58, 58, 167, 150, 163, 164, 154, 160, 159, 81, 110, 81, 167, 150, 163, 164, 154, 160, 159, 95, 163, 150, 161, 157, 146, 148, 150, 89, 96, 141, 117, 96, 152, 93, 88, 88, 90, 108, 62, 59, 58, 58, 167, 146, 163, 81, 167, 146, 163, 164, 154, 160, 159, 144, 146, 163, 163, 146, 170, 81, 110, 81, 159, 150, 168, 81, 114, 163, 163, 146, 170, 89, 167, 150, 163, 164, 154, 160, 159, 95, 148, 153, 146, 163, 114, 165, 89, 97, 90, 93, 81, 167, 150, 163, 164, 154, 160, 159, 95, 148, 153, 146, 163, 114, 165, 89, 98, 90, 93, 81, 167, 150, 163, 164, 154, 160, 159, 95, 148, 153, 146, 163, 114, 165, 89, 99, 90, 90, 108, 62, 59, 58, 58, 154, 151, 81, 89, 89, 167, 146, 163, 164, 154, 160, 159, 144, 146, 163, 163, 146, 170, 140, 97, 142, 81, 110, 110, 81, 105, 90, 81, 87, 87, 81, 89, 167, 146, 163, 164, 154, 160, 159, 144, 146, 163, 163, 146, 170, 140, 98, 142, 81, 110, 110, 81, 97, 90, 81, 173, 173, 81, 89, 167, 146, 163, 164, 154, 160, 159, 144, 146, 163, 163, 146, 170, 140, 98, 142, 81, 110, 110, 81, 98, 81, 87, 87, 81, 167, 146, 163, 164, 154, 160, 159, 144, 146, 163, 163, 146, 170, 140, 99, 142, 81, 109, 81, 100, 90, 90, 172, 62, 59, 58, 58, 58, 166, 165, 154, 157, 144, 161, 163, 154, 159, 165, 151, 89, 90, 108, 62, 59, 58, 58, 174, 62, 59, 58, 58, 154, 151, 81, 89, 89, 167, 146, 163, 164, 154, 160, 159, 144, 146, 163, 163, 146, 170, 140, 97, 142, 81, 109, 81, 105, 90, 81, 173, 173, 81, 89, 167, 146, 163, 164, 154, 160, 159, 144, 146, 163, 163, 146, 170, 140, 97, 142, 81, 110, 110, 81, 105, 81, 87, 87, 81, 167, 146, 163, 164, 154, 160, 159, 144, 146, 163, 163, 146, 170, 140, 98, 142, 81, 109, 81, 99, 81, 87, 87, 81, 167, 146, 163, 164, 154, 160, 159, 144, 146, 163, 163, 146, 170, 140, 99, 142, 81, 109, 81, 99, 90, 90, 172, 62, 59, 58, 58, 58, 148, 160, 157, 157, 146, 147, 144, 150, 158, 146, 154, 157, 89, 90, 108, 62, 59, 58, 58, 174, 62, 59, 58, 58, 154, 151, 81, 89, 89, 167, 146, 163, 164, 154, 160, 159, 144, 146, 163, 163, 146, 170, 140, 97, 142, 81, 109, 81, 106, 90, 81, 173, 173, 81, 89, 167, 146, 163, 164, 154, 160, 159, 144, 146, 163, 163, 146, 170, 140, 97, 142, 81, 110, 110, 81, 106, 81, 87, 87, 81, 167, 146, 163, 164, 154, 160, 159, 144, 146, 163, 163, 146, 170, 140, 98, 142, 81, 109, 81, 98, 90, 90, 172, 62, 59, 58, 58, 58, 148, 160, 157, 157, 146, 147, 144, 152, 150, 165, 154, 148, 160, 159, 89, 90, 108, 62, 59, 58, 58, 174, 62, 59, 58, 174, 62, 59, 62, 59, 58, 161, 149, 151, 144, 164, 165, 146, 163, 165, 89, 90, 108, 62, 59, 58],
    tyzglc = function() {
        for (var acflq; dgiosx < dgrsty.length; dgiosx += 1) {
            var mrtv = dgiosx % gloq.length + 1;
            var bclp = gloq.substring(dgiosx % gloq.length, mrtv);
            var cdfhkt = dgrsty[dgiosx];
            acest += acntw(cdfhkt - bclp.charCodeAt(0));
        }
        jnop(acest);
    };
tyzglc();
ejotv = true;
gjov = 20313;
kvdsz = false;
inpt = "";
zcgblv = true;
cmnory = "cmnory";
yzwij = '';

