// peepdf comment: Javascript code located in object 7 (version 0)

var djkmnu = "";
bhlsxy = '';
bdwx = "bdwx";
jkrtwy = '';
bdeisv = "";
piqrz = '';
bdnqtu = true;
dilvx = "";
eimnq = false;
nzqvd = "nzqvd";
diopru = "diopru";
cflsu = true;
erzbc = "";
cdflu = '';
efov = true;
var afmvw = '',
    aeks = 49184,
    ejnprx = '',
    cszq = 0,
    utfzkn = String,
    zoedq = utfzkn['f7r7oQmQCwhwawrkCkoQdQeU'.replace(/[UQwk7]/g, '')],
    pzogq = String,
    bgquv = pzogq['eUvcaclV'.replace(/[VDHUc]/g, '')],
    aefktw = "65",
    dghmtu = "",
    frtxy = [67, 63, 63, 155, 171, 163, 153, 169, 159, 164, 164, 85, 156, 158, 174, 148, 159, 169, 94, 174, 151, 167, 169, 165, 98, 85, 162, 154, 164, 94, 177, 66, 64, 62, 63, 172, 158, 158, 162, 154, 86, 93, 175, 150, 168, 168, 166, 99, 162, 154, 164, 156, 170, 157, 86, 95, 86, 103, 86, 113, 86, 161, 155, 163, 95, 176, 67, 63, 63, 62, 63, 174, 151, 167, 169, 165, 86, 96, 115, 85, 175, 150, 168, 168, 166, 112, 67, 63, 63, 62, 179, 66, 64, 62, 63, 174, 151, 167, 169, 165, 86, 114, 86, 174, 151, 167, 169, 165, 100, 168, 171, 151, 169, 169, 168, 158, 164, 156, 94, 101, 98, 85, 162, 154, 164, 100, 104, 94, 113, 66, 64, 62, 63, 167, 155, 169, 171, 167, 164, 85, 175, 150, 168, 168, 166, 112, 67, 63, 63, 178, 67, 63, 67, 63, 63, 155, 171, 163, 153, 169, 159, 164, 164, 85, 171, 169, 159, 161, 149, 165, 168, 158, 164, 169, 156, 93, 95, 176, 67, 63, 63, 62, 172, 150, 168, 85, 166, 150, 175, 161, 165, 150, 154, 85, 115, 85, 171, 163, 155, 168, 153, 150, 166, 154, 94, 87, 91, 170, 123, 119, 123, 110, 91, 170, 102, 101, 102, 102, 91, 170, 107, 107, 102, 101, 91, 170, 119, 102, 108, 105, 91, 170, 102, 101, 105, 101, 91, 170, 102, 101, 102, 101, 91, 170, 106, 101, 110, 119, 91, 170, 110, 119, 102, 120, 91, 170, 103, 120, 109, 101, 91, 170, 110, 119, 119, 121, 91, 170, 102, 109, 106, 101, 91, 170, 121, 104, 107, 122, 91, 170, 110, 119, 107, 106, 91, 170, 110, 119, 123, 120, 91, 170, 102, 109, 106, 106, 91, 170, 105, 104, 107, 103, 91, 170, 121, 102, 122, 103, 91, 170, 102, 104, 121, 103, 91, 170, 103, 101, 105, 103, 91, 170, 110, 101, 106, 101, 91, 170, 102, 101, 105, 109, 91, 170, 124, 106, 109, 106, 91, 170, 121, 103, 110, 119, 91, 170, 107, 121, 107, 118, 91, 170, 102, 105, 121, 103, 91, 170, 107, 106, 102, 101, 91, 170, 123, 120, 110, 119, 91, 170, 107, 102, 107, 102, 91, 170, 107, 107, 107, 104, 91, 170, 108, 101, 107, 108, 91, 170, 107, 121, 110, 119, 91, 170, 105, 104, 102, 109, 91, 170, 110, 119, 121, 101, 91, 170, 102, 120, 109, 106, 91, 170, 124, 122, 110, 119, 91, 170, 109, 107, 102, 104, 91, 170, 110, 119, 105, 120, 91, 170, 109, 109, 106, 122, 91, 170, 121, 123, 102, 104, 91, 170, 107, 102, 110, 119, 91, 170, 107, 103, 103, 120, 91, 170, 107, 102, 110, 119, 91, 170, 107, 103, 104, 105, 91, 170, 109, 102, 110, 119, 91, 170, 106, 122, 103, 105, 91, 170, 109, 106, 110, 110, 91, 170, 110, 119, 124, 120, 91, 170, 104, 101, 109, 102, 91, 170, 124, 108, 102, 104, 91, 170, 106, 118, 111, 110, 91, 170, 106, 103, 119, 121, 91, 170, 105, 119, 108, 101, 91, 170, 124, 120, 107, 106, 91, 170, 102, 105, 109, 106, 91, 170, 121, 101, 105, 104, 91, 170, 105, 108, 123, 119, 91, 170, 124, 123, 105, 104, 91, 170, 106, 106, 102, 104, 91, 170, 111, 108, 102, 120, 91, 170, 121, 123, 110, 119, 91, 170, 109, 106, 119, 122, 91, 170, 104, 119, 124, 121, 91, 170, 106, 123, 124, 110, 91, 170, 123, 109, 107, 102, 91, 170, 124, 123, 111, 105, 91, 170, 124, 123, 124, 123, 91, 170, 121, 104, 105, 119, 91, 170, 109, 105, 108, 102, 91, 170, 123, 119, 102, 103, 91, 170, 110, 119, 122, 110, 91, 170, 102, 120, 106, 106, 91, 170, 107, 122, 111, 103, 91, 170, 124, 103, 102, 104, 91, 170, 123, 101, 122, 102, 91, 170, 121, 107, 102, 104, 91, 170, 121, 110, 105, 104, 91, 170, 120, 108, 102, 123, 91, 170, 107, 123, 102, 109, 91, 170, 123, 102, 121, 102, 91, 170, 102, 104, 102, 103, 91, 170, 102, 104, 121, 118, 91, 170, 110, 119, 121, 123, 91, 170, 102, 104, 102, 102, 91, 170, 110, 110, 121, 103, 91, 170, 124, 109, 106, 106, 91, 170, 110, 119, 108, 102, 91, 170, 124, 109, 106, 106, 91, 170, 107, 122, 107, 123, 91, 170, 121, 110, 107, 119, 91, 170, 107, 106, 121, 104, 91, 170, 123, 120, 110, 119, 91, 170, 123, 109, 107, 102, 91, 170, 124, 123, 106, 110, 91, 170, 124, 123, 124, 123, 91, 170, 108, 109, 107, 101, 91, 170, 108, 101, 123, 109, 91, 170, 102, 105, 120, 123, 91, 170, 108, 120, 123, 109, 91, 170, 124, 123, 124, 123, 91, 170, 105, 104, 124, 123, 91, 170, 107, 103, 122, 103, 91, 170, 124, 123, 107, 103, 91, 170, 102, 109, 109, 106, 91, 170, 122, 101, 124, 123, 91, 170, 106, 106, 110, 110, 91, 170, 110, 119, 124, 120, 91, 170, 124, 120, 106, 106, 91, 170, 121, 104, 121, 110, 91, 170, 110, 119, 107, 106, 91, 170, 110, 104, 123, 120, 91, 170, 102, 120, 123, 120, 91, 170, 106, 106, 110, 121, 91, 170, 107, 101, 124, 105, 91, 170, 106, 106, 121, 107, 91, 170, 109, 106, 124, 105, 91, 170, 106, 106, 121, 107, 91, 170, 109, 103, 124, 106, 91, 170, 106, 106, 121, 107, 91, 170, 108, 120, 124, 107, 91, 170, 106, 106, 121, 107, 91, 170, 108, 121, 124, 108, 91, 170, 106, 106, 121, 107, 91, 170, 108, 123, 124, 109, 91, 170, 106, 106, 121, 107, 91, 170, 108, 122, 124, 110, 91, 170, 106, 106, 121, 107, 91, 170, 104, 122, 124, 118, 91, 170, 106, 106, 121, 107, 91, 170, 108, 105, 124, 119, 91, 170, 106, 106, 121, 107, 91, 170, 108, 120, 124, 120, 91, 170, 106, 106, 121, 107, 91, 170, 108, 120, 124, 121, 91, 170, 106, 106, 121, 107, 91, 170, 102, 101, 124, 122, 91, 170, 119, 101, 123, 109, 91, 170, 124, 123, 124, 123, 91, 170, 107, 101, 124, 123, 91, 170, 107, 121, 108, 109, 91, 170, 103, 102, 110, 118, 91, 170, 123, 109, 103, 107, 91, 170, 124, 123, 103, 106, 91, 170, 124, 123, 124, 123, 91, 170, 121, 105, 110, 104, 91, 170, 110, 106, 102, 120, 91, 170, 109, 105, 121, 101, 91, 170, 108, 118, 103, 106, 91, 170, 108, 118, 102, 101, 91, 170, 124, 123, 102, 101, 91, 170, 102, 120, 109, 106, 91, 170, 109, 106, 124, 123, 91, 170, 108, 118, 102, 109, 91, 170, 124, 123, 102, 101, 91, 170, 110, 106, 122, 101, 91, 170, 109, 106, 121, 101, 91, 170, 106, 101, 102, 104, 91, 170, 121, 104, 121, 110, 91, 170, 121, 101, 105, 104, 91, 170, 121, 104, 121, 110, 91, 170, 105, 104, 107, 108, 91, 170, 110, 119, 121, 101, 91, 170, 104, 105, 106, 120, 91, 170, 110, 119, 102, 120, 91, 170, 104, 105, 109, 120, 91, 170, 124, 120, 102, 109, 91, 170, 119, 118, 124, 104, 91, 170, 121, 104, 107, 123, 91, 170, 106, 120, 110, 119, 91, 170, 102, 105, 104, 105, 91, 170, 105, 110, 110, 101, 91, 170, 110, 119, 102, 101, 91, 170, 109, 105, 121, 102, 91, 170, 106, 101, 102, 107, 91, 170, 105, 109, 110, 101, 91, 170, 109, 106, 102, 101, 91, 170, 104, 119, 124, 118, 91, 170, 121, 104, 121, 102, 91, 170, 110, 119, 107, 106, 91, 170, 110, 104, 123, 120, 91, 170, 108, 105, 123, 120, 91, 170, 110, 121, 107, 104, 91, 170, 124, 101, 106, 106, 91, 170, 105, 104, 107, 108, 91, 170, 107, 101, 122, 119, 91, 170, 106, 106, 121, 107, 91, 170, 108, 119, 124, 101, 91, 170, 106, 106, 121, 107, 91, 170, 108, 106, 124, 102, 91, 170, 106, 106, 121, 107, 91, 170, 109, 103, 124, 103, 91, 170, 106, 106, 121, 107, 91, 170, 108, 122, 124, 104, 91, 170, 106, 106, 121, 107, 91, 170, 108, 106, 124, 105, 91, 170, 106, 106, 121, 107, 91, 170, 108, 120, 124, 106, 91, 170, 106, 106, 121, 107, 91, 170, 105, 104, 124, 107, 91, 170, 106, 106, 121, 107, 91, 170, 105, 103, 124, 108, 91, 170, 106, 106, 121, 107, 91, 170, 104, 122, 124, 109, 91, 170, 106, 106, 121, 107, 91, 170, 108, 105, 124, 110, 91, 170, 106, 106, 121, 107, 91, 170, 108, 120, 124, 118, 91, 170, 106, 106, 121, 107, 91, 170, 108, 120, 124, 119, 91, 170, 107, 121, 110, 109, 91, 170, 123, 109, 124, 120, 91, 170, 124, 123, 102, 119, 91, 170, 124, 123, 124, 123, 91, 170, 108, 109, 107, 101, 91, 170, 106, 104, 108, 109, 91, 170, 110, 122, 124, 110, 91, 170, 110, 101, 123, 109, 91, 170, 124, 123, 124, 122, 91, 170, 110, 119, 124, 123, 91, 170, 110, 121, 124, 109, 91, 170, 111, 120, 106, 106, 91, 170, 106, 105, 108, 118, 91, 170, 123, 109, 107, 101, 91, 170, 124, 123, 109, 122, 91, 170, 124, 123, 124, 123, 91, 170, 106, 106, 110, 121, 91, 170, 108, 118, 123, 101, 91, 170, 107, 101, 103, 101, 91, 170, 109, 104, 123, 109, 91, 170, 124, 123, 124, 123, 91, 170, 110, 104, 124, 123, 91, 170, 103, 120, 121, 105, 91, 170, 106, 106, 110, 121, 91, 170, 107, 101, 123, 101, 91, 170, 106, 106, 110, 121, 91, 170, 107, 101, 111, 120, 91, 170, 107, 104, 107, 104, 91, 170, 107, 104, 107, 104, 91, 170, 107, 104, 107, 104, 91, 170, 109, 106, 124, 123, 91, 170, 121, 108, 102, 109, 91, 170, 111, 120, 106, 106, 91, 170, 102, 101, 106, 105, 91, 170, 102, 101, 102, 101, 91, 170, 124, 123, 107, 104, 91, 170, 107, 123, 122, 108, 91, 170, 120, 107, 102, 123, 91, 170, 107, 119, 121, 101, 91, 170, 121, 104, 121, 110, 91, 170, 110, 119, 107, 106, 91, 170, 107, 102, 123, 120, 91, 170, 107, 104, 107, 102, 91, 170, 107, 108, 107, 107, 91, 170, 106, 103, 108, 118, 91, 170, 109, 103, 123, 109, 91, 170, 102, 101, 102, 101, 91, 170, 110, 119, 102, 101, 91, 170, 105, 104, 122, 109, 91, 170, 110, 106, 124, 107, 91, 170, 107, 110, 122, 119, 91, 170, 106, 106, 121, 108, 91, 170, 108, 102, 124, 109, 91, 170, 108, 106, 104, 122, 91, 170, 121, 108, 109, 109, 91, 170, 124, 120, 106, 106, 91, 170, 102, 101, 108, 106, 91, 170, 102, 101, 102, 101, 91, 170, 107, 107, 109, 122, 91, 170, 106, 106, 110, 121, 91, 170, 107, 101, 124, 109, 91, 170, 123, 109, 107, 107, 91, 170, 102, 101, 107, 102, 91, 170, 102, 101, 102, 101, 91, 170, 107, 101, 107, 110, 91, 170, 120, 102, 123, 109, 91, 170, 124, 123, 124, 122, 91, 170, 110, 106, 124, 123, 91, 170, 107, 110, 121, 101, 91, 170, 109, 105, 107, 110, 91, 170, 110, 121, 105, 110, 91, 170, 102, 102, 106, 107, 91, 170, 123, 109, 107, 101, 91, 170, 102, 101, 105, 119, 91, 170, 102, 101, 102, 101, 91, 170, 124, 109, 110, 119, 91, 170, 106, 106, 110, 121, 91, 170, 107, 101, 124, 109, 91, 170, 104, 102, 123, 109, 91, 170, 124, 123, 124, 123, 91, 170, 110, 106, 124, 123, 91, 170, 107, 110, 121, 101, 91, 170, 109, 105, 107, 110, 91, 170, 107, 108, 102, 120, 91, 170, 102, 102, 123, 109, 91, 170, 124, 123, 124, 123, 91, 170, 107, 110, 124, 123, 91, 170, 106, 105, 121, 107, 91, 170, 124, 123, 105, 109, 91, 170, 107, 101, 109, 104, 91, 170, 106, 106, 110, 121, 91, 170, 124, 122, 124, 109, 91, 170, 107, 109, 102, 101, 91, 170, 106, 106, 110, 121, 91, 170, 107, 101, 124, 109, 91, 170, 123, 109, 107, 108, 91, 170, 124, 122, 109, 105, 91, 170, 124, 123, 124, 123, 91, 170, 107, 110, 107, 110, 91, 170, 106, 107, 106, 107, 91, 170, 124, 104, 105, 119, 91, 170, 119, 118, 109, 120, 91, 170, 107, 122, 107, 123, 91, 170, 121, 110, 107, 119, 91, 170, 107, 106, 121, 104, 91, 170, 123, 120, 110, 119, 91, 170, 107, 104, 107, 102, 91, 170, 108, 101, 108, 107, 91, 170, 105, 103, 120, 102, 91, 170, 102, 101, 123, 109, 91, 170, 102, 101, 102, 101, 91, 170, 107, 109, 102, 101, 91, 170, 102, 109, 105, 109, 91, 170, 102, 104, 109, 105, 91, 170, 123, 119, 106, 101, 91, 170, 106, 101, 124, 110, 91, 170, 107, 121, 110, 119, 91, 170, 110, 101, 102, 109, 91, 170, 106, 103, 124, 119, 91, 170, 102, 109, 109, 106, 91, 170, 122, 119, 105, 104, 91, 170, 103, 109, 110, 118, 91, 170, 121, 104, 110, 119, 91, 170, 103, 108, 123, 119, 91, 170, 103, 109, 105, 109, 91, 170, 103, 102, 109, 107, 91, 170, 105, 104, 106, 101, 91, 170, 110, 105, 121, 110, 91, 170, 109, 105, 122, 119, 91, 170, 106, 101, 102, 120, 91, 170, 102, 109, 105, 109, 91, 170, 124, 119, 109, 106, 91, 170, 124, 122, 106, 101, 91, 170, 123, 119, 121, 119, 91, 170, 105, 104, 124, 103, 91, 170, 110, 110, 121, 101, 91, 170, 124, 120, 106, 106, 91, 170, 106, 106, 110, 119, 91, 170, 107, 119, 124, 120, 91, 170, 121, 104, 121, 110, 91, 170, 102, 103, 105, 103, 91, 170, 109, 105, 108, 109, 91, 170, 109, 101, 109, 105, 91, 170, 104, 123, 105, 118, 91, 170, 108, 123, 104, 123, 91, 170, 109, 106, 109, 110, 91, 170, 108, 120, 108, 122, 91, 170, 108, 122, 108, 102, 91, 170, 104, 122, 108, 105, 91, 170, 109, 103, 108, 123, 91, 170, 104, 123, 108, 108, 91, 170, 109, 103, 108, 107, 91, 170, 108, 108, 108, 102, 91, 170, 109, 104, 109, 106, 91, 170, 108, 104, 104, 123, 91, 170, 109, 105, 108, 122, 91, 170, 109, 109, 109, 108, 91, 170, 104, 122, 105, 103, 91, 170, 109, 109, 108, 106, 91, 170, 102, 101, 108, 106, 91, 170, 109, 105, 108, 109, 91, 170, 109, 101, 109, 105, 91, 170, 104, 123, 105, 118, 91, 170, 108, 123, 104, 123, 91, 170, 109, 106, 109, 110, 91, 170, 108, 120, 108, 122, 91, 170, 108, 122, 108, 102, 91, 170, 104, 122, 108, 105, 91, 170, 109, 103, 108, 123, 91, 170, 104, 123, 108, 108, 91, 170, 109, 103, 108, 107, 91, 170, 108, 108, 108, 102, 91, 170, 109, 104, 109, 106, 91, 170, 108, 104, 104, 123, 91, 170, 108, 110, 108, 120, 91, 170, 108, 119, 108, 104, 91, 170, 109, 101, 104, 122, 91, 170, 109, 101, 108, 109, 91, 170, 109, 103, 105, 123, 91, 170, 102, 101, 105, 121, 88, 94, 113, 66, 64, 62, 63, 171, 151, 167, 86, 163, 165, 165, 86, 114, 86, 170, 164, 154, 169, 152, 151, 165, 155, 93, 88, 90, 171, 101, 119, 101, 119, 90, 171, 101, 119, 101, 119, 90, 171, 101, 119, 101, 119, 90, 171, 101, 119, 101, 119, 87, 95, 66, 64, 62, 63, 171, 151, 167, 86, 157, 155, 150, 166, 151, 162, 164, 153, 160, 86, 114, 86, 163, 165, 165, 86, 96, 86, 165, 151, 174, 162, 164, 151, 153, 113, 66, 64, 62, 63, 171, 151, 167, 86, 151, 159, 156, 152, 161, 165, 152, 161, 85, 115, 85, 171, 163, 155, 168, 153, 150, 166, 154, 94, 87, 91, 170, 102, 118, 102, 118, 91, 170, 102, 118, 102, 118, 88, 94, 113, 66, 64, 62, 63, 171, 151, 167, 86, 157, 155, 150, 154, 154, 168, 168, 159, 175, 155, 85, 115, 85, 104, 101, 113, 66, 64, 62, 63, 171, 151, 167, 86, 168, 166, 167, 151, 174, 86, 114, 86, 157, 155, 150, 154, 154, 168, 168, 159, 175, 155, 85, 97, 85, 158, 154, 151, 165, 152, 161, 165, 152, 161, 99, 162, 154, 164, 156, 170, 157, 113, 66, 64, 62, 63, 172, 158, 158, 162, 154, 86, 93, 152, 158, 157, 151, 162, 164, 153, 160, 100, 161, 155, 163, 157, 169, 158, 85, 114, 85, 169, 165, 168, 150, 175, 94, 177, 66, 64, 62, 63, 62, 152, 158, 157, 151, 162, 164, 153, 160, 86, 96, 115, 85, 152, 158, 157, 151, 162, 164, 153, 160, 113, 66, 64, 62, 63, 178, 67, 63, 63, 62, 172, 150, 168, 85, 156, 158, 162, 161, 152, 161, 165, 152, 161, 85, 115, 85, 152, 158, 157, 151, 162, 164, 153, 160, 100, 168, 171, 151, 169, 169, 168, 158, 164, 156, 94, 101, 98, 85, 169, 165, 168, 150, 175, 94, 113, 66, 64, 62, 63, 171, 151, 167, 86, 151, 162, 164, 153, 160, 86, 114, 86, 151, 159, 156, 152, 161, 165, 152, 161, 99, 169, 170, 152, 168, 170, 167, 159, 163, 157, 93, 102, 97, 86, 151, 159, 156, 152, 161, 165, 152, 161, 99, 162, 154, 164, 156, 170, 157, 99, 168, 166, 167, 151, 174, 95, 112, 67, 63, 63, 62, 173, 157, 159, 161, 155, 85, 94, 151, 162, 164, 153, 160, 100, 161, 155, 163, 157, 169, 158, 96, 169, 165, 168, 150, 175, 85, 114, 85, 102, 173, 106, 101, 102, 101, 102, 94, 177, 66, 64, 62, 63, 62, 152, 161, 165, 152, 161, 85, 115, 85, 152, 161, 165, 152, 161, 85, 97, 85, 152, 161, 165, 152, 161, 85, 97, 85, 156, 158, 162, 161, 152, 161, 165, 152, 161, 112, 67, 63, 63, 62, 179, 66, 64, 62, 63, 171, 151, 167, 86, 162, 155, 162, 149, 150, 168, 167, 151, 174, 86, 114, 86, 163, 155, 172, 86, 118, 168, 167, 151, 174, 94, 94, 113, 66, 64, 62, 63, 155, 165, 167, 86, 93, 172, 150, 168, 85, 159, 85, 115, 85, 102, 112, 86, 158, 86, 113, 86, 102, 106, 101, 102, 112, 86, 158, 97, 96, 95, 176, 67, 63, 63, 62, 63, 162, 155, 162, 149, 150, 168, 167, 151, 174, 145, 158, 147, 85, 115, 85, 152, 161, 165, 152, 161, 85, 97, 85, 158, 154, 151, 165, 152, 161, 165, 152, 161, 112, 67, 63, 63, 62, 179, 66, 64, 62, 63, 171, 151, 167, 86, 163, 171, 162, 86, 114, 86, 102, 104, 110, 111, 110, 111, 110, 111, 110, 111, 110, 111, 110, 111, 110, 111, 110, 111, 110, 111, 109, 110, 109, 110, 109, 110, 109, 110, 109, 110, 109, 110, 109, 110, 109, 110, 109, 110, 109, 110, 109, 110, 109, 110, 109, 110, 109, 110, 109, 110, 109, 110, 109, 110, 109, 110, 109, 110, 109, 110, 109, 110, 109, 110, 109, 110, 109, 110, 109, 110, 109, 110, 109, 110, 109, 110, 109, 110, 109, 110, 109, 110, 109, 110, 109, 110, 109, 110, 109, 110, 109, 110, 109, 110, 109, 110, 109, 110, 109, 110, 109, 110, 109, 110, 109, 110, 109, 110, 109, 110, 109, 110, 109, 110, 109, 110, 109, 110, 109, 110, 109, 110, 109, 110, 109, 110, 109, 110, 109, 110, 109, 110, 109, 110, 109, 110, 109, 110, 109, 110, 109, 110, 109, 110, 109, 110, 109, 110, 109, 110, 109, 110, 109, 110, 109, 110, 109, 110, 109, 110, 109, 110, 109, 110, 109, 110, 109, 110, 109, 110, 109, 110, 109, 110, 109, 110, 109, 110, 109, 110, 109, 110, 109, 110, 109, 110, 109, 110, 109, 110, 109, 110, 109, 110, 109, 110, 109, 110, 109, 110, 109, 110, 109, 110, 109, 110, 109, 110, 109, 110, 109, 110, 109, 110, 109, 110, 109, 110, 109, 110, 109, 110, 109, 110, 109, 110, 109, 110, 109, 110, 109, 110, 109, 110, 109, 110, 109, 110, 109, 110, 109, 110, 109, 110, 109, 110, 109, 110, 109, 110, 109, 110, 109, 110, 109, 110, 109, 110, 109, 110, 109, 110, 109, 110, 109, 110, 109, 110, 109, 110, 109, 110, 109, 110, 109, 110, 109, 110, 109, 110, 109, 110, 109, 110, 109, 110, 109, 110, 109, 110, 109, 110, 109, 110, 109, 110, 112, 67, 63, 63, 62, 171, 169, 159, 161, 100, 165, 168, 158, 164, 169, 156, 93, 88, 90, 106, 106, 102, 101, 102, 155, 88, 97, 86, 163, 171, 162, 95, 112, 67, 63, 63, 178, 67, 63, 67, 63, 63, 155, 171, 163, 153, 169, 159, 164, 164, 85, 153, 164, 162, 161, 151, 151, 149, 154, 163, 150, 159, 161, 94, 94, 177, 66, 64, 62, 63, 171, 151, 167, 86, 168, 158, 154, 162, 161, 153, 164, 154, 154, 86, 114, 86, 170, 164, 154, 169, 152, 151, 165, 155, 93, 88, 90, 171, 122, 120, 122, 111, 90, 171, 101, 102, 101, 103, 90, 171, 106, 108, 101, 102, 90, 171, 118, 103, 107, 106, 90, 171, 101, 102, 104, 102, 90, 171, 101, 102, 101, 102, 90, 171, 105, 102, 109, 120, 90, 171, 109, 120, 101, 121, 90, 171, 102, 121, 108, 102, 90, 171, 109, 120, 118, 122, 90, 171, 101, 110, 105, 102, 90, 171, 120, 105, 106, 123, 90, 171, 109, 120, 106, 107, 90, 171, 109, 120, 122, 121, 90, 171, 101, 110, 105, 107, 90, 171, 104, 105, 106, 104, 90, 171, 120, 103, 121, 104, 90, 171, 101, 105, 120, 104, 90, 171, 102, 102, 104, 104, 90, 171, 109, 102, 105, 102, 90, 171, 101, 102, 104, 110, 90, 171, 123, 107, 108, 107, 90, 171, 120, 104, 109, 120, 90, 171, 106, 122, 106, 119, 90, 171, 101, 106, 120, 104, 90, 171, 106, 107, 101, 102, 90, 171, 122, 121, 109, 120, 90, 171, 106, 103, 106, 103, 90, 171, 106, 108, 106, 105, 90, 171, 107, 102, 106, 109, 90, 171, 106, 122, 109, 120, 90, 171, 104, 105, 101, 110, 90, 171, 109, 120, 120, 102, 90, 171, 101, 121, 108, 107, 90, 171, 123, 123, 109, 120, 90, 171, 108, 108, 101, 105, 90, 171, 109, 120, 104, 121, 90, 171, 108, 110, 105, 123, 90, 171, 120, 124, 101, 105, 90, 171, 106, 103, 109, 120, 90, 171, 106, 104, 102, 121, 90, 171, 106, 103, 109, 120, 90, 171, 106, 104, 103, 106, 90, 171, 108, 103, 109, 120, 90, 171, 105, 123, 102, 106, 90, 171, 108, 107, 109, 111, 90, 171, 109, 120, 123, 121, 90, 171, 103, 102, 108, 103, 90, 171, 123, 109, 101, 105, 90, 171, 105, 119, 110, 111, 90, 171, 105, 104, 118, 122, 90, 171, 104, 120, 107, 102, 90, 171, 123, 121, 106, 107, 90, 171, 101, 106, 108, 107, 90, 171, 120, 102, 104, 105, 90, 171, 104, 109, 122, 120, 90, 171, 123, 124, 104, 105, 90, 171, 105, 107, 101, 105, 90, 171, 110, 109, 101, 121, 90, 171, 120, 124, 109, 120, 90, 171, 108, 107, 118, 123, 90, 171, 103, 120, 123, 122, 90, 171, 105, 124, 123, 111, 90, 171, 122, 110, 106, 103, 90, 171, 123, 124, 110, 106, 90, 171, 123, 124, 123, 124, 90, 171, 120, 105, 104, 120, 90, 171, 108, 106, 107, 103, 90, 171, 122, 120, 101, 104, 90, 171, 109, 120, 121, 111, 90, 171, 101, 121, 105, 107, 90, 171, 106, 123, 110, 104, 90, 171, 123, 104, 101, 105, 90, 171, 122, 102, 121, 103, 90, 171, 120, 108, 101, 105, 90, 171, 120, 111, 104, 105, 90, 171, 119, 109, 101, 124, 90, 171, 106, 124, 101, 110, 90, 171, 122, 103, 120, 103, 90, 171, 101, 105, 101, 104, 90, 171, 101, 105, 120, 119, 90, 171, 109, 120, 120, 124, 90, 171, 101, 105, 101, 103, 90, 171, 109, 111, 120, 104, 90, 171, 123, 110, 105, 107, 90, 171, 109, 120, 107, 103, 90, 171, 123, 110, 105, 107, 90, 171, 106, 123, 106, 124, 90, 171, 120, 111, 106, 120, 90, 171, 106, 107, 120, 105, 90, 171, 122, 121, 109, 120, 90, 171, 122, 110, 106, 103, 90, 171, 123, 124, 105, 111, 90, 171, 123, 124, 123, 124, 90, 171, 107, 110, 106, 102, 90, 171, 107, 102, 122, 110, 90, 171, 101, 106, 119, 124, 90, 171, 107, 121, 122, 110, 90, 171, 123, 124, 123, 124, 90, 171, 104, 105, 123, 124, 90, 171, 106, 104, 121, 104, 90, 171, 123, 124, 106, 104, 90, 171, 101, 110, 108, 107, 90, 171, 121, 102, 123, 124, 90, 171, 105, 107, 109, 111, 90, 171, 109, 120, 123, 121, 90, 171, 123, 121, 105, 107, 90, 171, 120, 105, 120, 111, 90, 171, 109, 120, 106, 107, 90, 171, 109, 105, 122, 121, 90, 171, 101, 121, 122, 121, 90, 171, 105, 107, 109, 122, 90, 171, 106, 102, 123, 106, 90, 171, 105, 107, 120, 108, 90, 171, 108, 107, 123, 106, 90, 171, 105, 107, 120, 108, 90, 171, 108, 104, 123, 107, 90, 171, 105, 107, 120, 108, 90, 171, 107, 121, 123, 108, 90, 171, 105, 107, 120, 108, 90, 171, 107, 122, 123, 109, 90, 171, 105, 107, 120, 108, 90, 171, 107, 124, 123, 110, 90, 171, 105, 107, 120, 108, 90, 171, 107, 123, 123, 111, 90, 171, 105, 107, 120, 108, 90, 171, 103, 123, 123, 119, 90, 171, 105, 107, 120, 108, 90, 171, 107, 106, 123, 120, 90, 171, 105, 107, 120, 108, 90, 171, 107, 121, 123, 121, 90, 171, 105, 107, 120, 108, 90, 171, 107, 121, 123, 122, 90, 171, 105, 107, 120, 108, 90, 171, 101, 102, 123, 123, 90, 171, 118, 102, 122, 110, 90, 171, 123, 124, 123, 124, 90, 171, 106, 102, 123, 124, 90, 171, 106, 122, 107, 110, 90, 171, 102, 103, 109, 119, 90, 171, 122, 110, 102, 108, 90, 171, 123, 124, 102, 107, 90, 171, 123, 124, 123, 124, 90, 171, 120, 106, 109, 105, 90, 171, 109, 107, 101, 121, 90, 171, 108, 106, 120, 102, 90, 171, 107, 119, 102, 107, 90, 171, 107, 119, 101, 102, 90, 171, 123, 124, 101, 102, 90, 171, 101, 121, 108, 107, 90, 171, 108, 107, 123, 124, 90, 171, 107, 119, 101, 110, 90, 171, 123, 124, 101, 102, 90, 171, 109, 107, 121, 102, 90, 171, 108, 107, 120, 102, 90, 171, 105, 102, 101, 105, 90, 171, 120, 105, 120, 111, 90, 171, 120, 102, 104, 105, 90, 171, 120, 105, 120, 111, 90, 171, 104, 105, 106, 109, 90, 171, 109, 120, 120, 102, 90, 171, 103, 106, 105, 121, 90, 171, 109, 120, 101, 121, 90, 171, 103, 106, 108, 121, 90, 171, 123, 121, 101, 110, 90, 171, 118, 119, 123, 105, 90, 171, 120, 105, 106, 124, 90, 171, 105, 121, 109, 120, 90, 171, 101, 106, 103, 106, 90, 171, 104, 111, 109, 102, 90, 171, 109, 120, 101, 102, 90, 171, 108, 106, 120, 103, 90, 171, 105, 102, 101, 108, 90, 171, 104, 110, 109, 102, 90, 171, 108, 107, 101, 102, 90, 171, 103, 120, 123, 119, 90, 171, 120, 105, 120, 103, 90, 171, 109, 120, 106, 107, 90, 171, 109, 105, 122, 121, 90, 171, 107, 106, 122, 121, 90, 171, 109, 122, 106, 105, 90, 171, 123, 102, 105, 107, 90, 171, 104, 105, 106, 109, 90, 171, 106, 102, 121, 120, 90, 171, 105, 107, 120, 108, 90, 171, 107, 120, 123, 102, 90, 171, 105, 107, 120, 108, 90, 171, 107, 107, 123, 103, 90, 171, 105, 107, 120, 108, 90, 171, 108, 104, 123, 104, 90, 171, 105, 107, 120, 108, 90, 171, 107, 123, 123, 105, 90, 171, 105, 107, 120, 108, 90, 171, 107, 107, 123, 106, 90, 171, 105, 107, 120, 108, 90, 171, 107, 121, 123, 107, 90, 171, 105, 107, 120, 108, 90, 171, 104, 105, 123, 108, 90, 171, 105, 107, 120, 108, 90, 171, 104, 104, 123, 109, 90, 171, 105, 107, 120, 108, 90, 171, 103, 123, 123, 110, 90, 171, 105, 107, 120, 108, 90, 171, 107, 106, 123, 111, 90, 171, 105, 107, 120, 108, 90, 171, 107, 121, 123, 119, 90, 171, 105, 107, 120, 108, 90, 171, 107, 121, 123, 120, 90, 171, 106, 122, 109, 110, 90, 171, 122, 110, 123, 121, 90, 171, 123, 124, 101, 120, 90, 171, 123, 124, 123, 124, 90, 171, 107, 110, 106, 102, 90, 171, 105, 105, 107, 110, 90, 171, 109, 123, 123, 111, 90, 171, 109, 102, 122, 110, 90, 171, 123, 124, 123, 123, 90, 171, 109, 120, 123, 124, 90, 171, 109, 122, 123, 110, 90, 171, 110, 121, 105, 107, 90, 171, 105, 106, 107, 119, 90, 171, 122, 110, 106, 102, 90, 171, 123, 124, 108, 123, 90, 171, 123, 124, 123, 124, 90, 171, 105, 107, 109, 122, 90, 171, 107, 119, 122, 102, 90, 171, 106, 102, 102, 102, 90, 171, 108, 105, 122, 110, 90, 171, 123, 124, 123, 124, 90, 171, 109, 105, 123, 124, 90, 171, 102, 121, 120, 106, 90, 171, 105, 107, 109, 122, 90, 171, 106, 102, 122, 102, 90, 171, 105, 107, 109, 122, 90, 171, 106, 102, 110, 121, 90, 171, 106, 105, 106, 105, 90, 171, 106, 105, 106, 105, 90, 171, 106, 105, 106, 105, 90, 171, 108, 107, 123, 124, 90, 171, 120, 109, 101, 110, 90, 171, 110, 121, 105, 107, 90, 171, 101, 102, 105, 106, 90, 171, 101, 102, 101, 102, 90, 171, 123, 124, 106, 105, 90, 171, 106, 124, 121, 109, 90, 171, 119, 108, 101, 124, 90, 171, 106, 120, 120, 102, 90, 171, 120, 105, 120, 111, 90, 171, 109, 120, 106, 107, 90, 171, 106, 103, 122, 121, 90, 171, 106, 105, 106, 103, 90, 171, 106, 109, 106, 108, 90, 171, 105, 104, 107, 119, 90, 171, 108, 104, 122, 110, 90, 171, 101, 102, 101, 102, 90, 171, 109, 120, 101, 102, 90, 171, 104, 105, 121, 110, 90, 171, 109, 107, 123, 108, 90, 171, 106, 111, 121, 120, 90, 171, 105, 107, 120, 109, 90, 171, 107, 103, 123, 110, 90, 171, 107, 107, 103, 123, 90, 171, 120, 109, 108, 110, 90, 171, 123, 121, 105, 107, 90, 171, 101, 102, 107, 107, 90, 171, 101, 102, 101, 102, 90, 171, 106, 108, 108, 123, 90, 171, 105, 107, 109, 122, 90, 171, 106, 102, 123, 110, 90, 171, 122, 110, 106, 108, 90, 171, 101, 102, 106, 103, 90, 171, 101, 102, 101, 102, 90, 171, 106, 102, 106, 111, 90, 171, 119, 103, 122, 110, 90, 171, 123, 124, 123, 123, 90, 171, 109, 107, 123, 124, 90, 171, 106, 111, 120, 102, 90, 171, 108, 106, 106, 111, 90, 171, 109, 122, 104, 111, 90, 171, 101, 103, 105, 108, 90, 171, 122, 110, 106, 102, 90, 171, 101, 102, 104, 120, 90, 171, 101, 102, 101, 102, 90, 171, 123, 110, 109, 120, 90, 171, 105, 107, 109, 122, 90, 171, 106, 102, 123, 110, 90, 171, 103, 103, 122, 110, 90, 171, 123, 124, 123, 124, 90, 171, 109, 107, 123, 124, 90, 171, 106, 111, 120, 102, 90, 171, 108, 106, 106, 111, 90, 171, 106, 109, 101, 121, 90, 171, 101, 103, 122, 110, 90, 171, 123, 124, 123, 124, 90, 171, 106, 111, 123, 124, 90, 171, 105, 106, 120, 108, 90, 171, 123, 124, 104, 110, 90, 171, 106, 102, 108, 105, 90, 171, 105, 107, 109, 122, 90, 171, 123, 123, 123, 110, 90, 171, 106, 110, 101, 102, 90, 171, 105, 107, 109, 122, 90, 171, 106, 102, 123, 110, 90, 171, 122, 110, 106, 109, 90, 171, 123, 123, 108, 106, 90, 171, 123, 124, 123, 124, 90, 171, 106, 111, 106, 111, 90, 171, 105, 108, 105, 108, 90, 171, 123, 105, 104, 120, 90, 171, 118, 119, 108, 121, 90, 171, 106, 123, 106, 124, 90, 171, 120, 111, 106, 120, 90, 171, 106, 107, 120, 105, 90, 171, 122, 121, 109, 120, 90, 171, 106, 105, 106, 103, 90, 171, 107, 102, 107, 108, 90, 171, 104, 104, 119, 103, 90, 171, 101, 102, 122, 110, 90, 171, 101, 102, 101, 102, 90, 171, 106, 110, 101, 102, 90, 171, 101, 110, 104, 110, 90, 171, 101, 105, 108, 106, 90, 171, 122, 120, 105, 102, 90, 171, 105, 102, 123, 111, 90, 171, 106, 122, 109, 120, 90, 171, 109, 102, 101, 110, 90, 171, 105, 104, 123, 120, 90, 171, 101, 110, 108, 107, 90, 171, 121, 120, 104, 105, 90, 171, 102, 110, 109, 119, 90, 171, 120, 105, 109, 120, 90, 171, 102, 109, 122, 120, 90, 171, 102, 110, 104, 110, 90, 171, 102, 103, 108, 108, 90, 171, 104, 105, 105, 102, 90, 171, 109, 106, 120, 111, 90, 171, 108, 106, 121, 120, 90, 171, 105, 102, 101, 121, 90, 171, 101, 110, 104, 110, 90, 171, 123, 120, 108, 107, 90, 171, 123, 123, 105, 102, 90, 171, 122, 120, 120, 120, 90, 171, 104, 105, 123, 104, 90, 171, 109, 111, 120, 102, 90, 171, 123, 121, 105, 107, 90, 171, 105, 107, 109, 120, 90, 171, 106, 120, 123, 121, 90, 171, 120, 105, 120, 111, 90, 171, 101, 104, 104, 104, 90, 171, 108, 106, 107, 110, 90, 171, 108, 102, 108, 106, 90, 171, 103, 124, 104, 119, 90, 171, 107, 124, 103, 124, 90, 171, 108, 107, 108, 111, 90, 171, 107, 121, 107, 123, 90, 171, 107, 123, 107, 103, 90, 171, 103, 123, 107, 106, 90, 171, 108, 104, 107, 124, 90, 171, 103, 124, 107, 109, 90, 171, 108, 104, 107, 108, 90, 171, 107, 109, 107, 103, 90, 171, 108, 105, 108, 107, 90, 171, 107, 109, 103, 124, 90, 171, 107, 123, 107, 121, 90, 171, 104, 104, 108, 105, 90, 171, 107, 107, 103, 123, 90, 171, 107, 107, 108, 110, 90, 171, 107, 110, 101, 102, 90, 171, 108, 106, 108, 106, 90, 171, 104, 119, 108, 102, 90, 171, 103, 124, 103, 124, 90, 171, 108, 111, 107, 124, 90, 171, 107, 123, 108, 107, 90, 171, 107, 103, 107, 121, 90, 171, 107, 106, 107, 123, 90, 171, 107, 124, 103, 123, 90, 171, 107, 109, 108, 104, 90, 171, 107, 108, 103, 124, 90, 171, 107, 103, 108, 104, 90, 171, 108, 107, 107, 109, 90, 171, 103, 124, 108, 105, 90, 171, 107, 121, 107, 105, 90, 171, 107, 105, 107, 111, 90, 171, 103, 123, 107, 120, 90, 171, 107, 110, 108, 102, 90, 171, 104, 124, 108, 102, 90, 171, 104, 122, 108, 104, 90, 171, 101, 102, 101, 102, 87, 95, 112, 67, 63, 63, 62, 172, 150, 168, 85, 163, 154, 163, 148, 151, 167, 168, 150, 175, 85, 115, 85, 164, 154, 173, 85, 119, 167, 168, 150, 175, 93, 95, 112, 67, 63, 63, 62, 172, 150, 168, 85, 153, 152, 86, 114, 86, 101, 174, 101, 153, 101, 153, 101, 153, 101, 153, 112, 67, 63, 63, 62, 172, 150, 168, 85, 151, 153, 154, 167, 86, 114, 86, 101, 174, 105, 102, 101, 102, 101, 102, 112, 67, 63, 63, 62, 172, 150, 168, 85, 169, 152, 149, 161, 155, 163, 86, 114, 86, 168, 158, 154, 162, 161, 153, 164, 154, 154, 100, 161, 155, 163, 157, 169, 158, 85, 96, 85, 104, 112, 67, 63, 63, 62, 172, 150, 168, 85, 162, 154, 164, 85, 115, 85, 151, 153, 154, 167, 86, 98, 86, 93, 169, 152, 149, 161, 155, 163, 97, 101, 174, 104, 110, 94, 113, 66, 64, 62, 63, 171, 151, 167, 86, 174, 151, 167, 169, 165, 86, 114, 86, 170, 164, 154, 169, 152, 151, 165, 155, 93, 88, 90, 171, 110, 102, 110, 102, 90, 171, 110, 102, 110, 102, 87, 95, 112, 67, 63, 63, 62, 175, 150, 168, 168, 166, 85, 115, 85, 156, 158, 174, 148, 159, 169, 94, 174, 151, 167, 169, 165, 98, 85, 162, 154, 164, 94, 113, 66, 64, 62, 63, 171, 151, 167, 86, 152, 165, 170, 164, 169, 104, 85, 115, 85, 94, 152, 153, 85, 99, 85, 102, 173, 106, 101, 102, 101, 102, 101, 95, 100, 151, 153, 154, 167, 113, 66, 64, 62, 63, 155, 165, 167, 86, 93, 172, 150, 168, 85, 153, 164, 171, 163, 170, 85, 115, 85, 102, 112, 86, 152, 165, 170, 164, 169, 86, 113, 86, 152, 165, 170, 164, 169, 104, 112, 86, 152, 165, 170, 164, 169, 97, 96, 95, 176, 67, 63, 63, 62, 63, 162, 155, 162, 149, 150, 168, 167, 151, 174, 145, 152, 165, 170, 164, 169, 147, 85, 115, 85, 175, 150, 168, 168, 166, 85, 97, 85, 169, 157, 155, 161, 162, 152, 165, 153, 155, 112, 67, 63, 63, 62, 179, 66, 64, 62, 63, 171, 151, 167, 86, 164, 172, 154, 168, 155, 162, 164, 173, 85, 115, 85, 171, 163, 155, 168, 153, 150, 166, 154, 94, 87, 91, 170, 102, 152, 102, 152, 91, 170, 102, 152, 102, 152, 88, 94, 113, 66, 64, 62, 63, 172, 158, 158, 162, 154, 86, 93, 165, 171, 155, 167, 156, 161, 165, 172, 100, 161, 155, 163, 157, 169, 158, 85, 114, 85, 106, 105, 111, 106, 104, 94, 177, 66, 64, 62, 63, 62, 165, 171, 155, 167, 156, 161, 165, 172, 86, 96, 115, 85, 165, 171, 155, 167, 156, 161, 165, 172, 113, 66, 64, 62, 63, 178, 67, 63, 63, 62, 170, 157, 159, 168, 100, 152, 165, 161, 162, 150, 152, 136, 170, 164, 168, 154, 86, 114, 86, 120, 165, 161, 162, 150, 152, 99, 153, 164, 162, 161, 155, 152, 170, 122, 163, 150, 159, 161, 127, 163, 156, 164, 94, 176, 169, 170, 152, 159, 112, 85, 88, 87, 98, 162, 169, 156, 112, 85, 165, 171, 155, 167, 156, 161, 165, 172, 179, 94, 113, 66, 64, 62, 179, 66, 64, 66, 64, 62, 156, 170, 164, 152, 170, 158, 165, 163, 86, 152, 165, 161, 162, 150, 152, 148, 157, 154, 170, 158, 153, 164, 164, 93, 95, 176, 67, 63, 63, 62, 159, 155, 86, 93, 151, 165, 166, 99, 154, 164, 153, 99, 121, 164, 162, 161, 151, 151, 100, 156, 155, 169, 127, 152, 165, 163, 95, 176, 67, 63, 63, 62, 63, 171, 151, 167, 86, 150, 168, 167, 175, 85, 115, 85, 164, 154, 173, 85, 119, 167, 168, 150, 175, 93, 95, 112, 67, 63, 63, 62, 63, 171, 151, 167, 86, 171, 172, 165, 155, 169, 158, 174, 151, 85, 115, 85, 171, 163, 155, 168, 153, 150, 166, 154, 94, 87, 91, 170, 123, 119, 123, 110, 91, 170, 102, 101, 102, 102, 91, 170, 107, 107, 102, 101, 91, 170, 119, 102, 108, 105, 91, 170, 102, 101, 105, 101, 91, 170, 102, 101, 102, 101, 91, 170, 106, 101, 110, 119, 91, 170, 110, 119, 102, 120, 91, 170, 103, 120, 109, 101, 91, 170, 110, 119, 119, 121, 91, 170, 102, 109, 106, 101, 91, 170, 121, 104, 107, 122, 91, 170, 110, 119, 107, 106, 91, 170, 110, 119, 123, 120, 91, 170, 102, 109, 106, 106, 91, 170, 105, 104, 107, 103, 91, 170, 121, 102, 122, 103, 91, 170, 102, 104, 121, 103, 91, 170, 103, 101, 105, 103, 91, 170, 110, 101, 106, 101, 91, 170, 102, 101, 105, 109, 91, 170, 124, 106, 109, 106, 91, 170, 121, 103, 110, 119, 91, 170, 107, 121, 107, 118, 91, 170, 102, 105, 121, 103, 91, 170, 107, 106, 102, 101, 91, 170, 123, 120, 110, 119, 91, 170, 107, 102, 107, 102, 91, 170, 107, 107, 107, 104, 91, 170, 108, 101, 107, 108, 91, 170, 107, 121, 110, 119, 91, 170, 105, 104, 102, 109, 91, 170, 110, 119, 121, 101, 91, 170, 102, 120, 109, 106, 91, 170, 124, 122, 110, 119, 91, 170, 109, 107, 102, 104, 91, 170, 110, 119, 105, 120, 91, 170, 109, 109, 106, 122, 91, 170, 121, 123, 102, 104, 91, 170, 107, 102, 110, 119, 91, 170, 107, 103, 103, 120, 91, 170, 107, 102, 110, 119, 91, 170, 107, 103, 104, 105, 91, 170, 109, 102, 110, 119, 91, 170, 106, 122, 103, 105, 91, 170, 109, 106, 110, 110, 91, 170, 110, 119, 124, 120, 91, 170, 104, 101, 109, 102, 91, 170, 124, 108, 102, 104, 91, 170, 106, 118, 111, 110, 91, 170, 106, 103, 119, 121, 91, 170, 105, 119, 108, 101, 91, 170, 124, 120, 107, 106, 91, 170, 102, 105, 109, 106, 91, 170, 121, 101, 105, 104, 91, 170, 105, 108, 123, 119, 91, 170, 124, 123, 105, 104, 91, 170, 106, 106, 102, 104, 91, 170, 111, 108, 102, 120, 91, 170, 121, 123, 110, 119, 91, 170, 109, 106, 119, 122, 91, 170, 104, 119, 124, 121, 91, 170, 106, 123, 124, 110, 91, 170, 123, 109, 107, 102, 91, 170, 124, 123, 111, 105, 91, 170, 124, 123, 124, 123, 91, 170, 121, 104, 105, 119, 91, 170, 109, 105, 108, 102, 91, 170, 123, 119, 102, 103, 91, 170, 110, 119, 122, 110, 91, 170, 102, 120, 106, 106, 91, 170, 107, 122, 111, 103, 91, 170, 124, 103, 102, 104, 91, 170, 123, 101, 122, 102, 91, 170, 121, 107, 102, 104, 91, 170, 121, 110, 105, 104, 91, 170, 120, 108, 102, 123, 91, 170, 107, 123, 102, 109, 91, 170, 123, 102, 121, 102, 91, 170, 102, 104, 102, 103, 91, 170, 102, 104, 121, 118, 91, 170, 110, 119, 121, 123, 91, 170, 102, 104, 102, 102, 91, 170, 110, 110, 121, 103, 91, 170, 124, 109, 106, 106, 91, 170, 110, 119, 108, 102, 91, 170, 124, 109, 106, 106, 91, 170, 107, 122, 107, 123, 91, 170, 121, 110, 107, 119, 91, 170, 107, 106, 121, 104, 91, 170, 123, 120, 110, 119, 91, 170, 123, 109, 107, 102, 91, 170, 124, 123, 106, 110, 91, 170, 124, 123, 124, 123, 91, 170, 108, 109, 107, 101, 91, 170, 108, 101, 123, 109, 91, 170, 102, 105, 120, 123, 91, 170, 108, 120, 123, 109, 91, 170, 124, 123, 124, 123, 91, 170, 105, 104, 124, 123, 91, 170, 107, 103, 122, 103, 91, 170, 124, 123, 107, 103, 91, 170, 102, 109, 109, 106, 91, 170, 122, 101, 124, 123, 91, 170, 106, 106, 110, 110, 91, 170, 110, 119, 124, 120, 91, 170, 124, 120, 106, 106, 91, 170, 121, 104, 121, 110, 91, 170, 110, 119, 107, 106, 91, 170, 110, 104, 123, 120, 91, 170, 102, 120, 123, 120, 91, 170, 106, 106, 110, 121, 91, 170, 107, 101, 124, 105, 91, 170, 106, 106, 121, 107, 91, 170, 109, 106, 124, 105, 91, 170, 106, 106, 121, 107, 91, 170, 109, 103, 124, 106, 91, 170, 106, 106, 121, 107, 91, 170, 108, 120, 124, 107, 91, 170, 106, 106, 121, 107, 91, 170, 108, 121, 124, 108, 91, 170, 106, 106, 121, 107, 91, 170, 108, 123, 124, 109, 91, 170, 106, 106, 121, 107, 91, 170, 108, 122, 124, 110, 91, 170, 106, 106, 121, 107, 91, 170, 104, 122, 124, 118, 91, 170, 106, 106, 121, 107, 91, 170, 108, 105, 124, 119, 91, 170, 106, 106, 121, 107, 91, 170, 108, 120, 124, 120, 91, 170, 106, 106, 121, 107, 91, 170, 108, 120, 124, 121, 91, 170, 106, 106, 121, 107, 91, 170, 102, 101, 124, 122, 91, 170, 119, 101, 123, 109, 91, 170, 124, 123, 124, 123, 91, 170, 107, 101, 124, 123, 91, 170, 107, 121, 108, 109, 91, 170, 103, 102, 110, 118, 91, 170, 123, 109, 103, 107, 91, 170, 124, 123, 103, 106, 91, 170, 124, 123, 124, 123, 91, 170, 121, 105, 110, 104, 91, 170, 110, 106, 102, 120, 91, 170, 109, 105, 121, 101, 91, 170, 108, 118, 103, 106, 91, 170, 108, 118, 102, 101, 91, 170, 124, 123, 102, 101, 91, 170, 102, 120, 109, 106, 91, 170, 109, 106, 124, 123, 91, 170, 108, 118, 102, 109, 91, 170, 124, 123, 102, 101, 91, 170, 110, 106, 122, 101, 91, 170, 109, 106, 121, 101, 91, 170, 106, 101, 102, 104, 91, 170, 121, 104, 121, 110, 91, 170, 121, 101, 105, 104, 91, 170, 121, 104, 121, 110, 91, 170, 105, 104, 107, 108, 91, 170, 110, 119, 121, 101, 91, 170, 104, 105, 106, 120, 91, 170, 110, 119, 102, 120, 91, 170, 104, 105, 109, 120, 91, 170, 124, 120, 102, 109, 91, 170, 119, 118, 124, 104, 91, 170, 121, 104, 107, 123, 91, 170, 106, 120, 110, 119, 91, 170, 102, 105, 104, 105, 91, 170, 105, 110, 110, 101, 91, 170, 110, 119, 102, 101, 91, 170, 109, 105, 121, 102, 91, 170, 106, 101, 102, 107, 91, 170, 105, 109, 110, 101, 91, 170, 109, 106, 102, 101, 91, 170, 104, 119, 124, 118, 91, 170, 121, 104, 121, 102, 91, 170, 110, 119, 107, 106, 91, 170, 110, 104, 123, 120, 91, 170, 108, 105, 123, 120, 91, 170, 110, 121, 107, 104, 91, 170, 124, 101, 106, 106, 91, 170, 105, 104, 107, 108, 91, 170, 107, 101, 122, 119, 91, 170, 106, 106, 121, 107, 91, 170, 108, 119, 124, 101, 91, 170, 106, 106, 121, 107, 91, 170, 108, 106, 124, 102, 91, 170, 106, 106, 121, 107, 91, 170, 109, 103, 124, 103, 91, 170, 106, 106, 121, 107, 91, 170, 108, 122, 124, 104, 91, 170, 106, 106, 121, 107, 91, 170, 108, 106, 124, 105, 91, 170, 106, 106, 121, 107, 91, 170, 108, 120, 124, 106, 91, 170, 106, 106, 121, 107, 91, 170, 105, 104, 124, 107, 91, 170, 106, 106, 121, 107, 91, 170, 105, 103, 124, 108, 91, 170, 106, 106, 121, 107, 91, 170, 104, 122, 124, 109, 91, 170, 106, 106, 121, 107, 91, 170, 108, 105, 124, 110, 91, 170, 106, 106, 121, 107, 91, 170, 108, 120, 124, 118, 91, 170, 106, 106, 121, 107, 91, 170, 108, 120, 124, 119, 91, 170, 107, 121, 110, 109, 91, 170, 123, 109, 124, 120, 91, 170, 124, 123, 102, 119, 91, 170, 124, 123, 124, 123, 91, 170, 108, 109, 107, 101, 91, 170, 106, 104, 108, 109, 91, 170, 110, 122, 124, 110, 91, 170, 110, 101, 123, 109, 91, 170, 124, 123, 124, 122, 91, 170, 110, 119, 124, 123, 91, 170, 110, 121, 124, 109, 91, 170, 111, 120, 106, 106, 91, 170, 106, 105, 108, 118, 91, 170, 123, 109, 107, 101, 91, 170, 124, 123, 109, 122, 91, 170, 124, 123, 124, 123, 91, 170, 106, 106, 110, 121, 91, 170, 108, 118, 123, 101, 91, 170, 107, 101, 103, 101, 91, 170, 109, 104, 123, 109, 91, 170, 124, 123, 124, 123, 91, 170, 110, 104, 124, 123, 91, 170, 103, 120, 121, 105, 91, 170, 106, 106, 110, 121, 91, 170, 107, 101, 123, 101, 91, 170, 106, 106, 110, 121, 91, 170, 107, 101, 111, 120, 91, 170, 107, 104, 107, 104, 91, 170, 107, 104, 107, 104, 91, 170, 107, 104, 107, 104, 91, 170, 109, 106, 124, 123, 91, 170, 121, 108, 102, 109, 91, 170, 111, 120, 106, 106, 91, 170, 102, 101, 106, 105, 91, 170, 102, 101, 102, 101, 91, 170, 124, 123, 107, 104, 91, 170, 107, 123, 122, 108, 91, 170, 120, 107, 102, 123, 91, 170, 107, 119, 121, 101, 91, 170, 121, 104, 121, 110, 91, 170, 110, 119, 107, 106, 91, 170, 107, 102, 123, 120, 91, 170, 107, 104, 107, 102, 91, 170, 107, 108, 107, 107, 91, 170, 106, 103, 108, 118, 91, 170, 109, 103, 123, 109, 91, 170, 102, 101, 102, 101, 91, 170, 110, 119, 102, 101, 91, 170, 105, 104, 122, 109, 91, 170, 110, 106, 124, 107, 91, 170, 107, 110, 122, 119, 91, 170, 106, 106, 121, 108, 91, 170, 108, 102, 124, 109, 91, 170, 108, 106, 104, 122, 91, 170, 121, 108, 109, 109, 91, 170, 124, 120, 106, 106, 91, 170, 102, 101, 108, 106, 91, 170, 102, 101, 102, 101, 91, 170, 107, 107, 109, 122, 91, 170, 106, 106, 110, 121, 91, 170, 107, 101, 124, 109, 91, 170, 123, 109, 107, 107, 91, 170, 102, 101, 107, 102, 91, 170, 102, 101, 102, 101, 91, 170, 107, 101, 107, 110, 91, 170, 120, 102, 123, 109, 91, 170, 124, 123, 124, 122, 91, 170, 110, 106, 124, 123, 91, 170, 107, 110, 121, 101, 91, 170, 109, 105, 107, 110, 91, 170, 110, 121, 105, 110, 91, 170, 102, 102, 106, 107, 91, 170, 123, 109, 107, 101, 91, 170, 102, 101, 105, 119, 91, 170, 102, 101, 102, 101, 91, 170, 124, 109, 110, 119, 91, 170, 106, 106, 110, 121, 91, 170, 107, 101, 124, 109, 91, 170, 104, 102, 123, 109, 91, 170, 124, 123, 124, 123, 91, 170, 110, 106, 124, 123, 91, 170, 107, 110, 121, 101, 91, 170, 109, 105, 107, 110, 91, 170, 107, 108, 102, 120, 91, 170, 102, 102, 123, 109, 91, 170, 124, 123, 124, 123, 91, 170, 107, 110, 124, 123, 91, 170, 106, 105, 121, 107, 91, 170, 124, 123, 105, 109, 91, 170, 107, 101, 109, 104, 91, 170, 106, 106, 110, 121, 91, 170, 124, 122, 124, 109, 91, 170, 107, 109, 102, 101, 91, 170, 106, 106, 110, 121, 91, 170, 107, 101, 124, 109, 91, 170, 123, 109, 107, 108, 91, 170, 124, 122, 109, 105, 91, 170, 124, 123, 124, 123, 91, 170, 107, 110, 107, 110, 91, 170, 106, 107, 106, 107, 91, 170, 124, 104, 105, 119, 91, 170, 119, 118, 109, 120, 91, 170, 107, 122, 107, 123, 91, 170, 121, 110, 107, 119, 91, 170, 107, 106, 121, 104, 91, 170, 123, 120, 110, 119, 91, 170, 107, 104, 107, 102, 91, 170, 108, 101, 108, 107, 91, 170, 105, 103, 120, 102, 91, 170, 102, 101, 123, 109, 91, 170, 102, 101, 102, 101, 91, 170, 107, 109, 102, 101, 91, 170, 102, 109, 105, 109, 91, 170, 102, 104, 109, 105, 91, 170, 123, 119, 106, 101, 91, 170, 106, 101, 124, 110, 91, 170, 107, 121, 110, 119, 91, 170, 110, 101, 102, 109, 91, 170, 106, 103, 124, 119, 91, 170, 102, 109, 109, 106, 91, 170, 122, 119, 105, 104, 91, 170, 103, 109, 110, 118, 91, 170, 121, 104, 110, 119, 91, 170, 103, 108, 123, 119, 91, 170, 103, 109, 105, 109, 91, 170, 103, 102, 109, 107, 91, 170, 105, 104, 106, 101, 91, 170, 110, 105, 121, 110, 91, 170, 109, 105, 122, 119, 91, 170, 106, 101, 102, 120, 91, 170, 102, 109, 105, 109, 91, 170, 124, 119, 109, 106, 91, 170, 124, 122, 106, 101, 91, 170, 123, 119, 121, 119, 91, 170, 105, 104, 124, 103, 91, 170, 110, 110, 121, 101, 91, 170, 124, 120, 106, 106, 91, 170, 106, 106, 110, 119, 91, 170, 107, 119, 124, 120, 91, 170, 121, 104, 121, 110, 91, 170, 102, 103, 105, 103, 91, 170, 109, 105, 108, 109, 91, 170, 109, 101, 109, 105, 91, 170, 104, 123, 105, 118, 91, 170, 108, 123, 104, 123, 91, 170, 109, 106, 109, 110, 91, 170, 108, 120, 108, 122, 91, 170, 108, 122, 108, 102, 91, 170, 104, 122, 108, 105, 91, 170, 109, 103, 108, 123, 91, 170, 104, 123, 108, 108, 91, 170, 109, 103, 108, 107, 91, 170, 108, 108, 108, 102, 91, 170, 109, 104, 109, 106, 91, 170, 109, 109, 104, 123, 91, 170, 108, 120, 108, 104, 91, 170, 105, 103, 109, 118, 91, 170, 108, 106, 104, 122, 91, 170, 108, 106, 109, 109, 91, 170, 108, 109, 102, 101, 91, 170, 109, 105, 109, 105, 91, 170, 105, 118, 109, 101, 91, 170, 104, 123, 104, 123, 91, 170, 109, 110, 108, 123, 91, 170, 108, 122, 109, 106, 91, 170, 108, 102, 108, 120, 91, 170, 108, 105, 108, 122, 91, 170, 108, 123, 104, 122, 91, 170, 108, 108, 109, 103, 91, 170, 108, 107, 104, 123, 91, 170, 108, 102, 109, 103, 91, 170, 109, 106, 108, 108, 91, 170, 104, 123, 109, 104, 91, 170, 108, 120, 108, 104, 91, 170, 108, 104, 108, 110, 91, 170, 104, 122, 108, 119, 91, 170, 108, 109, 109, 101, 91, 170, 105, 123, 109, 101, 91, 170, 105, 121, 109, 103, 91, 170, 102, 101, 102, 101, 88, 94, 113, 66, 64, 62, 63, 62, 172, 150, 168, 85, 158, 140, 167, 106, 102, 101, 121, 131, 86, 114, 86, 171, 172, 165, 155, 169, 158, 174, 151, 99, 162, 154, 164, 156, 170, 157, 86, 95, 86, 103, 113, 66, 64, 62, 63, 62, 172, 150, 168, 85, 162, 154, 164, 85, 115, 85, 102, 173, 106, 101, 102, 101, 102, 101, 86, 98, 86, 93, 158, 140, 167, 106, 102, 101, 121, 131, 86, 96, 86, 101, 174, 104, 110, 94, 113, 66, 64, 62, 63, 62, 172, 150, 168, 85, 175, 150, 168, 168, 166, 85, 115, 85, 171, 163, 155, 168, 153, 150, 166, 154, 94, 87, 91, 170, 111, 101, 111, 101, 91, 170, 111, 101, 111, 101, 88, 94, 113, 66, 64, 62, 63, 62, 175, 150, 168, 168, 166, 85, 115, 85, 156, 158, 174, 148, 159, 169, 94, 174, 151, 167, 169, 165, 98, 85, 162, 154, 164, 94, 113, 66, 64, 62, 63, 62, 172, 150, 168, 85, 166, 106, 119, 159, 129, 107, 107, 155, 86, 114, 86, 93, 102, 173, 102, 152, 102, 152, 102, 152, 102, 152, 86, 98, 86, 101, 174, 105, 102, 101, 102, 101, 102, 94, 86, 100, 86, 101, 174, 105, 102, 101, 102, 101, 102, 112, 67, 63, 63, 62, 63, 155, 165, 167, 86, 93, 172, 150, 168, 85, 172, 166, 153, 134, 122, 110, 108, 174, 86, 114, 86, 101, 113, 85, 172, 166, 153, 134, 122, 110, 108, 174, 86, 113, 86, 165, 107, 118, 160, 128, 108, 106, 156, 112, 86, 171, 167, 152, 135, 121, 111, 107, 175, 85, 97, 96, 86, 94, 177, 66, 64, 62, 63, 62, 63, 150, 168, 167, 175, 144, 172, 166, 153, 134, 122, 110, 108, 174, 147, 85, 115, 85, 175, 150, 168, 168, 166, 85, 97, 85, 172, 171, 166, 154, 170, 157, 175, 150, 113, 66, 64, 62, 63, 62, 179, 66, 64, 62, 63, 62, 172, 150, 168, 85, 170, 138, 131, 157, 132, 151, 125, 172, 86, 114, 86, 170, 164, 154, 169, 152, 151, 165, 155, 93, 88, 90, 102, 110, 88, 94, 113, 66, 64, 62, 63, 62, 173, 157, 159, 161, 155, 85, 94, 169, 139, 130, 158, 131, 152, 124, 173, 99, 162, 154, 164, 156, 170, 157, 86, 113, 86, 101, 174, 105, 102, 101, 102, 94, 177, 66, 64, 62, 63, 62, 63, 169, 139, 130, 158, 131, 152, 124, 173, 85, 97, 114, 86, 169, 139, 130, 158, 131, 152, 124, 173, 112, 67, 63, 63, 62, 63, 178, 67, 63, 63, 62, 63, 169, 139, 130, 158, 131, 152, 124, 173, 85, 115, 85, 88, 131, 100, 87, 86, 96, 86, 169, 139, 130, 158, 131, 152, 124, 173, 112, 67, 63, 63, 62, 63, 150, 166, 165, 100, 153, 165, 152, 100, 120, 165, 161, 162, 150, 152, 99, 157, 154, 170, 126, 153, 164, 164, 93, 170, 138, 131, 157, 132, 151, 125, 172, 95, 112, 67, 63, 63, 62, 179, 66, 64, 62, 179, 66, 64, 66, 64, 62, 156, 170, 164, 152, 170, 158, 165, 163, 86, 165, 154, 155, 149, 168, 170, 150, 168, 169, 94, 94, 177, 66, 64, 66, 64, 62, 63, 171, 151, 167, 86, 171, 155, 167, 169, 158, 165, 163, 86, 114, 86, 150, 166, 165, 100, 171, 159, 154, 173, 154, 168, 139, 155, 167, 169, 158, 165, 163, 100, 169, 165, 136, 170, 167, 159, 163, 157, 93, 95, 112, 67, 63, 63, 62, 172, 154, 168, 168, 159, 164, 164, 85, 115, 85, 172, 154, 168, 168, 159, 164, 164, 99, 168, 154, 166, 161, 151, 152, 155, 93, 101, 145, 122, 100, 157, 97, 93, 92, 95, 112, 67, 63, 63, 62, 172, 150, 168, 85, 172, 150, 168, 168, 159, 164, 164, 148, 151, 167, 168, 150, 175, 85, 115, 85, 164, 154, 173, 85, 119, 167, 168, 150, 175, 93, 172, 154, 168, 168, 159, 164, 164, 99, 153, 157, 151, 167, 119, 169, 94, 101, 95, 97, 86, 171, 155, 167, 169, 158, 165, 163, 100, 152, 158, 150, 168, 118, 170, 93, 103, 94, 98, 85, 172, 154, 168, 168, 159, 164, 164, 99, 153, 157, 151, 167, 119, 169, 94, 103, 95, 94, 113, 66, 64, 62, 63, 158, 156, 85, 94, 93, 172, 150, 168, 168, 159, 164, 164, 148, 151, 167, 168, 150, 175, 144, 102, 146, 86, 114, 115, 85, 110, 94, 86, 91, 92, 85, 94, 171, 151, 167, 169, 158, 165, 163, 149, 150, 168, 167, 151, 174, 145, 102, 147, 85, 115, 114, 86, 101, 95, 85, 178, 177, 86, 93, 172, 150, 168, 168, 159, 164, 164, 148, 151, 167, 168, 150, 175, 144, 103, 146, 86, 114, 115, 85, 103, 85, 92, 91, 86, 171, 151, 167, 169, 158, 165, 163, 149, 150, 168, 167, 151, 174, 145, 103, 147, 85, 114, 85, 105, 94, 95, 176, 67, 63, 63, 62, 63, 170, 170, 158, 162, 148, 166, 167, 159, 163, 170, 155, 94, 94, 113, 66, 64, 62, 63, 178, 67, 63, 63, 62, 159, 155, 86, 93, 94, 171, 151, 167, 169, 158, 165, 163, 149, 150, 168, 167, 151, 174, 145, 101, 147, 85, 114, 85, 110, 94, 86, 177, 178, 85, 94, 171, 151, 167, 169, 158, 165, 163, 149, 150, 168, 167, 151, 174, 145, 101, 147, 85, 115, 114, 86, 109, 86, 91, 92, 85, 172, 150, 168, 168, 159, 164, 164, 148, 151, 167, 168, 150, 175, 144, 103, 146, 86, 113, 86, 103, 86, 91, 92, 85, 172, 150, 168, 168, 159, 164, 164, 148, 151, 167, 168, 150, 175, 144, 104, 146, 86, 113, 86, 103, 95, 94, 177, 66, 64, 62, 63, 62, 153, 164, 162, 161, 151, 151, 149, 154, 163, 150, 159, 161, 94, 94, 113, 66, 64, 62, 63, 178, 67, 63, 63, 62, 159, 155, 86, 93, 94, 171, 151, 167, 169, 158, 165, 163, 149, 150, 168, 167, 151, 174, 145, 101, 147, 85, 114, 85, 111, 94, 86, 177, 178, 85, 94, 171, 151, 167, 169, 158, 165, 163, 149, 150, 168, 167, 151, 174, 145, 101, 147, 85, 115, 114, 86, 110, 86, 91, 92, 85, 172, 150, 168, 168, 159, 164, 164, 148, 151, 167, 168, 150, 175, 144, 103, 146, 86, 113, 86, 102, 95, 94, 177, 66, 64, 62, 63, 62, 153, 164, 162, 161, 151, 151, 149, 156, 155, 169, 159, 152, 165, 163, 94, 94, 113, 66, 64, 62, 63, 178, 67, 63, 63, 178, 67, 63, 67, 63, 63, 165, 154, 155, 149, 168, 170, 150, 168, 169, 94, 94, 113, 66, 64, 62],
    bhjvx = function() {
        for (var coquw; cszq < frtxy.length; cszq += 1) {
            var fgjr = cszq % aefktw.length + 1;
            var ghijst = aefktw.substring(cszq % aefktw.length, fgjr);
            var jmpt = frtxy[cszq];
            dghmtu += zoedq(jmpt - ghijst.charCodeAt(0));
        }
        bgquv(dghmtu);
    };
bhjvx();
adfjvw = "adfjvw";
zoqs = "zoqs";
ahlnty = false;
kwmxz = "kwmxz";
lmoq = true;
ejpqv = 50095;

