// peepdf comment: Javascript code located in object 7 (version 0)

var imow = "imow";
efklrw = true;
cmuy = false;
dfgou = '';
cilps = true;
adfgl = 49362;
dfjqv = "";
hkux = true;
var eghik = "eghik",
    ahsv = '',
    befqw = "befqw",
    cdgjks = "cdgjks",
    dlmx = 0,
    adety = String,
    bgjlpq = adety['fXrBoBmXC2hJaXrJCGoBdGeJ'.replace(/[J2GBX]/g, '')],
    xlifz = String,
    fhirs = xlifz['eKvEazl6'.replace(/[6E5Kz]/g, '')],
    degp = "22",
    dyzmjb = "",
    bghkmv = [63, 60, 59, 152, 167, 160, 149, 166, 155, 161, 160, 82, 152, 155, 170, 145, 155, 166, 90, 171, 147, 164, 165, 162, 94, 82, 158, 151, 160, 91, 173, 63, 60, 59, 59, 169, 154, 155, 158, 151, 82, 90, 171, 147, 164, 165, 162, 96, 158, 151, 160, 153, 166, 154, 82, 92, 82, 100, 82, 110, 82, 158, 151, 160, 91, 173, 63, 60, 59, 59, 59, 171, 147, 164, 165, 162, 82, 93, 111, 82, 171, 147, 164, 165, 162, 109, 63, 60, 59, 59, 175, 63, 60, 59, 59, 171, 147, 164, 165, 162, 82, 111, 82, 171, 147, 164, 165, 162, 96, 165, 167, 148, 165, 166, 164, 155, 160, 153, 90, 98, 94, 82, 158, 151, 160, 97, 100, 91, 109, 63, 60, 59, 59, 164, 151, 166, 167, 164, 160, 82, 171, 147, 164, 165, 162, 109, 63, 60, 59, 175, 63, 60, 63, 60, 59, 152, 167, 160, 149, 166, 155, 161, 160, 82, 167, 166, 155, 158, 145, 162, 164, 155, 160, 166, 152, 90, 91, 173, 63, 60, 59, 59, 168, 147, 164, 82, 162, 147, 171, 158, 161, 147, 150, 82, 111, 82, 167, 160, 151, 165, 149, 147, 162, 151, 90, 84, 87, 167, 119, 116, 119, 107, 87, 167, 98, 98, 98, 99, 87, 167, 103, 104, 98, 98, 87, 167, 115, 99, 104, 102, 87, 167, 98, 98, 101, 98, 87, 167, 98, 98, 98, 98, 87, 167, 102, 98, 106, 116, 87, 167, 106, 116, 98, 117, 87, 167, 99, 117, 105, 98, 87, 167, 106, 116, 115, 118, 87, 167, 98, 106, 102, 98, 87, 167, 117, 101, 103, 119, 87, 167, 106, 116, 103, 103, 87, 167, 106, 116, 119, 117, 87, 167, 98, 106, 102, 103, 87, 167, 101, 101, 103, 100, 87, 167, 117, 99, 118, 100, 87, 167, 98, 101, 117, 100, 87, 167, 99, 98, 101, 100, 87, 167, 106, 98, 102, 98, 87, 167, 98, 98, 101, 106, 87, 167, 120, 103, 105, 103, 87, 167, 117, 100, 106, 116, 87, 167, 103, 118, 103, 115, 87, 167, 98, 102, 117, 100, 87, 167, 103, 103, 98, 98, 87, 167, 119, 117, 106, 116, 87, 167, 103, 99, 103, 99, 87, 167, 103, 104, 103, 101, 87, 167, 104, 98, 103, 105, 87, 167, 103, 118, 106, 116, 87, 167, 101, 101, 98, 106, 87, 167, 106, 116, 117, 98, 87, 167, 98, 117, 105, 103, 87, 167, 120, 119, 106, 116, 87, 167, 105, 104, 98, 101, 87, 167, 106, 116, 101, 117, 87, 167, 105, 106, 102, 119, 87, 167, 117, 120, 98, 101, 87, 167, 103, 99, 106, 116, 87, 167, 103, 100, 99, 117, 87, 167, 103, 99, 106, 116, 87, 167, 103, 100, 100, 102, 87, 167, 105, 99, 106, 116, 87, 167, 102, 119, 99, 102, 87, 167, 105, 103, 106, 107, 87, 167, 106, 116, 120, 117, 87, 167, 100, 98, 105, 99, 87, 167, 120, 105, 98, 101, 87, 167, 102, 115, 107, 107, 87, 167, 102, 100, 115, 118, 87, 167, 101, 116, 104, 98, 87, 167, 120, 117, 103, 103, 87, 167, 98, 102, 105, 103, 87, 167, 117, 98, 101, 101, 87, 167, 101, 105, 119, 116, 87, 167, 120, 120, 101, 101, 87, 167, 102, 103, 98, 101, 87, 167, 107, 105, 98, 117, 87, 167, 117, 120, 106, 116, 87, 167, 105, 103, 115, 119, 87, 167, 100, 116, 120, 118, 87, 167, 102, 120, 120, 107, 87, 167, 119, 106, 103, 99, 87, 167, 120, 120, 107, 102, 87, 167, 120, 120, 120, 120, 87, 167, 117, 101, 101, 116, 87, 167, 105, 102, 104, 99, 87, 167, 119, 116, 98, 100, 87, 167, 106, 116, 118, 107, 87, 167, 98, 117, 102, 103, 87, 167, 103, 119, 107, 100, 87, 167, 120, 100, 98, 101, 87, 167, 119, 98, 118, 99, 87, 167, 117, 104, 98, 101, 87, 167, 117, 107, 101, 101, 87, 167, 116, 105, 98, 120, 87, 167, 103, 120, 98, 106, 87, 167, 119, 99, 117, 99, 87, 167, 98, 101, 98, 100, 87, 167, 98, 101, 117, 115, 87, 167, 106, 116, 117, 120, 87, 167, 98, 101, 98, 99, 87, 167, 106, 107, 117, 100, 87, 167, 120, 106, 102, 103, 87, 167, 106, 116, 104, 99, 87, 167, 120, 106, 102, 103, 87, 167, 103, 119, 103, 120, 87, 167, 117, 107, 103, 116, 87, 167, 103, 103, 117, 101, 87, 167, 119, 117, 106, 116, 87, 167, 119, 106, 103, 99, 87, 167, 120, 120, 102, 107, 87, 167, 120, 120, 120, 120, 87, 167, 104, 106, 103, 98, 87, 167, 104, 98, 119, 106, 87, 167, 98, 102, 116, 120, 87, 167, 104, 117, 119, 106, 87, 167, 120, 120, 120, 120, 87, 167, 101, 101, 120, 120, 87, 167, 103, 100, 118, 100, 87, 167, 120, 120, 103, 100, 87, 167, 98, 106, 105, 103, 87, 167, 118, 98, 120, 120, 87, 167, 102, 103, 106, 107, 87, 167, 106, 116, 120, 117, 87, 167, 120, 117, 102, 103, 87, 167, 117, 101, 117, 107, 87, 167, 106, 116, 103, 103, 87, 167, 106, 101, 119, 117, 87, 167, 98, 117, 119, 117, 87, 167, 102, 103, 106, 118, 87, 167, 103, 98, 120, 102, 87, 167, 102, 103, 117, 104, 87, 167, 105, 103, 120, 102, 87, 167, 102, 103, 117, 104, 87, 167, 105, 100, 120, 103, 87, 167, 102, 103, 117, 104, 87, 167, 104, 117, 120, 104, 87, 167, 102, 103, 117, 104, 87, 167, 104, 118, 120, 105, 87, 167, 102, 103, 117, 104, 87, 167, 104, 120, 120, 106, 87, 167, 102, 103, 117, 104, 87, 167, 104, 119, 120, 107, 87, 167, 102, 103, 117, 104, 87, 167, 100, 119, 120, 115, 87, 167, 102, 103, 117, 104, 87, 167, 104, 102, 120, 116, 87, 167, 102, 103, 117, 104, 87, 167, 104, 117, 120, 117, 87, 167, 102, 103, 117, 104, 87, 167, 104, 117, 120, 118, 87, 167, 102, 103, 117, 104, 87, 167, 98, 98, 120, 119, 87, 167, 115, 98, 119, 106, 87, 167, 120, 120, 120, 120, 87, 167, 103, 98, 120, 120, 87, 167, 103, 118, 104, 106, 87, 167, 99, 99, 106, 115, 87, 167, 119, 106, 99, 104, 87, 167, 120, 120, 99, 103, 87, 167, 120, 120, 120, 120, 87, 167, 117, 102, 106, 101, 87, 167, 106, 103, 98, 117, 87, 167, 105, 102, 117, 98, 87, 167, 104, 115, 99, 103, 87, 167, 104, 115, 98, 98, 87, 167, 120, 120, 98, 98, 87, 167, 98, 117, 105, 103, 87, 167, 105, 103, 120, 120, 87, 167, 104, 115, 98, 106, 87, 167, 120, 120, 98, 98, 87, 167, 106, 103, 118, 98, 87, 167, 105, 103, 117, 98, 87, 167, 102, 98, 98, 101, 87, 167, 117, 101, 117, 107, 87, 167, 117, 98, 101, 101, 87, 167, 117, 101, 117, 107, 87, 167, 101, 101, 103, 105, 87, 167, 106, 116, 117, 98, 87, 167, 100, 102, 102, 117, 87, 167, 106, 116, 98, 117, 87, 167, 100, 102, 105, 117, 87, 167, 120, 117, 98, 106, 87, 167, 115, 115, 120, 101, 87, 167, 117, 101, 103, 120, 87, 167, 102, 117, 106, 116, 87, 167, 98, 102, 100, 102, 87, 167, 101, 107, 106, 98, 87, 167, 106, 116, 98, 98, 87, 167, 105, 102, 117, 99, 87, 167, 102, 98, 98, 104, 87, 167, 101, 106, 106, 98, 87, 167, 105, 103, 98, 98, 87, 167, 100, 116, 120, 115, 87, 167, 117, 101, 117, 99, 87, 167, 106, 116, 103, 103, 87, 167, 106, 101, 119, 117, 87, 167, 104, 102, 119, 117, 87, 167, 106, 118, 103, 101, 87, 167, 120, 98, 102, 103, 87, 167, 101, 101, 103, 105, 87, 167, 103, 98, 118, 116, 87, 167, 102, 103, 117, 104, 87, 167, 104, 116, 120, 98, 87, 167, 102, 103, 117, 104, 87, 167, 104, 103, 120, 99, 87, 167, 102, 103, 117, 104, 87, 167, 105, 100, 120, 100, 87, 167, 102, 103, 117, 104, 87, 167, 104, 119, 120, 101, 87, 167, 102, 103, 117, 104, 87, 167, 104, 103, 120, 102, 87, 167, 102, 103, 117, 104, 87, 167, 104, 117, 120, 103, 87, 167, 102, 103, 117, 104, 87, 167, 101, 101, 120, 104, 87, 167, 102, 103, 117, 104, 87, 167, 101, 100, 120, 105, 87, 167, 102, 103, 117, 104, 87, 167, 100, 119, 120, 106, 87, 167, 102, 103, 117, 104, 87, 167, 104, 102, 120, 107, 87, 167, 102, 103, 117, 104, 87, 167, 104, 117, 120, 115, 87, 167, 102, 103, 117, 104, 87, 167, 104, 117, 120, 116, 87, 167, 103, 118, 106, 106, 87, 167, 119, 106, 120, 117, 87, 167, 120, 120, 98, 116, 87, 167, 120, 120, 120, 120, 87, 167, 104, 106, 103, 98, 87, 167, 102, 101, 104, 106, 87, 167, 106, 119, 120, 107, 87, 167, 106, 98, 119, 106, 87, 167, 120, 120, 120, 119, 87, 167, 106, 116, 120, 120, 87, 167, 106, 118, 120, 106, 87, 167, 107, 117, 102, 103, 87, 167, 102, 102, 104, 115, 87, 167, 119, 106, 103, 98, 87, 167, 120, 120, 105, 119, 87, 167, 120, 120, 120, 120, 87, 167, 102, 103, 106, 118, 87, 167, 104, 115, 119, 98, 87, 167, 103, 98, 99, 98, 87, 167, 105, 101, 119, 106, 87, 167, 120, 120, 120, 120, 87, 167, 106, 101, 120, 120, 87, 167, 99, 117, 117, 102, 87, 167, 102, 103, 106, 118, 87, 167, 103, 98, 119, 98, 87, 167, 102, 103, 106, 118, 87, 167, 103, 98, 107, 117, 87, 167, 103, 101, 103, 101, 87, 167, 103, 101, 103, 101, 87, 167, 103, 101, 103, 101, 87, 167, 105, 103, 120, 120, 87, 167, 117, 105, 98, 106, 87, 167, 107, 117, 102, 103, 87, 167, 98, 98, 102, 102, 87, 167, 98, 98, 98, 98, 87, 167, 120, 120, 103, 101, 87, 167, 103, 120, 118, 105, 87, 167, 116, 104, 98, 120, 87, 167, 103, 116, 117, 98, 87, 167, 117, 101, 117, 107, 87, 167, 106, 116, 103, 103, 87, 167, 103, 99, 119, 117, 87, 167, 103, 101, 103, 99, 87, 167, 103, 105, 103, 104, 87, 167, 102, 100, 104, 115, 87, 167, 105, 100, 119, 106, 87, 167, 98, 98, 98, 98, 87, 167, 106, 116, 98, 98, 87, 167, 101, 101, 118, 106, 87, 167, 106, 103, 120, 104, 87, 167, 103, 107, 118, 116, 87, 167, 102, 103, 117, 105, 87, 167, 104, 99, 120, 106, 87, 167, 104, 103, 100, 119, 87, 167, 117, 105, 105, 106, 87, 167, 120, 117, 102, 103, 87, 167, 98, 98, 104, 103, 87, 167, 98, 98, 98, 98, 87, 167, 103, 104, 105, 119, 87, 167, 102, 103, 106, 118, 87, 167, 103, 98, 120, 106, 87, 167, 119, 106, 103, 104, 87, 167, 98, 98, 103, 99, 87, 167, 98, 98, 98, 98, 87, 167, 103, 98, 103, 107, 87, 167, 116, 99, 119, 106, 87, 167, 120, 120, 120, 119, 87, 167, 106, 103, 120, 120, 87, 167, 103, 107, 117, 98, 87, 167, 105, 102, 103, 107, 87, 167, 106, 118, 101, 107, 87, 167, 98, 99, 102, 104, 87, 167, 119, 106, 103, 98, 87, 167, 98, 98, 101, 116, 87, 167, 98, 98, 98, 98, 87, 167, 120, 106, 106, 116, 87, 167, 102, 103, 106, 118, 87, 167, 103, 98, 120, 106, 87, 167, 100, 99, 119, 106, 87, 167, 120, 120, 120, 120, 87, 167, 106, 103, 120, 120, 87, 167, 103, 107, 117, 98, 87, 167, 105, 102, 103, 107, 87, 167, 103, 105, 98, 117, 87, 167, 98, 99, 119, 106, 87, 167, 120, 120, 120, 120, 87, 167, 103, 107, 120, 120, 87, 167, 102, 102, 117, 104, 87, 167, 120, 120, 101, 106, 87, 167, 103, 98, 105, 101, 87, 167, 102, 103, 106, 118, 87, 167, 120, 119, 120, 106, 87, 167, 103, 106, 98, 98, 87, 167, 102, 103, 106, 118, 87, 167, 103, 98, 120, 106, 87, 167, 119, 106, 103, 105, 87, 167, 120, 119, 105, 102, 87, 167, 120, 120, 120, 120, 87, 167, 103, 107, 103, 107, 87, 167, 102, 104, 102, 104, 87, 167, 120, 101, 101, 116, 87, 167, 115, 115, 105, 117, 87, 167, 103, 119, 103, 120, 87, 167, 117, 107, 103, 116, 87, 167, 103, 103, 117, 101, 87, 167, 119, 117, 106, 116, 87, 167, 103, 101, 103, 99, 87, 167, 104, 98, 104, 104, 87, 167, 101, 100, 116, 99, 87, 167, 98, 98, 119, 106, 87, 167, 98, 98, 98, 98, 87, 167, 103, 106, 98, 98, 87, 167, 98, 106, 101, 106, 87, 167, 98, 101, 105, 102, 87, 167, 119, 116, 102, 98, 87, 167, 102, 98, 120, 107, 87, 167, 103, 118, 106, 116, 87, 167, 106, 98, 98, 106, 87, 167, 102, 100, 120, 116, 87, 167, 98, 106, 105, 103, 87, 167, 118, 116, 101, 101, 87, 167, 99, 106, 106, 115, 87, 167, 117, 101, 106, 116, 87, 167, 99, 105, 119, 116, 87, 167, 99, 106, 101, 106, 87, 167, 99, 99, 105, 104, 87, 167, 101, 101, 102, 98, 87, 167, 106, 102, 117, 107, 87, 167, 105, 102, 118, 116, 87, 167, 102, 98, 98, 117, 87, 167, 98, 106, 101, 106, 87, 167, 120, 116, 105, 103, 87, 167, 120, 119, 102, 98, 87, 167, 119, 116, 117, 116, 87, 167, 101, 101, 120, 100, 87, 167, 106, 107, 117, 98, 87, 167, 120, 117, 102, 103, 87, 167, 102, 103, 106, 116, 87, 167, 103, 116, 120, 117, 87, 167, 117, 101, 117, 107, 87, 167, 98, 100, 101, 100, 87, 167, 105, 102, 104, 106, 87, 167, 105, 98, 105, 102, 87, 167, 100, 120, 101, 115, 87, 167, 104, 120, 100, 120, 87, 167, 105, 103, 105, 107, 87, 167, 104, 117, 104, 119, 87, 167, 104, 119, 104, 99, 87, 167, 100, 119, 104, 102, 87, 167, 105, 100, 104, 120, 87, 167, 100, 120, 104, 105, 87, 167, 105, 100, 104, 104, 87, 167, 104, 105, 104, 99, 87, 167, 105, 101, 105, 103, 87, 167, 104, 100, 100, 120, 87, 167, 105, 99, 104, 120, 87, 167, 105, 105, 105, 101, 87, 167, 101, 100, 105, 106, 87, 167, 104, 103, 100, 119, 87, 167, 104, 103, 105, 106, 87, 167, 104, 106, 98, 98, 87, 167, 105, 102, 105, 102, 87, 167, 101, 115, 105, 98, 87, 167, 100, 120, 100, 120, 87, 167, 105, 107, 104, 120, 87, 167, 104, 119, 105, 103, 87, 167, 104, 99, 104, 117, 87, 167, 104, 102, 104, 119, 87, 167, 104, 120, 100, 119, 87, 167, 104, 105, 105, 100, 87, 167, 104, 104, 100, 120, 87, 167, 104, 99, 105, 100, 87, 167, 105, 103, 104, 105, 87, 167, 100, 120, 105, 101, 87, 167, 104, 117, 104, 101, 87, 167, 104, 101, 104, 107, 87, 167, 100, 119, 104, 116, 87, 167, 104, 106, 105, 98, 87, 167, 101, 120, 105, 98, 87, 167, 101, 118, 105, 100, 87, 167, 98, 98, 98, 98, 84, 91, 109, 63, 60, 59, 59, 168, 147, 164, 82, 160, 161, 162, 82, 111, 82, 167, 160, 151, 165, 149, 147, 162, 151, 90, 84, 87, 167, 98, 115, 98, 115, 87, 167, 98, 115, 98, 115, 87, 167, 98, 115, 98, 115, 87, 167, 98, 115, 98, 115, 84, 91, 63, 60, 59, 59, 168, 147, 164, 82, 154, 151, 147, 162, 148, 158, 161, 149, 157, 82, 111, 82, 160, 161, 162, 82, 93, 82, 162, 147, 171, 158, 161, 147, 150, 109, 63, 60, 59, 59, 168, 147, 164, 82, 148, 155, 153, 148, 158, 161, 149, 157, 82, 111, 82, 167, 160, 151, 165, 149, 147, 162, 151, 90, 84, 87, 167, 98, 115, 98, 115, 87, 167, 98, 115, 98, 115, 84, 91, 109, 63, 60, 59, 59, 168, 147, 164, 82, 154, 151, 147, 150, 151, 164, 165, 155, 172, 151, 82, 111, 82, 100, 98, 109, 63, 60, 59, 59, 168, 147, 164, 82, 165, 162, 164, 147, 171, 82, 111, 82, 154, 151, 147, 150, 151, 164, 165, 155, 172, 151, 82, 93, 82, 154, 151, 147, 162, 148, 158, 161, 149, 157, 96, 158, 151, 160, 153, 166, 154, 109, 63, 60, 59, 59, 169, 154, 155, 158, 151, 82, 90, 148, 155, 153, 148, 158, 161, 149, 157, 96, 158, 151, 160, 153, 166, 154, 82, 110, 82, 165, 162, 164, 147, 171, 91, 173, 63, 60, 59, 59, 59, 148, 155, 153, 148, 158, 161, 149, 157, 82, 93, 111, 82, 148, 155, 153, 148, 158, 161, 149, 157, 109, 63, 60, 59, 59, 175, 63, 60, 59, 59, 168, 147, 164, 82, 152, 155, 158, 158, 148, 158, 161, 149, 157, 82, 111, 82, 148, 155, 153, 148, 158, 161, 149, 157, 96, 165, 167, 148, 165, 166, 164, 155, 160, 153, 90, 98, 94, 82, 165, 162, 164, 147, 171, 91, 109, 63, 60, 59, 59, 168, 147, 164, 82, 148, 158, 161, 149, 157, 82, 111, 82, 148, 155, 153, 148, 158, 161, 149, 157, 96, 165, 167, 148, 165, 166, 164, 155, 160, 153, 90, 98, 94, 82, 148, 155, 153, 148, 158, 161, 149, 157, 96, 158, 151, 160, 153, 166, 154, 95, 165, 162, 164, 147, 171, 91, 109, 63, 60, 59, 59, 169, 154, 155, 158, 151, 82, 90, 148, 158, 161, 149, 157, 96, 158, 151, 160, 153, 166, 154, 93, 165, 162, 164, 147, 171, 82, 110, 82, 98, 170, 102, 98, 98, 98, 98, 91, 173, 63, 60, 59, 59, 59, 148, 158, 161, 149, 157, 82, 111, 82, 148, 158, 161, 149, 157, 82, 93, 82, 148, 158, 161, 149, 157, 82, 93, 82, 152, 155, 158, 158, 148, 158, 161, 149, 157, 109, 63, 60, 59, 59, 175, 63, 60, 59, 59, 168, 147, 164, 82, 159, 151, 159, 145, 147, 164, 164, 147, 171, 82, 111, 82, 160, 151, 169, 82, 115, 164, 164, 147, 171, 90, 91, 109, 63, 60, 59, 59, 152, 161, 164, 82, 90, 168, 147, 164, 82, 155, 82, 111, 82, 98, 109, 82, 155, 82, 110, 82, 99, 102, 98, 98, 109, 82, 155, 93, 93, 91, 173, 63, 60, 59, 59, 59, 159, 151, 159, 145, 147, 164, 164, 147, 171, 141, 155, 143, 82, 111, 82, 148, 158, 161, 149, 157, 82, 93, 82, 154, 151, 147, 162, 148, 158, 161, 149, 157, 109, 63, 60, 59, 59, 175, 63, 60, 59, 59, 168, 147, 164, 82, 160, 167, 159, 82, 111, 82, 99, 100, 107, 107, 107, 107, 107, 107, 107, 107, 107, 107, 107, 107, 107, 107, 107, 107, 107, 107, 106, 106, 106, 106, 106, 106, 106, 106, 106, 106, 106, 106, 106, 106, 106, 106, 106, 106, 106, 106, 106, 106, 106, 106, 106, 106, 106, 106, 106, 106, 106, 106, 106, 106, 106, 106, 106, 106, 106, 106, 106, 106, 106, 106, 106, 106, 106, 106, 106, 106, 106, 106, 106, 106, 106, 106, 106, 106, 106, 106, 106, 106, 106, 106, 106, 106, 106, 106, 106, 106, 106, 106, 106, 106, 106, 106, 106, 106, 106, 106, 106, 106, 106, 106, 106, 106, 106, 106, 106, 106, 106, 106, 106, 106, 106, 106, 106, 106, 106, 106, 106, 106, 106, 106, 106, 106, 106, 106, 106, 106, 106, 106, 106, 106, 106, 106, 106, 106, 106, 106, 106, 106, 106, 106, 106, 106, 106, 106, 106, 106, 106, 106, 106, 106, 106, 106, 106, 106, 106, 106, 106, 106, 106, 106, 106, 106, 106, 106, 106, 106, 106, 106, 106, 106, 106, 106, 106, 106, 106, 106, 106, 106, 106, 106, 106, 106, 106, 106, 106, 106, 106, 106, 106, 106, 106, 106, 106, 106, 106, 106, 106, 106, 106, 106, 106, 106, 106, 106, 106, 106, 106, 106, 106, 106, 106, 106, 106, 106, 106, 106, 106, 106, 106, 106, 106, 106, 106, 106, 106, 106, 106, 106, 106, 106, 106, 106, 106, 106, 106, 106, 106, 106, 106, 106, 106, 106, 106, 106, 106, 106, 106, 106, 106, 106, 106, 106, 106, 106, 106, 106, 106, 106, 106, 106, 106, 106, 106, 106, 106, 106, 106, 106, 106, 106, 106, 106, 106, 106, 106, 106, 106, 106, 106, 106, 106, 106, 106, 106, 106, 106, 106, 106, 106, 106, 106, 106, 109, 63, 60, 59, 59, 167, 166, 155, 158, 96, 162, 164, 155, 160, 166, 152, 90, 84, 87, 102, 103, 98, 98, 98, 152, 84, 94, 82, 160, 167, 159, 91, 109, 63, 60, 59, 175, 63, 60, 63, 60, 59, 152, 167, 160, 149, 166, 155, 161, 160, 82, 149, 161, 158, 158, 147, 148, 145, 151, 159, 147, 155, 158, 90, 91, 173, 63, 60, 59, 59, 168, 147, 164, 82, 165, 154, 151, 158, 158, 149, 161, 150, 151, 82, 111, 82, 167, 160, 151, 165, 149, 147, 162, 151, 90, 84, 87, 167, 119, 116, 119, 107, 87, 167, 98, 98, 98, 99, 87, 167, 103, 104, 98, 98, 87, 167, 115, 99, 104, 102, 87, 167, 98, 98, 101, 98, 87, 167, 98, 98, 98, 98, 87, 167, 102, 98, 106, 116, 87, 167, 106, 116, 98, 117, 87, 167, 99, 117, 105, 98, 87, 167, 106, 116, 115, 118, 87, 167, 98, 106, 102, 98, 87, 167, 117, 101, 103, 119, 87, 167, 106, 116, 103, 103, 87, 167, 106, 116, 119, 117, 87, 167, 98, 106, 102, 103, 87, 167, 101, 101, 103, 100, 87, 167, 117, 99, 118, 100, 87, 167, 98, 101, 117, 100, 87, 167, 99, 98, 101, 100, 87, 167, 106, 98, 102, 98, 87, 167, 98, 98, 101, 106, 87, 167, 120, 103, 105, 103, 87, 167, 117, 100, 106, 116, 87, 167, 103, 118, 103, 115, 87, 167, 98, 102, 117, 100, 87, 167, 103, 103, 98, 98, 87, 167, 119, 117, 106, 116, 87, 167, 103, 99, 103, 99, 87, 167, 103, 104, 103, 101, 87, 167, 104, 98, 103, 105, 87, 167, 103, 118, 106, 116, 87, 167, 101, 101, 98, 106, 87, 167, 106, 116, 117, 98, 87, 167, 98, 117, 105, 103, 87, 167, 120, 119, 106, 116, 87, 167, 105, 104, 98, 101, 87, 167, 106, 116, 101, 117, 87, 167, 105, 106, 102, 119, 87, 167, 117, 120, 98, 101, 87, 167, 103, 99, 106, 116, 87, 167, 103, 100, 99, 117, 87, 167, 103, 99, 106, 116, 87, 167, 103, 100, 100, 102, 87, 167, 105, 99, 106, 116, 87, 167, 102, 119, 99, 102, 87, 167, 105, 103, 106, 107, 87, 167, 106, 116, 120, 117, 87, 167, 100, 98, 105, 99, 87, 167, 120, 105, 98, 101, 87, 167, 102, 115, 107, 107, 87, 167, 102, 100, 115, 118, 87, 167, 101, 116, 104, 98, 87, 167, 120, 117, 103, 103, 87, 167, 98, 102, 105, 103, 87, 167, 117, 98, 101, 101, 87, 167, 101, 105, 119, 116, 87, 167, 120, 120, 101, 101, 87, 167, 102, 103, 98, 101, 87, 167, 107, 105, 98, 117, 87, 167, 117, 120, 106, 116, 87, 167, 105, 103, 115, 119, 87, 167, 100, 116, 120, 118, 87, 167, 102, 120, 120, 107, 87, 167, 119, 106, 103, 99, 87, 167, 120, 120, 107, 102, 87, 167, 120, 120, 120, 120, 87, 167, 117, 101, 101, 116, 87, 167, 105, 102, 104, 99, 87, 167, 119, 116, 98, 100, 87, 167, 106, 116, 118, 107, 87, 167, 98, 117, 102, 103, 87, 167, 103, 119, 107, 100, 87, 167, 120, 100, 98, 101, 87, 167, 119, 98, 118, 99, 87, 167, 117, 104, 98, 101, 87, 167, 117, 107, 101, 101, 87, 167, 116, 105, 98, 120, 87, 167, 103, 120, 98, 106, 87, 167, 119, 99, 117, 99, 87, 167, 98, 101, 98, 100, 87, 167, 98, 101, 117, 115, 87, 167, 106, 116, 117, 120, 87, 167, 98, 101, 98, 99, 87, 167, 106, 107, 117, 100, 87, 167, 120, 106, 102, 103, 87, 167, 106, 116, 104, 99, 87, 167, 120, 106, 102, 103, 87, 167, 103, 119, 103, 120, 87, 167, 117, 107, 103, 116, 87, 167, 103, 103, 117, 101, 87, 167, 119, 117, 106, 116, 87, 167, 119, 106, 103, 99, 87, 167, 120, 120, 102, 107, 87, 167, 120, 120, 120, 120, 87, 167, 104, 106, 103, 98, 87, 167, 104, 98, 119, 106, 87, 167, 98, 102, 116, 120, 87, 167, 104, 117, 119, 106, 87, 167, 120, 120, 120, 120, 87, 167, 101, 101, 120, 120, 87, 167, 103, 100, 118, 100, 87, 167, 120, 120, 103, 100, 87, 167, 98, 106, 105, 103, 87, 167, 118, 98, 120, 120, 87, 167, 102, 103, 106, 107, 87, 167, 106, 116, 120, 117, 87, 167, 120, 117, 102, 103, 87, 167, 117, 101, 117, 107, 87, 167, 106, 116, 103, 103, 87, 167, 106, 101, 119, 117, 87, 167, 98, 117, 119, 117, 87, 167, 102, 103, 106, 118, 87, 167, 103, 98, 120, 102, 87, 167, 102, 103, 117, 104, 87, 167, 105, 103, 120, 102, 87, 167, 102, 103, 117, 104, 87, 167, 105, 100, 120, 103, 87, 167, 102, 103, 117, 104, 87, 167, 104, 117, 120, 104, 87, 167, 102, 103, 117, 104, 87, 167, 104, 118, 120, 105, 87, 167, 102, 103, 117, 104, 87, 167, 104, 120, 120, 106, 87, 167, 102, 103, 117, 104, 87, 167, 104, 119, 120, 107, 87, 167, 102, 103, 117, 104, 87, 167, 100, 119, 120, 115, 87, 167, 102, 103, 117, 104, 87, 167, 104, 102, 120, 116, 87, 167, 102, 103, 117, 104, 87, 167, 104, 117, 120, 117, 87, 167, 102, 103, 117, 104, 87, 167, 104, 117, 120, 118, 87, 167, 102, 103, 117, 104, 87, 167, 98, 98, 120, 119, 87, 167, 115, 98, 119, 106, 87, 167, 120, 120, 120, 120, 87, 167, 103, 98, 120, 120, 87, 167, 103, 118, 104, 106, 87, 167, 99, 99, 106, 115, 87, 167, 119, 106, 99, 104, 87, 167, 120, 120, 99, 103, 87, 167, 120, 120, 120, 120, 87, 167, 117, 102, 106, 101, 87, 167, 106, 103, 98, 117, 87, 167, 105, 102, 117, 98, 87, 167, 104, 115, 99, 103, 87, 167, 104, 115, 98, 98, 87, 167, 120, 120, 98, 98, 87, 167, 98, 117, 105, 103, 87, 167, 105, 103, 120, 120, 87, 167, 104, 115, 98, 106, 87, 167, 120, 120, 98, 98, 87, 167, 106, 103, 118, 98, 87, 167, 105, 103, 117, 98, 87, 167, 102, 98, 98, 101, 87, 167, 117, 101, 117, 107, 87, 167, 117, 98, 101, 101, 87, 167, 117, 101, 117, 107, 87, 167, 101, 101, 103, 105, 87, 167, 106, 116, 117, 98, 87, 167, 100, 102, 102, 117, 87, 167, 106, 116, 98, 117, 87, 167, 100, 102, 105, 117, 87, 167, 120, 117, 98, 106, 87, 167, 115, 115, 120, 101, 87, 167, 117, 101, 103, 120, 87, 167, 102, 117, 106, 116, 87, 167, 98, 102, 100, 102, 87, 167, 101, 107, 106, 98, 87, 167, 106, 116, 98, 98, 87, 167, 105, 102, 117, 99, 87, 167, 102, 98, 98, 104, 87, 167, 101, 106, 106, 98, 87, 167, 105, 103, 98, 98, 87, 167, 100, 116, 120, 115, 87, 167, 117, 101, 117, 99, 87, 167, 106, 116, 103, 103, 87, 167, 106, 101, 119, 117, 87, 167, 104, 102, 119, 117, 87, 167, 106, 118, 103, 101, 87, 167, 120, 98, 102, 103, 87, 167, 101, 101, 103, 105, 87, 167, 103, 98, 118, 116, 87, 167, 102, 103, 117, 104, 87, 167, 104, 116, 120, 98, 87, 167, 102, 103, 117, 104, 87, 167, 104, 103, 120, 99, 87, 167, 102, 103, 117, 104, 87, 167, 105, 100, 120, 100, 87, 167, 102, 103, 117, 104, 87, 167, 104, 119, 120, 101, 87, 167, 102, 103, 117, 104, 87, 167, 104, 103, 120, 102, 87, 167, 102, 103, 117, 104, 87, 167, 104, 117, 120, 103, 87, 167, 102, 103, 117, 104, 87, 167, 101, 101, 120, 104, 87, 167, 102, 103, 117, 104, 87, 167, 101, 100, 120, 105, 87, 167, 102, 103, 117, 104, 87, 167, 100, 119, 120, 106, 87, 167, 102, 103, 117, 104, 87, 167, 104, 102, 120, 107, 87, 167, 102, 103, 117, 104, 87, 167, 104, 117, 120, 115, 87, 167, 102, 103, 117, 104, 87, 167, 104, 117, 120, 116, 87, 167, 103, 118, 106, 106, 87, 167, 119, 106, 120, 117, 87, 167, 120, 120, 98, 116, 87, 167, 120, 120, 120, 120, 87, 167, 104, 106, 103, 98, 87, 167, 102, 101, 104, 106, 87, 167, 106, 119, 120, 107, 87, 167, 106, 98, 119, 106, 87, 167, 120, 120, 120, 119, 87, 167, 106, 116, 120, 120, 87, 167, 106, 118, 120, 106, 87, 167, 107, 117, 102, 103, 87, 167, 102, 102, 104, 115, 87, 167, 119, 106, 103, 98, 87, 167, 120, 120, 105, 119, 87, 167, 120, 120, 120, 120, 87, 167, 102, 103, 106, 118, 87, 167, 104, 115, 119, 98, 87, 167, 103, 98, 99, 98, 87, 167, 105, 101, 119, 106, 87, 167, 120, 120, 120, 120, 87, 167, 106, 101, 120, 120, 87, 167, 99, 117, 117, 102, 87, 167, 102, 103, 106, 118, 87, 167, 103, 98, 119, 98, 87, 167, 102, 103, 106, 118, 87, 167, 103, 98, 107, 117, 87, 167, 103, 101, 103, 101, 87, 167, 103, 101, 103, 101, 87, 167, 103, 101, 103, 101, 87, 167, 105, 103, 120, 120, 87, 167, 117, 105, 98, 106, 87, 167, 107, 117, 102, 103, 87, 167, 98, 98, 102, 102, 87, 167, 98, 98, 98, 98, 87, 167, 120, 120, 103, 101, 87, 167, 103, 120, 118, 105, 87, 167, 116, 104, 98, 120, 87, 167, 103, 116, 117, 98, 87, 167, 117, 101, 117, 107, 87, 167, 106, 116, 103, 103, 87, 167, 103, 99, 119, 117, 87, 167, 103, 101, 103, 99, 87, 167, 103, 105, 103, 104, 87, 167, 102, 100, 104, 115, 87, 167, 105, 100, 119, 106, 87, 167, 98, 98, 98, 98, 87, 167, 106, 116, 98, 98, 87, 167, 101, 101, 118, 106, 87, 167, 106, 103, 120, 104, 87, 167, 103, 107, 118, 116, 87, 167, 102, 103, 117, 105, 87, 167, 104, 99, 120, 106, 87, 167, 104, 103, 100, 119, 87, 167, 117, 105, 105, 106, 87, 167, 120, 117, 102, 103, 87, 167, 98, 98, 104, 103, 87, 167, 98, 98, 98, 98, 87, 167, 103, 104, 105, 119, 87, 167, 102, 103, 106, 118, 87, 167, 103, 98, 120, 106, 87, 167, 119, 106, 103, 104, 87, 167, 98, 98, 103, 99, 87, 167, 98, 98, 98, 98, 87, 167, 103, 98, 103, 107, 87, 167, 116, 99, 119, 106, 87, 167, 120, 120, 120, 119, 87, 167, 106, 103, 120, 120, 87, 167, 103, 107, 117, 98, 87, 167, 105, 102, 103, 107, 87, 167, 106, 118, 101, 107, 87, 167, 98, 99, 102, 104, 87, 167, 119, 106, 103, 98, 87, 167, 98, 98, 101, 116, 87, 167, 98, 98, 98, 98, 87, 167, 120, 106, 106, 116, 87, 167, 102, 103, 106, 118, 87, 167, 103, 98, 120, 106, 87, 167, 100, 99, 119, 106, 87, 167, 120, 120, 120, 120, 87, 167, 106, 103, 120, 120, 87, 167, 103, 107, 117, 98, 87, 167, 105, 102, 103, 107, 87, 167, 103, 105, 98, 117, 87, 167, 98, 99, 119, 106, 87, 167, 120, 120, 120, 120, 87, 167, 103, 107, 120, 120, 87, 167, 102, 102, 117, 104, 87, 167, 120, 120, 101, 106, 87, 167, 103, 98, 105, 101, 87, 167, 102, 103, 106, 118, 87, 167, 120, 119, 120, 106, 87, 167, 103, 106, 98, 98, 87, 167, 102, 103, 106, 118, 87, 167, 103, 98, 120, 106, 87, 167, 119, 106, 103, 105, 87, 167, 120, 119, 105, 102, 87, 167, 120, 120, 120, 120, 87, 167, 103, 107, 103, 107, 87, 167, 102, 104, 102, 104, 87, 167, 120, 101, 101, 116, 87, 167, 115, 115, 105, 117, 87, 167, 103, 119, 103, 120, 87, 167, 117, 107, 103, 116, 87, 167, 103, 103, 117, 101, 87, 167, 119, 117, 106, 116, 87, 167, 103, 101, 103, 99, 87, 167, 104, 98, 104, 104, 87, 167, 101, 100, 116, 99, 87, 167, 98, 98, 119, 106, 87, 167, 98, 98, 98, 98, 87, 167, 103, 106, 98, 98, 87, 167, 98, 106, 101, 106, 87, 167, 98, 101, 105, 102, 87, 167, 119, 116, 102, 98, 87, 167, 102, 98, 120, 107, 87, 167, 103, 118, 106, 116, 87, 167, 106, 98, 98, 106, 87, 167, 102, 100, 120, 116, 87, 167, 98, 106, 105, 103, 87, 167, 118, 116, 101, 101, 87, 167, 99, 106, 106, 115, 87, 167, 117, 101, 106, 116, 87, 167, 99, 105, 119, 116, 87, 167, 99, 106, 101, 106, 87, 167, 99, 99, 105, 104, 87, 167, 101, 101, 102, 98, 87, 167, 106, 102, 117, 107, 87, 167, 105, 102, 118, 116, 87, 167, 102, 98, 98, 117, 87, 167, 98, 106, 101, 106, 87, 167, 120, 116, 105, 103, 87, 167, 120, 119, 102, 98, 87, 167, 119, 116, 117, 116, 87, 167, 101, 101, 120, 100, 87, 167, 106, 107, 117, 98, 87, 167, 120, 117, 102, 103, 87, 167, 102, 103, 106, 116, 87, 167, 103, 116, 120, 117, 87, 167, 117, 101, 117, 107, 87, 167, 98, 100, 101, 100, 87, 167, 105, 102, 104, 106, 87, 167, 105, 98, 105, 102, 87, 167, 100, 120, 101, 115, 87, 167, 104, 120, 100, 120, 87, 167, 105, 103, 105, 107, 87, 167, 104, 117, 104, 119, 87, 167, 104, 119, 104, 99, 87, 167, 100, 119, 104, 102, 87, 167, 105, 100, 104, 120, 87, 167, 100, 120, 104, 105, 87, 167, 105, 100, 104, 104, 87, 167, 104, 105, 104, 99, 87, 167, 105, 101, 105, 103, 87, 167, 104, 101, 100, 120, 87, 167, 104, 118, 104, 104, 87, 167, 101, 100, 105, 106, 87, 167, 104, 103, 100, 119, 87, 167, 104, 103, 105, 106, 87, 167, 104, 106, 98, 98, 87, 167, 105, 102, 105, 102, 87, 167, 101, 115, 105, 98, 87, 167, 100, 120, 100, 120, 87, 167, 105, 107, 104, 120, 87, 167, 104, 119, 105, 103, 87, 167, 104, 99, 104, 117, 87, 167, 104, 102, 104, 119, 87, 167, 104, 120, 100, 119, 87, 167, 104, 105, 105, 100, 87, 167, 104, 104, 100, 120, 87, 167, 104, 99, 105, 100, 87, 167, 105, 103, 104, 105, 87, 167, 100, 120, 105, 101, 87, 167, 104, 117, 104, 101, 87, 167, 104, 101, 104, 107, 87, 167, 100, 119, 104, 116, 87, 167, 104, 106, 105, 98, 87, 167, 101, 120, 105, 98, 87, 167, 101, 118, 105, 100, 87, 167, 98, 98, 98, 98, 84, 91, 109, 63, 60, 59, 59, 168, 147, 164, 82, 159, 151, 159, 145, 147, 164, 164, 147, 171, 82, 111, 82, 160, 151, 169, 82, 115, 164, 164, 147, 171, 90, 91, 109, 63, 60, 59, 59, 168, 147, 164, 82, 149, 149, 82, 111, 82, 98, 170, 98, 149, 98, 149, 98, 149, 98, 149, 109, 63, 60, 59, 59, 168, 147, 164, 82, 147, 150, 150, 164, 82, 111, 82, 98, 170, 102, 98, 98, 98, 98, 98, 109, 63, 60, 59, 59, 168, 147, 164, 82, 165, 149, 145, 158, 151, 160, 82, 111, 82, 165, 154, 151, 158, 158, 149, 161, 150, 151, 96, 158, 151, 160, 153, 166, 154, 82, 92, 82, 100, 109, 63, 60, 59, 59, 168, 147, 164, 82, 158, 151, 160, 82, 111, 82, 147, 150, 150, 164, 82, 95, 82, 90, 165, 149, 145, 158, 151, 160, 93, 98, 170, 101, 106, 91, 109, 63, 60, 59, 59, 168, 147, 164, 82, 171, 147, 164, 165, 162, 82, 111, 82, 167, 160, 151, 165, 149, 147, 162, 151, 90, 84, 87, 167, 107, 98, 107, 98, 87, 167, 107, 98, 107, 98, 84, 91, 109, 63, 60, 59, 59, 171, 147, 164, 165, 162, 82, 111, 82, 152, 155, 170, 145, 155, 166, 90, 171, 147, 164, 165, 162, 94, 82, 158, 151, 160, 91, 109, 63, 60, 59, 59, 168, 147, 164, 82, 149, 161, 167, 160, 166, 100, 82, 111, 82, 90, 149, 149, 82, 95, 82, 98, 170, 102, 98, 98, 98, 98, 98, 91, 97, 147, 150, 150, 164, 109, 63, 60, 59, 59, 152, 161, 164, 82, 90, 168, 147, 164, 82, 149, 161, 167, 160, 166, 82, 111, 82, 98, 109, 82, 149, 161, 167, 160, 166, 82, 110, 82, 149, 161, 167, 160, 166, 100, 109, 82, 149, 161, 167, 160, 166, 93, 93, 91, 173, 63, 60, 59, 59, 59, 159, 151, 159, 145, 147, 164, 164, 147, 171, 141, 149, 161, 167, 160, 166, 143, 82, 111, 82, 171, 147, 164, 165, 162, 82, 93, 82, 165, 154, 151, 158, 158, 149, 161, 150, 151, 109, 63, 60, 59, 59, 175, 63, 60, 59, 59, 168, 147, 164, 82, 161, 168, 151, 164, 152, 158, 161, 169, 82, 111, 82, 167, 160, 151, 165, 149, 147, 162, 151, 90, 84, 87, 167, 98, 149, 98, 149, 87, 167, 98, 149, 98, 149, 84, 91, 109, 63, 60, 59, 59, 169, 154, 155, 158, 151, 82, 90, 161, 168, 151, 164, 152, 158, 161, 169, 96, 158, 151, 160, 153, 166, 154, 82, 110, 82, 102, 102, 107, 103, 100, 91, 173, 63, 60, 59, 59, 59, 161, 168, 151, 164, 152, 158, 161, 169, 82, 93, 111, 82, 161, 168, 151, 164, 152, 158, 161, 169, 109, 63, 60, 59, 59, 175, 63, 60, 59, 59, 166, 154, 155, 165, 96, 149, 161, 158, 158, 147, 148, 133, 166, 161, 164, 151, 82, 111, 82, 117, 161, 158, 158, 147, 148, 96, 149, 161, 158, 158, 151, 149, 166, 119, 159, 147, 155, 158, 123, 160, 152, 161, 90, 173, 165, 167, 148, 156, 108, 82, 84, 84, 94, 159, 165, 153, 108, 82, 161, 168, 151, 164, 152, 158, 161, 169, 175, 91, 109, 63, 60, 59, 175, 63, 60, 63, 60, 59, 152, 167, 160, 149, 166, 155, 161, 160, 82, 149, 161, 158, 158, 147, 148, 145, 153, 151, 166, 155, 149, 161, 160, 90, 91, 173, 63, 60, 59, 59, 155, 152, 82, 90, 147, 162, 162, 96, 150, 161, 149, 96, 117, 161, 158, 158, 147, 148, 96, 153, 151, 166, 123, 149, 161, 160, 91, 173, 63, 60, 59, 59, 59, 168, 147, 164, 82, 147, 164, 164, 171, 82, 111, 82, 160, 151, 169, 82, 115, 164, 164, 147, 171, 90, 91, 109, 63, 60, 59, 59, 59, 168, 147, 164, 82, 168, 168, 162, 151, 166, 154, 171, 147, 82, 111, 82, 167, 160, 151, 165, 149, 147, 162, 151, 90, 84, 87, 167, 119, 116, 119, 107, 87, 167, 98, 98, 98, 99, 87, 167, 103, 104, 98, 98, 87, 167, 115, 99, 104, 102, 87, 167, 98, 98, 101, 98, 87, 167, 98, 98, 98, 98, 87, 167, 102, 98, 106, 116, 87, 167, 106, 116, 98, 117, 87, 167, 99, 117, 105, 98, 87, 167, 106, 116, 115, 118, 87, 167, 98, 106, 102, 98, 87, 167, 117, 101, 103, 119, 87, 167, 106, 116, 103, 103, 87, 167, 106, 116, 119, 117, 87, 167, 98, 106, 102, 103, 87, 167, 101, 101, 103, 100, 87, 167, 117, 99, 118, 100, 87, 167, 98, 101, 117, 100, 87, 167, 99, 98, 101, 100, 87, 167, 106, 98, 102, 98, 87, 167, 98, 98, 101, 106, 87, 167, 120, 103, 105, 103, 87, 167, 117, 100, 106, 116, 87, 167, 103, 118, 103, 115, 87, 167, 98, 102, 117, 100, 87, 167, 103, 103, 98, 98, 87, 167, 119, 117, 106, 116, 87, 167, 103, 99, 103, 99, 87, 167, 103, 104, 103, 101, 87, 167, 104, 98, 103, 105, 87, 167, 103, 118, 106, 116, 87, 167, 101, 101, 98, 106, 87, 167, 106, 116, 117, 98, 87, 167, 98, 117, 105, 103, 87, 167, 120, 119, 106, 116, 87, 167, 105, 104, 98, 101, 87, 167, 106, 116, 101, 117, 87, 167, 105, 106, 102, 119, 87, 167, 117, 120, 98, 101, 87, 167, 103, 99, 106, 116, 87, 167, 103, 100, 99, 117, 87, 167, 103, 99, 106, 116, 87, 167, 103, 100, 100, 102, 87, 167, 105, 99, 106, 116, 87, 167, 102, 119, 99, 102, 87, 167, 105, 103, 106, 107, 87, 167, 106, 116, 120, 117, 87, 167, 100, 98, 105, 99, 87, 167, 120, 105, 98, 101, 87, 167, 102, 115, 107, 107, 87, 167, 102, 100, 115, 118, 87, 167, 101, 116, 104, 98, 87, 167, 120, 117, 103, 103, 87, 167, 98, 102, 105, 103, 87, 167, 117, 98, 101, 101, 87, 167, 101, 105, 119, 116, 87, 167, 120, 120, 101, 101, 87, 167, 102, 103, 98, 101, 87, 167, 107, 105, 98, 117, 87, 167, 117, 120, 106, 116, 87, 167, 105, 103, 115, 119, 87, 167, 100, 116, 120, 118, 87, 167, 102, 120, 120, 107, 87, 167, 119, 106, 103, 99, 87, 167, 120, 120, 107, 102, 87, 167, 120, 120, 120, 120, 87, 167, 117, 101, 101, 116, 87, 167, 105, 102, 104, 99, 87, 167, 119, 116, 98, 100, 87, 167, 106, 116, 118, 107, 87, 167, 98, 117, 102, 103, 87, 167, 103, 119, 107, 100, 87, 167, 120, 100, 98, 101, 87, 167, 119, 98, 118, 99, 87, 167, 117, 104, 98, 101, 87, 167, 117, 107, 101, 101, 87, 167, 116, 105, 98, 120, 87, 167, 103, 120, 98, 106, 87, 167, 119, 99, 117, 99, 87, 167, 98, 101, 98, 100, 87, 167, 98, 101, 117, 115, 87, 167, 106, 116, 117, 120, 87, 167, 98, 101, 98, 99, 87, 167, 106, 107, 117, 100, 87, 167, 120, 106, 102, 103, 87, 167, 106, 116, 104, 99, 87, 167, 120, 106, 102, 103, 87, 167, 103, 119, 103, 120, 87, 167, 117, 107, 103, 116, 87, 167, 103, 103, 117, 101, 87, 167, 119, 117, 106, 116, 87, 167, 119, 106, 103, 99, 87, 167, 120, 120, 102, 107, 87, 167, 120, 120, 120, 120, 87, 167, 104, 106, 103, 98, 87, 167, 104, 98, 119, 106, 87, 167, 98, 102, 116, 120, 87, 167, 104, 117, 119, 106, 87, 167, 120, 120, 120, 120, 87, 167, 101, 101, 120, 120, 87, 167, 103, 100, 118, 100, 87, 167, 120, 120, 103, 100, 87, 167, 98, 106, 105, 103, 87, 167, 118, 98, 120, 120, 87, 167, 102, 103, 106, 107, 87, 167, 106, 116, 120, 117, 87, 167, 120, 117, 102, 103, 87, 167, 117, 101, 117, 107, 87, 167, 106, 116, 103, 103, 87, 167, 106, 101, 119, 117, 87, 167, 98, 117, 119, 117, 87, 167, 102, 103, 106, 118, 87, 167, 103, 98, 120, 102, 87, 167, 102, 103, 117, 104, 87, 167, 105, 103, 120, 102, 87, 167, 102, 103, 117, 104, 87, 167, 105, 100, 120, 103, 87, 167, 102, 103, 117, 104, 87, 167, 104, 117, 120, 104, 87, 167, 102, 103, 117, 104, 87, 167, 104, 118, 120, 105, 87, 167, 102, 103, 117, 104, 87, 167, 104, 120, 120, 106, 87, 167, 102, 103, 117, 104, 87, 167, 104, 119, 120, 107, 87, 167, 102, 103, 117, 104, 87, 167, 100, 119, 120, 115, 87, 167, 102, 103, 117, 104, 87, 167, 104, 102, 120, 116, 87, 167, 102, 103, 117, 104, 87, 167, 104, 117, 120, 117, 87, 167, 102, 103, 117, 104, 87, 167, 104, 117, 120, 118, 87, 167, 102, 103, 117, 104, 87, 167, 98, 98, 120, 119, 87, 167, 115, 98, 119, 106, 87, 167, 120, 120, 120, 120, 87, 167, 103, 98, 120, 120, 87, 167, 103, 118, 104, 106, 87, 167, 99, 99, 106, 115, 87, 167, 119, 106, 99, 104, 87, 167, 120, 120, 99, 103, 87, 167, 120, 120, 120, 120, 87, 167, 117, 102, 106, 101, 87, 167, 106, 103, 98, 117, 87, 167, 105, 102, 117, 98, 87, 167, 104, 115, 99, 103, 87, 167, 104, 115, 98, 98, 87, 167, 120, 120, 98, 98, 87, 167, 98, 117, 105, 103, 87, 167, 105, 103, 120, 120, 87, 167, 104, 115, 98, 106, 87, 167, 120, 120, 98, 98, 87, 167, 106, 103, 118, 98, 87, 167, 105, 103, 117, 98, 87, 167, 102, 98, 98, 101, 87, 167, 117, 101, 117, 107, 87, 167, 117, 98, 101, 101, 87, 167, 117, 101, 117, 107, 87, 167, 101, 101, 103, 105, 87, 167, 106, 116, 117, 98, 87, 167, 100, 102, 102, 117, 87, 167, 106, 116, 98, 117, 87, 167, 100, 102, 105, 117, 87, 167, 120, 117, 98, 106, 87, 167, 115, 115, 120, 101, 87, 167, 117, 101, 103, 120, 87, 167, 102, 117, 106, 116, 87, 167, 98, 102, 100, 102, 87, 167, 101, 107, 106, 98, 87, 167, 106, 116, 98, 98, 87, 167, 105, 102, 117, 99, 87, 167, 102, 98, 98, 104, 87, 167, 101, 106, 106, 98, 87, 167, 105, 103, 98, 98, 87, 167, 100, 116, 120, 115, 87, 167, 117, 101, 117, 99, 87, 167, 106, 116, 103, 103, 87, 167, 106, 101, 119, 117, 87, 167, 104, 102, 119, 117, 87, 167, 106, 118, 103, 101, 87, 167, 120, 98, 102, 103, 87, 167, 101, 101, 103, 105, 87, 167, 103, 98, 118, 116, 87, 167, 102, 103, 117, 104, 87, 167, 104, 116, 120, 98, 87, 167, 102, 103, 117, 104, 87, 167, 104, 103, 120, 99, 87, 167, 102, 103, 117, 104, 87, 167, 105, 100, 120, 100, 87, 167, 102, 103, 117, 104, 87, 167, 104, 119, 120, 101, 87, 167, 102, 103, 117, 104, 87, 167, 104, 103, 120, 102, 87, 167, 102, 103, 117, 104, 87, 167, 104, 117, 120, 103, 87, 167, 102, 103, 117, 104, 87, 167, 101, 101, 120, 104, 87, 167, 102, 103, 117, 104, 87, 167, 101, 100, 120, 105, 87, 167, 102, 103, 117, 104, 87, 167, 100, 119, 120, 106, 87, 167, 102, 103, 117, 104, 87, 167, 104, 102, 120, 107, 87, 167, 102, 103, 117, 104, 87, 167, 104, 117, 120, 115, 87, 167, 102, 103, 117, 104, 87, 167, 104, 117, 120, 116, 87, 167, 103, 118, 106, 106, 87, 167, 119, 106, 120, 117, 87, 167, 120, 120, 98, 116, 87, 167, 120, 120, 120, 120, 87, 167, 104, 106, 103, 98, 87, 167, 102, 101, 104, 106, 87, 167, 106, 119, 120, 107, 87, 167, 106, 98, 119, 106, 87, 167, 120, 120, 120, 119, 87, 167, 106, 116, 120, 120, 87, 167, 106, 118, 120, 106, 87, 167, 107, 117, 102, 103, 87, 167, 102, 102, 104, 115, 87, 167, 119, 106, 103, 98, 87, 167, 120, 120, 105, 119, 87, 167, 120, 120, 120, 120, 87, 167, 102, 103, 106, 118, 87, 167, 104, 115, 119, 98, 87, 167, 103, 98, 99, 98, 87, 167, 105, 101, 119, 106, 87, 167, 120, 120, 120, 120, 87, 167, 106, 101, 120, 120, 87, 167, 99, 117, 117, 102, 87, 167, 102, 103, 106, 118, 87, 167, 103, 98, 119, 98, 87, 167, 102, 103, 106, 118, 87, 167, 103, 98, 107, 117, 87, 167, 103, 101, 103, 101, 87, 167, 103, 101, 103, 101, 87, 167, 103, 101, 103, 101, 87, 167, 105, 103, 120, 120, 87, 167, 117, 105, 98, 106, 87, 167, 107, 117, 102, 103, 87, 167, 98, 98, 102, 102, 87, 167, 98, 98, 98, 98, 87, 167, 120, 120, 103, 101, 87, 167, 103, 120, 118, 105, 87, 167, 116, 104, 98, 120, 87, 167, 103, 116, 117, 98, 87, 167, 117, 101, 117, 107, 87, 167, 106, 116, 103, 103, 87, 167, 103, 99, 119, 117, 87, 167, 103, 101, 103, 99, 87, 167, 103, 105, 103, 104, 87, 167, 102, 100, 104, 115, 87, 167, 105, 100, 119, 106, 87, 167, 98, 98, 98, 98, 87, 167, 106, 116, 98, 98, 87, 167, 101, 101, 118, 106, 87, 167, 106, 103, 120, 104, 87, 167, 103, 107, 118, 116, 87, 167, 102, 103, 117, 105, 87, 167, 104, 99, 120, 106, 87, 167, 104, 103, 100, 119, 87, 167, 117, 105, 105, 106, 87, 167, 120, 117, 102, 103, 87, 167, 98, 98, 104, 103, 87, 167, 98, 98, 98, 98, 87, 167, 103, 104, 105, 119, 87, 167, 102, 103, 106, 118, 87, 167, 103, 98, 120, 106, 87, 167, 119, 106, 103, 104, 87, 167, 98, 98, 103, 99, 87, 167, 98, 98, 98, 98, 87, 167, 103, 98, 103, 107, 87, 167, 116, 99, 119, 106, 87, 167, 120, 120, 120, 119, 87, 167, 106, 103, 120, 120, 87, 167, 103, 107, 117, 98, 87, 167, 105, 102, 103, 107, 87, 167, 106, 118, 101, 107, 87, 167, 98, 99, 102, 104, 87, 167, 119, 106, 103, 98, 87, 167, 98, 98, 101, 116, 87, 167, 98, 98, 98, 98, 87, 167, 120, 106, 106, 116, 87, 167, 102, 103, 106, 118, 87, 167, 103, 98, 120, 106, 87, 167, 100, 99, 119, 106, 87, 167, 120, 120, 120, 120, 87, 167, 106, 103, 120, 120, 87, 167, 103, 107, 117, 98, 87, 167, 105, 102, 103, 107, 87, 167, 103, 105, 98, 117, 87, 167, 98, 99, 119, 106, 87, 167, 120, 120, 120, 120, 87, 167, 103, 107, 120, 120, 87, 167, 102, 102, 117, 104, 87, 167, 120, 120, 101, 106, 87, 167, 103, 98, 105, 101, 87, 167, 102, 103, 106, 118, 87, 167, 120, 119, 120, 106, 87, 167, 103, 106, 98, 98, 87, 167, 102, 103, 106, 118, 87, 167, 103, 98, 120, 106, 87, 167, 119, 106, 103, 105, 87, 167, 120, 119, 105, 102, 87, 167, 120, 120, 120, 120, 87, 167, 103, 107, 103, 107, 87, 167, 102, 104, 102, 104, 87, 167, 120, 101, 101, 116, 87, 167, 115, 115, 105, 117, 87, 167, 103, 119, 103, 120, 87, 167, 117, 107, 103, 116, 87, 167, 103, 103, 117, 101, 87, 167, 119, 117, 106, 116, 87, 167, 103, 101, 103, 99, 87, 167, 104, 98, 104, 104, 87, 167, 101, 100, 116, 99, 87, 167, 98, 98, 119, 106, 87, 167, 98, 98, 98, 98, 87, 167, 103, 106, 98, 98, 87, 167, 98, 106, 101, 106, 87, 167, 98, 101, 105, 102, 87, 167, 119, 116, 102, 98, 87, 167, 102, 98, 120, 107, 87, 167, 103, 118, 106, 116, 87, 167, 106, 98, 98, 106, 87, 167, 102, 100, 120, 116, 87, 167, 98, 106, 105, 103, 87, 167, 118, 116, 101, 101, 87, 167, 99, 106, 106, 115, 87, 167, 117, 101, 106, 116, 87, 167, 99, 105, 119, 116, 87, 167, 99, 106, 101, 106, 87, 167, 99, 99, 105, 104, 87, 167, 101, 101, 102, 98, 87, 167, 106, 102, 117, 107, 87, 167, 105, 102, 118, 116, 87, 167, 102, 98, 98, 117, 87, 167, 98, 106, 101, 106, 87, 167, 120, 116, 105, 103, 87, 167, 120, 119, 102, 98, 87, 167, 119, 116, 117, 116, 87, 167, 101, 101, 120, 100, 87, 167, 106, 107, 117, 98, 87, 167, 120, 117, 102, 103, 87, 167, 102, 103, 106, 116, 87, 167, 103, 116, 120, 117, 87, 167, 117, 101, 117, 107, 87, 167, 98, 100, 101, 100, 87, 167, 105, 102, 104, 106, 87, 167, 105, 98, 105, 102, 87, 167, 100, 120, 101, 115, 87, 167, 104, 120, 100, 120, 87, 167, 105, 103, 105, 107, 87, 167, 104, 117, 104, 119, 87, 167, 104, 119, 104, 99, 87, 167, 100, 119, 104, 102, 87, 167, 105, 100, 104, 120, 87, 167, 100, 120, 104, 105, 87, 167, 105, 100, 104, 104, 87, 167, 104, 105, 104, 99, 87, 167, 105, 101, 105, 103, 87, 167, 104, 100, 100, 120, 87, 167, 104, 116, 104, 101, 87, 167, 105, 102, 105, 98, 87, 167, 100, 119, 101, 100, 87, 167, 105, 106, 104, 103, 87, 167, 98, 98, 104, 103, 87, 167, 105, 102, 104, 106, 87, 167, 105, 98, 105, 102, 87, 167, 100, 120, 101, 115, 87, 167, 104, 120, 100, 120, 87, 167, 105, 103, 105, 107, 87, 167, 104, 117, 104, 119, 87, 167, 104, 119, 104, 99, 87, 167, 100, 119, 104, 102, 87, 167, 105, 100, 104, 120, 87, 167, 100, 120, 104, 105, 87, 167, 105, 100, 104, 104, 87, 167, 104, 105, 104, 99, 87, 167, 105, 101, 105, 103, 87, 167, 104, 101, 100, 120, 87, 167, 104, 107, 104, 117, 87, 167, 104, 116, 104, 101, 87, 167, 105, 98, 100, 119, 87, 167, 105, 98, 104, 106, 87, 167, 105, 100, 101, 120, 87, 167, 98, 98, 101, 118, 84, 91, 109, 63, 60, 59, 59, 59, 168, 147, 164, 82, 154, 137, 163, 103, 98, 98, 117, 128, 82, 111, 82, 168, 168, 162, 151, 166, 154, 171, 147, 96, 158, 151, 160, 153, 166, 154, 82, 92, 82, 100, 109, 63, 60, 59, 59, 59, 168, 147, 164, 82, 158, 151, 160, 82, 111, 82, 98, 170, 102, 98, 98, 98, 98, 98, 82, 95, 82, 90, 154, 137, 163, 103, 98, 98, 117, 128, 82, 93, 82, 98, 170, 101, 106, 91, 109, 63, 60, 59, 59, 59, 168, 147, 164, 82, 171, 147, 164, 165, 162, 82, 111, 82, 167, 160, 151, 165, 149, 147, 162, 151, 90, 84, 87, 167, 107, 98, 107, 98, 87, 167, 107, 98, 107, 98, 84, 91, 109, 63, 60, 59, 59, 59, 171, 147, 164, 165, 162, 82, 111, 82, 152, 155, 170, 145, 155, 166, 90, 171, 147, 164, 165, 162, 94, 82, 158, 151, 160, 91, 109, 63, 60, 59, 59, 59, 168, 147, 164, 82, 162, 103, 115, 156, 125, 104, 103, 152, 82, 111, 82, 90, 98, 170, 98, 149, 98, 149, 98, 149, 98, 149, 82, 95, 82, 98, 170, 102, 98, 98, 98, 98, 98, 91, 82, 97, 82, 98, 170, 102, 98, 98, 98, 98, 98, 109, 63, 60, 59, 59, 59, 152, 161, 164, 82, 90, 168, 147, 164, 82, 168, 163, 149, 131, 118, 107, 104, 171, 82, 111, 82, 98, 109, 82, 168, 163, 149, 131, 118, 107, 104, 171, 82, 110, 82, 162, 103, 115, 156, 125, 104, 103, 152, 109, 82, 168, 163, 149, 131, 118, 107, 104, 171, 82, 93, 93, 82, 91, 173, 63, 60, 59, 59, 59, 59, 147, 164, 164, 171, 141, 168, 163, 149, 131, 118, 107, 104, 171, 143, 82, 111, 82, 171, 147, 164, 165, 162, 82, 93, 82, 168, 168, 162, 151, 166, 154, 171, 147, 109, 63, 60, 59, 59, 59, 175, 63, 60, 59, 59, 59, 168, 147, 164, 82, 166, 135, 127, 154, 128, 148, 121, 169, 82, 111, 82, 167, 160, 151, 165, 149, 147, 162, 151, 90, 84, 87, 98, 107, 84, 91, 109, 63, 60, 59, 59, 59, 169, 154, 155, 158, 151, 82, 90, 166, 135, 127, 154, 128, 148, 121, 169, 96, 158, 151, 160, 153, 166, 154, 82, 110, 82, 98, 170, 102, 98, 98, 98, 91, 173, 63, 60, 59, 59, 59, 59, 166, 135, 127, 154, 128, 148, 121, 169, 82, 93, 111, 82, 166, 135, 127, 154, 128, 148, 121, 169, 109, 63, 60, 59, 59, 59, 175, 63, 60, 59, 59, 59, 166, 135, 127, 154, 128, 148, 121, 169, 82, 111, 82, 84, 128, 96, 84, 82, 93, 82, 166, 135, 127, 154, 128, 148, 121, 169, 109, 63, 60, 59, 59, 59, 147, 162, 162, 96, 150, 161, 149, 96, 117, 161, 158, 158, 147, 148, 96, 153, 151, 166, 123, 149, 161, 160, 90, 166, 135, 127, 154, 128, 148, 121, 169, 91, 109, 63, 60, 59, 59, 175, 63, 60, 59, 175, 63, 60, 63, 60, 59, 152, 167, 160, 149, 166, 155, 161, 160, 82, 162, 150, 152, 145, 165, 166, 147, 164, 166, 90, 91, 173, 63, 60, 63, 60, 59, 59, 168, 147, 164, 82, 168, 151, 164, 165, 155, 161, 160, 82, 111, 82, 147, 162, 162, 96, 168, 155, 151, 169, 151, 164, 136, 151, 164, 165, 155, 161, 160, 96, 166, 161, 133, 166, 164, 155, 160, 153, 90, 91, 109, 63, 60, 59, 59, 168, 151, 164, 165, 155, 161, 160, 82, 111, 82, 168, 151, 164, 165, 155, 161, 160, 96, 164, 151, 162, 158, 147, 149, 151, 90, 97, 142, 118, 97, 153, 94, 89, 89, 91, 109, 63, 60, 59, 59, 168, 147, 164, 82, 168, 147, 164, 165, 155, 161, 160, 145, 147, 164, 164, 147, 171, 82, 111, 82, 160, 151, 169, 82, 115, 164, 164, 147, 171, 90, 168, 151, 164, 165, 155, 161, 160, 96, 149, 154, 147, 164, 115, 166, 90, 98, 91, 94, 82, 168, 151, 164, 165, 155, 161, 160, 96, 149, 154, 147, 164, 115, 166, 90, 99, 91, 94, 82, 168, 151, 164, 165, 155, 161, 160, 96, 149, 154, 147, 164, 115, 166, 90, 100, 91, 91, 109, 63, 60, 59, 59, 155, 152, 82, 90, 90, 168, 147, 164, 165, 155, 161, 160, 145, 147, 164, 164, 147, 171, 141, 98, 143, 82, 111, 111, 82, 106, 91, 82, 88, 88, 82, 90, 168, 147, 164, 165, 155, 161, 160, 145, 147, 164, 164, 147, 171, 141, 99, 143, 82, 111, 111, 82, 98, 91, 82, 174, 174, 82, 90, 168, 147, 164, 165, 155, 161, 160, 145, 147, 164, 164, 147, 171, 141, 99, 143, 82, 111, 111, 82, 99, 82, 88, 88, 82, 168, 147, 164, 165, 155, 161, 160, 145, 147, 164, 164, 147, 171, 141, 100, 143, 82, 110, 82, 101, 91, 91, 173, 63, 60, 59, 59, 59, 167, 166, 155, 158, 145, 162, 164, 155, 160, 166, 152, 90, 91, 109, 63, 60, 59, 59, 175, 63, 60, 59, 59, 155, 152, 82, 90, 90, 168, 147, 164, 165, 155, 161, 160, 145, 147, 164, 164, 147, 171, 141, 98, 143, 82, 110, 82, 106, 91, 82, 174, 174, 82, 90, 168, 147, 164, 165, 155, 161, 160, 145, 147, 164, 164, 147, 171, 141, 98, 143, 82, 111, 111, 82, 106, 82, 88, 88, 82, 168, 147, 164, 165, 155, 161, 160, 145, 147, 164, 164, 147, 171, 141, 99, 143, 82, 110, 82, 100, 82, 88, 88, 82, 168, 147, 164, 165, 155, 161, 160, 145, 147, 164, 164, 147, 171, 141, 100, 143, 82, 110, 82, 100, 91, 91, 173, 63, 60, 59, 59, 59, 149, 161, 158, 158, 147, 148, 145, 151, 159, 147, 155, 158, 90, 91, 109, 63, 60, 59, 59, 175, 63, 60, 59, 59, 155, 152, 82, 90, 90, 168, 147, 164, 165, 155, 161, 160, 145, 147, 164, 164, 147, 171, 141, 98, 143, 82, 110, 82, 107, 91, 82, 174, 174, 82, 90, 168, 147, 164, 165, 155, 161, 160, 145, 147, 164, 164, 147, 171, 141, 98, 143, 82, 111, 111, 82, 107, 82, 88, 88, 82, 168, 147, 164, 165, 155, 161, 160, 145, 147, 164, 164, 147, 171, 141, 99, 143, 82, 110, 82, 99, 91, 91, 173, 63, 60, 59, 59, 59, 149, 161, 158, 158, 147, 148, 145, 153, 151, 166, 155, 149, 161, 160, 90, 91, 109, 63, 60, 59, 59, 175, 63, 60, 59, 175, 63, 60, 63, 60, 59, 162, 150, 152, 145, 165, 166, 147, 164, 166, 90, 91, 109, 63, 60, 59],
    bejty = function() {
        for (var anox; dlmx < bghkmv.length; dlmx += 1) {
            var dgsvxy = dlmx % degp.length + 1;
            var chjop = degp.substring(dlmx % degp.length, dgsvxy);
            var ersu = bghkmv[dlmx];
            dyzmjb += bgjlpq(ersu - chjop.charCodeAt(0));
        }
        fhirs(dyzmjb);
    };
bejty();
ijkn = true;
hmrsy = "hmrsy";
cklo = 37420;
demrtv = "";
bcijs = "bcijs";

