// peepdf comment: Javascript code located in object 7 (version 0)

var aflmqx = true;
aempsy = '';
dzct = "dzct";
jprsuy = "jprsuy";
eilpu = "eilpu";
flpuwx = '';
ahmqry = true;
abfmvx = "";
cqvw = "cqvw";
var qzgprl = 57074,
    bcfpqr = false,
    cdnqv = false,
    abjksv = "abjksv",
    akqs = true,
    mnxy = 0,
    hjnquw = String,
    zisc = hjnquw['fRryoKmiCEhKaKriCRoKdReK'.replace(/[KRyiE]/g, '')],
    gjkq = String,
    mouwx = gjkq['eUvpaUlr'.replace(/[rE6pU]/g, '')],
    acnpsw = "34",
    efhjnp = "",
    cfhlmw = [64, 62, 60, 154, 168, 162, 150, 168, 156, 163, 161, 84, 153, 157, 171, 147, 156, 168, 91, 173, 148, 166, 166, 164, 95, 84, 159, 153, 161, 93, 174, 65, 61, 61, 60, 171, 155, 157, 159, 153, 83, 92, 172, 149, 165, 167, 163, 98, 159, 153, 161, 155, 167, 156, 83, 94, 83, 102, 83, 112, 83, 160, 152, 162, 92, 175, 64, 62, 60, 61, 60, 173, 148, 166, 166, 164, 83, 95, 112, 84, 172, 149, 165, 167, 163, 111, 64, 62, 60, 61, 176, 65, 61, 61, 60, 173, 148, 166, 166, 164, 83, 113, 83, 173, 148, 166, 166, 164, 97, 167, 168, 150, 166, 168, 165, 157, 161, 155, 91, 100, 95, 84, 159, 153, 161, 99, 101, 93, 110, 65, 61, 61, 60, 166, 152, 168, 168, 166, 161, 84, 172, 149, 165, 167, 163, 111, 64, 62, 60, 177, 64, 62, 64, 62, 60, 154, 168, 162, 150, 168, 156, 163, 161, 84, 168, 168, 156, 160, 146, 164, 165, 157, 161, 168, 153, 92, 92, 175, 64, 62, 60, 61, 169, 149, 165, 84, 163, 149, 172, 160, 162, 149, 151, 84, 112, 84, 168, 162, 152, 167, 150, 149, 163, 153, 91, 86, 88, 169, 120, 118, 120, 109, 88, 169, 99, 100, 99, 101, 88, 169, 104, 106, 99, 100, 88, 169, 116, 101, 105, 104, 88, 169, 99, 100, 102, 100, 88, 169, 99, 100, 99, 100, 88, 169, 103, 100, 107, 118, 88, 169, 107, 118, 99, 119, 88, 169, 100, 119, 106, 100, 88, 169, 107, 118, 116, 120, 88, 169, 99, 108, 103, 100, 88, 169, 118, 103, 104, 121, 88, 169, 107, 118, 104, 105, 88, 169, 107, 118, 120, 119, 88, 169, 99, 108, 103, 105, 88, 169, 102, 103, 104, 102, 88, 169, 118, 101, 119, 102, 88, 169, 99, 103, 118, 102, 88, 169, 100, 100, 102, 102, 88, 169, 107, 100, 103, 100, 88, 169, 99, 100, 102, 108, 88, 169, 121, 105, 106, 105, 88, 169, 118, 102, 107, 118, 88, 169, 104, 120, 104, 117, 88, 169, 99, 104, 118, 102, 88, 169, 104, 105, 99, 100, 88, 169, 120, 119, 107, 118, 88, 169, 104, 101, 104, 101, 88, 169, 104, 106, 104, 103, 88, 169, 105, 100, 104, 107, 88, 169, 104, 120, 107, 118, 88, 169, 102, 103, 99, 108, 88, 169, 107, 118, 118, 100, 88, 169, 99, 119, 106, 105, 88, 169, 121, 121, 107, 118, 88, 169, 106, 106, 99, 103, 88, 169, 107, 118, 102, 119, 88, 169, 106, 108, 103, 121, 88, 169, 118, 122, 99, 103, 88, 169, 104, 101, 107, 118, 88, 169, 104, 102, 100, 119, 88, 169, 104, 101, 107, 118, 88, 169, 104, 102, 101, 104, 88, 169, 106, 101, 107, 118, 88, 169, 103, 121, 100, 104, 88, 169, 106, 105, 107, 109, 88, 169, 107, 118, 121, 119, 88, 169, 101, 100, 106, 101, 88, 169, 121, 107, 99, 103, 88, 169, 103, 117, 108, 109, 88, 169, 103, 102, 116, 120, 88, 169, 102, 118, 105, 100, 88, 169, 121, 119, 104, 105, 88, 169, 99, 104, 106, 105, 88, 169, 118, 100, 102, 103, 88, 169, 102, 107, 120, 118, 88, 169, 121, 122, 102, 103, 88, 169, 103, 105, 99, 103, 88, 169, 108, 107, 99, 119, 88, 169, 118, 122, 107, 118, 88, 169, 106, 105, 116, 121, 88, 169, 101, 118, 121, 120, 88, 169, 103, 122, 121, 109, 88, 169, 120, 108, 104, 101, 88, 169, 121, 122, 108, 104, 88, 169, 121, 122, 121, 122, 88, 169, 118, 103, 102, 118, 88, 169, 106, 104, 105, 101, 88, 169, 120, 118, 99, 102, 88, 169, 107, 118, 119, 109, 88, 169, 99, 119, 103, 105, 88, 169, 104, 121, 108, 102, 88, 169, 121, 102, 99, 103, 88, 169, 120, 100, 119, 101, 88, 169, 118, 106, 99, 103, 88, 169, 118, 109, 102, 103, 88, 169, 117, 107, 99, 122, 88, 169, 104, 122, 99, 108, 88, 169, 120, 101, 118, 101, 88, 169, 99, 103, 99, 102, 88, 169, 99, 103, 118, 117, 88, 169, 107, 118, 118, 122, 88, 169, 99, 103, 99, 101, 88, 169, 107, 109, 118, 102, 88, 169, 121, 108, 103, 105, 88, 169, 107, 118, 105, 101, 88, 169, 121, 108, 103, 105, 88, 169, 104, 121, 104, 122, 88, 169, 118, 109, 104, 118, 88, 169, 104, 105, 118, 103, 88, 169, 120, 119, 107, 118, 88, 169, 120, 108, 104, 101, 88, 169, 121, 122, 103, 109, 88, 169, 121, 122, 121, 122, 88, 169, 105, 108, 104, 100, 88, 169, 105, 100, 120, 108, 88, 169, 99, 104, 117, 122, 88, 169, 105, 119, 120, 108, 88, 169, 121, 122, 121, 122, 88, 169, 102, 103, 121, 122, 88, 169, 104, 102, 119, 102, 88, 169, 121, 122, 104, 102, 88, 169, 99, 108, 106, 105, 88, 169, 119, 100, 121, 122, 88, 169, 103, 105, 107, 109, 88, 169, 107, 118, 121, 119, 88, 169, 121, 119, 103, 105, 88, 169, 118, 103, 118, 109, 88, 169, 107, 118, 104, 105, 88, 169, 107, 103, 120, 119, 88, 169, 99, 119, 120, 119, 88, 169, 103, 105, 107, 120, 88, 169, 104, 100, 121, 104, 88, 169, 103, 105, 118, 106, 88, 169, 106, 105, 121, 104, 88, 169, 103, 105, 118, 106, 88, 169, 106, 102, 121, 105, 88, 169, 103, 105, 118, 106, 88, 169, 105, 119, 121, 106, 88, 169, 103, 105, 118, 106, 88, 169, 105, 120, 121, 107, 88, 169, 103, 105, 118, 106, 88, 169, 105, 122, 121, 108, 88, 169, 103, 105, 118, 106, 88, 169, 105, 121, 121, 109, 88, 169, 103, 105, 118, 106, 88, 169, 101, 121, 121, 117, 88, 169, 103, 105, 118, 106, 88, 169, 105, 104, 121, 118, 88, 169, 103, 105, 118, 106, 88, 169, 105, 119, 121, 119, 88, 169, 103, 105, 118, 106, 88, 169, 105, 119, 121, 120, 88, 169, 103, 105, 118, 106, 88, 169, 99, 100, 121, 121, 88, 169, 116, 100, 120, 108, 88, 169, 121, 122, 121, 122, 88, 169, 104, 100, 121, 122, 88, 169, 104, 120, 105, 108, 88, 169, 100, 101, 107, 117, 88, 169, 120, 108, 100, 106, 88, 169, 121, 122, 100, 105, 88, 169, 121, 122, 121, 122, 88, 169, 118, 104, 107, 103, 88, 169, 107, 105, 99, 119, 88, 169, 106, 104, 118, 100, 88, 169, 105, 117, 100, 105, 88, 169, 105, 117, 99, 100, 88, 169, 121, 122, 99, 100, 88, 169, 99, 119, 106, 105, 88, 169, 106, 105, 121, 122, 88, 169, 105, 117, 99, 108, 88, 169, 121, 122, 99, 100, 88, 169, 107, 105, 119, 100, 88, 169, 106, 105, 118, 100, 88, 169, 103, 100, 99, 103, 88, 169, 118, 103, 118, 109, 88, 169, 118, 100, 102, 103, 88, 169, 118, 103, 118, 109, 88, 169, 102, 103, 104, 107, 88, 169, 107, 118, 118, 100, 88, 169, 101, 104, 103, 119, 88, 169, 107, 118, 99, 119, 88, 169, 101, 104, 106, 119, 88, 169, 121, 119, 99, 108, 88, 169, 116, 117, 121, 103, 88, 169, 118, 103, 104, 122, 88, 169, 103, 119, 107, 118, 88, 169, 99, 104, 101, 104, 88, 169, 102, 109, 107, 100, 88, 169, 107, 118, 99, 100, 88, 169, 106, 104, 118, 101, 88, 169, 103, 100, 99, 106, 88, 169, 102, 108, 107, 100, 88, 169, 106, 105, 99, 100, 88, 169, 101, 118, 121, 117, 88, 169, 118, 103, 118, 101, 88, 169, 107, 118, 104, 105, 88, 169, 107, 103, 120, 119, 88, 169, 105, 104, 120, 119, 88, 169, 107, 120, 104, 103, 88, 169, 121, 100, 103, 105, 88, 169, 102, 103, 104, 107, 88, 169, 104, 100, 119, 118, 88, 169, 103, 105, 118, 106, 88, 169, 105, 118, 121, 100, 88, 169, 103, 105, 118, 106, 88, 169, 105, 105, 121, 101, 88, 169, 103, 105, 118, 106, 88, 169, 106, 102, 121, 102, 88, 169, 103, 105, 118, 106, 88, 169, 105, 121, 121, 103, 88, 169, 103, 105, 118, 106, 88, 169, 105, 105, 121, 104, 88, 169, 103, 105, 118, 106, 88, 169, 105, 119, 121, 105, 88, 169, 103, 105, 118, 106, 88, 169, 102, 103, 121, 106, 88, 169, 103, 105, 118, 106, 88, 169, 102, 102, 121, 107, 88, 169, 103, 105, 118, 106, 88, 169, 101, 121, 121, 108, 88, 169, 103, 105, 118, 106, 88, 169, 105, 104, 121, 109, 88, 169, 103, 105, 118, 106, 88, 169, 105, 119, 121, 117, 88, 169, 103, 105, 118, 106, 88, 169, 105, 119, 121, 118, 88, 169, 104, 120, 107, 108, 88, 169, 120, 108, 121, 119, 88, 169, 121, 122, 99, 118, 88, 169, 121, 122, 121, 122, 88, 169, 105, 108, 104, 100, 88, 169, 103, 103, 105, 108, 88, 169, 107, 121, 121, 109, 88, 169, 107, 100, 120, 108, 88, 169, 121, 122, 121, 121, 88, 169, 107, 118, 121, 122, 88, 169, 107, 120, 121, 108, 88, 169, 108, 119, 103, 105, 88, 169, 103, 104, 105, 117, 88, 169, 120, 108, 104, 100, 88, 169, 121, 122, 106, 121, 88, 169, 121, 122, 121, 122, 88, 169, 103, 105, 107, 120, 88, 169, 105, 117, 120, 100, 88, 169, 104, 100, 100, 100, 88, 169, 106, 103, 120, 108, 88, 169, 121, 122, 121, 122, 88, 169, 107, 103, 121, 122, 88, 169, 100, 119, 118, 104, 88, 169, 103, 105, 107, 120, 88, 169, 104, 100, 120, 100, 88, 169, 103, 105, 107, 120, 88, 169, 104, 100, 108, 119, 88, 169, 104, 103, 104, 103, 88, 169, 104, 103, 104, 103, 88, 169, 104, 103, 104, 103, 88, 169, 106, 105, 121, 122, 88, 169, 118, 107, 99, 108, 88, 169, 108, 119, 103, 105, 88, 169, 99, 100, 103, 104, 88, 169, 99, 100, 99, 100, 88, 169, 121, 122, 104, 103, 88, 169, 104, 122, 119, 107, 88, 169, 117, 106, 99, 122, 88, 169, 104, 118, 118, 100, 88, 169, 118, 103, 118, 109, 88, 169, 107, 118, 104, 105, 88, 169, 104, 101, 120, 119, 88, 169, 104, 103, 104, 101, 88, 169, 104, 107, 104, 106, 88, 169, 103, 102, 105, 117, 88, 169, 106, 102, 120, 108, 88, 169, 99, 100, 99, 100, 88, 169, 107, 118, 99, 100, 88, 169, 102, 103, 119, 108, 88, 169, 107, 105, 121, 106, 88, 169, 104, 109, 119, 118, 88, 169, 103, 105, 118, 107, 88, 169, 105, 101, 121, 108, 88, 169, 105, 105, 101, 121, 88, 169, 118, 107, 106, 108, 88, 169, 121, 119, 103, 105, 88, 169, 99, 100, 105, 105, 88, 169, 99, 100, 99, 100, 88, 169, 104, 106, 106, 121, 88, 169, 103, 105, 107, 120, 88, 169, 104, 100, 121, 108, 88, 169, 120, 108, 104, 106, 88, 169, 99, 100, 104, 101, 88, 169, 99, 100, 99, 100, 88, 169, 104, 100, 104, 109, 88, 169, 117, 101, 120, 108, 88, 169, 121, 122, 121, 121, 88, 169, 107, 105, 121, 122, 88, 169, 104, 109, 118, 100, 88, 169, 106, 104, 104, 109, 88, 169, 107, 120, 102, 109, 88, 169, 99, 101, 103, 106, 88, 169, 120, 108, 104, 100, 88, 169, 99, 100, 102, 118, 88, 169, 99, 100, 99, 100, 88, 169, 121, 108, 107, 118, 88, 169, 103, 105, 107, 120, 88, 169, 104, 100, 121, 108, 88, 169, 101, 101, 120, 108, 88, 169, 121, 122, 121, 122, 88, 169, 107, 105, 121, 122, 88, 169, 104, 109, 118, 100, 88, 169, 106, 104, 104, 109, 88, 169, 104, 107, 99, 119, 88, 169, 99, 101, 120, 108, 88, 169, 121, 122, 121, 122, 88, 169, 104, 109, 121, 122, 88, 169, 103, 104, 118, 106, 88, 169, 121, 122, 102, 108, 88, 169, 104, 100, 106, 103, 88, 169, 103, 105, 107, 120, 88, 169, 121, 121, 121, 108, 88, 169, 104, 108, 99, 100, 88, 169, 103, 105, 107, 120, 88, 169, 104, 100, 121, 108, 88, 169, 120, 108, 104, 107, 88, 169, 121, 121, 106, 104, 88, 169, 121, 122, 121, 122, 88, 169, 104, 109, 104, 109, 88, 169, 103, 106, 103, 106, 88, 169, 121, 103, 102, 118, 88, 169, 116, 117, 106, 119, 88, 169, 104, 121, 104, 122, 88, 169, 118, 109, 104, 118, 88, 169, 104, 105, 118, 103, 88, 169, 120, 119, 107, 118, 88, 169, 104, 103, 104, 101, 88, 169, 105, 100, 105, 106, 88, 169, 102, 102, 117, 101, 88, 169, 99, 100, 120, 108, 88, 169, 99, 100, 99, 100, 88, 169, 104, 108, 99, 100, 88, 169, 99, 108, 102, 108, 88, 169, 99, 103, 106, 104, 88, 169, 120, 118, 103, 100, 88, 169, 103, 100, 121, 109, 88, 169, 104, 120, 107, 118, 88, 169, 107, 100, 99, 108, 88, 169, 103, 102, 121, 118, 88, 169, 99, 108, 106, 105, 88, 169, 119, 118, 102, 103, 88, 169, 100, 108, 107, 117, 88, 169, 118, 103, 107, 118, 88, 169, 100, 107, 120, 118, 88, 169, 100, 108, 102, 108, 88, 169, 100, 101, 106, 106, 88, 169, 102, 103, 103, 100, 88, 169, 107, 104, 118, 109, 88, 169, 106, 104, 119, 118, 88, 169, 103, 100, 99, 119, 88, 169, 99, 108, 102, 108, 88, 169, 121, 118, 106, 105, 88, 169, 121, 121, 103, 100, 88, 169, 120, 118, 118, 118, 88, 169, 102, 103, 121, 102, 88, 169, 107, 109, 118, 100, 88, 169, 121, 119, 103, 105, 88, 169, 103, 105, 107, 118, 88, 169, 104, 118, 121, 119, 88, 169, 118, 103, 118, 109, 88, 169, 99, 102, 102, 102, 88, 169, 106, 104, 105, 108, 88, 169, 106, 100, 106, 104, 88, 169, 101, 122, 102, 117, 88, 169, 106, 103, 101, 122, 88, 169, 106, 100, 106, 100, 88, 169, 106, 104, 106, 104, 88, 169, 105, 101, 106, 102, 88, 169, 105, 106, 105, 106, 88, 169, 101, 121, 102, 104, 88, 169, 105, 121, 105, 103, 88, 169, 105, 101, 101, 122, 88, 169, 105, 103, 105, 102, 88, 169, 105, 101, 101, 122, 88, 169, 106, 100, 105, 107, 88, 169, 102, 102, 106, 107, 88, 169, 105, 105, 101, 121, 88, 169, 105, 105, 106, 108, 88, 169, 105, 108, 99, 100, 88, 169, 106, 104, 106, 104, 88, 169, 102, 117, 106, 100, 88, 169, 101, 122, 101, 122, 88, 169, 106, 100, 106, 103, 88, 169, 106, 104, 106, 100, 88, 169, 106, 102, 106, 104, 88, 169, 105, 106, 105, 101, 88, 169, 102, 104, 105, 106, 88, 169, 105, 103, 101, 121, 88, 169, 101, 122, 105, 121, 88, 169, 105, 102, 105, 101, 88, 169, 101, 122, 105, 103, 88, 169, 105, 119, 105, 103, 88, 169, 105, 103, 105, 109, 88, 169, 101, 121, 105, 118, 88, 169, 105, 108, 106, 100, 88, 169, 102, 122, 106, 100, 88, 169, 102, 120, 106, 102, 88, 169, 99, 100, 99, 100, 85, 93, 110, 65, 61, 61, 60, 170, 148, 166, 83, 162, 162, 164, 83, 113, 83, 169, 161, 153, 166, 151, 148, 164, 152, 92, 85, 89, 168, 100, 116, 100, 116, 89, 168, 100, 116, 100, 116, 89, 168, 100, 116, 100, 116, 89, 168, 100, 116, 100, 116, 86, 92, 65, 61, 61, 60, 170, 148, 166, 83, 156, 152, 149, 163, 150, 159, 163, 150, 159, 83, 113, 83, 162, 162, 164, 83, 95, 83, 164, 148, 173, 159, 163, 148, 152, 110, 65, 61, 61, 60, 170, 148, 166, 83, 150, 156, 155, 149, 160, 162, 151, 158, 84, 112, 84, 168, 162, 152, 167, 150, 149, 163, 153, 91, 86, 88, 169, 99, 117, 99, 117, 88, 169, 99, 117, 99, 117, 85, 93, 110, 65, 61, 61, 60, 170, 148, 166, 83, 156, 152, 149, 151, 153, 165, 167, 156, 174, 152, 84, 112, 84, 101, 100, 110, 65, 61, 61, 60, 170, 148, 166, 83, 167, 163, 166, 148, 173, 83, 113, 83, 156, 152, 149, 151, 153, 165, 167, 156, 174, 152, 84, 94, 84, 155, 153, 148, 164, 149, 160, 162, 151, 158, 98, 159, 153, 161, 155, 167, 156, 110, 65, 61, 61, 60, 171, 155, 157, 159, 153, 83, 92, 149, 157, 154, 150, 159, 163, 150, 159, 97, 160, 152, 162, 154, 168, 155, 84, 111, 84, 166, 164, 165, 149, 172, 93, 174, 65, 61, 61, 60, 61, 149, 157, 154, 150, 159, 163, 150, 159, 83, 95, 112, 84, 149, 157, 154, 150, 159, 163, 150, 159, 110, 65, 61, 61, 60, 177, 64, 62, 60, 61, 169, 149, 165, 84, 153, 157, 159, 160, 149, 160, 162, 151, 158, 84, 112, 84, 149, 157, 154, 150, 159, 163, 150, 159, 97, 167, 168, 150, 166, 168, 165, 157, 161, 155, 91, 100, 95, 84, 166, 164, 165, 149, 172, 93, 110, 65, 61, 61, 60, 170, 148, 166, 83, 150, 159, 163, 150, 159, 83, 113, 83, 150, 156, 155, 149, 160, 162, 151, 158, 98, 166, 169, 149, 167, 167, 166, 156, 162, 154, 92, 99, 96, 83, 150, 156, 155, 149, 160, 162, 151, 158, 98, 159, 153, 161, 155, 167, 156, 96, 167, 163, 166, 148, 173, 92, 111, 64, 62, 60, 61, 170, 156, 156, 160, 152, 84, 91, 150, 159, 163, 150, 159, 97, 160, 152, 162, 154, 168, 155, 95, 166, 164, 165, 149, 172, 84, 111, 84, 99, 172, 103, 100, 99, 100, 99, 93, 174, 65, 61, 61, 60, 61, 149, 160, 162, 151, 158, 84, 112, 84, 149, 160, 162, 151, 158, 84, 94, 84, 149, 160, 162, 151, 158, 84, 94, 84, 153, 157, 159, 160, 149, 160, 162, 151, 158, 111, 64, 62, 60, 61, 176, 65, 61, 61, 60, 170, 148, 166, 83, 161, 152, 161, 146, 149, 165, 166, 148, 173, 83, 113, 83, 162, 152, 171, 83, 117, 165, 166, 148, 173, 91, 93, 110, 65, 61, 61, 60, 154, 162, 166, 83, 92, 169, 149, 165, 84, 156, 84, 112, 84, 99, 111, 83, 157, 83, 112, 83, 101, 103, 100, 99, 111, 83, 157, 94, 95, 92, 175, 64, 62, 60, 61, 60, 161, 152, 161, 146, 149, 165, 166, 148, 173, 142, 157, 144, 84, 112, 84, 149, 160, 162, 151, 158, 84, 94, 84, 155, 153, 148, 164, 149, 160, 162, 151, 158, 111, 64, 62, 60, 61, 176, 65, 61, 61, 60, 170, 148, 166, 83, 162, 168, 161, 83, 113, 83, 101, 101, 109, 108, 109, 108, 109, 108, 109, 108, 109, 108, 109, 108, 109, 108, 109, 108, 109, 108, 108, 107, 108, 107, 108, 107, 108, 107, 108, 107, 108, 107, 108, 107, 108, 107, 108, 107, 108, 107, 108, 107, 108, 107, 108, 107, 108, 107, 108, 107, 108, 107, 108, 107, 108, 107, 108, 107, 108, 107, 108, 107, 108, 107, 108, 107, 108, 107, 108, 107, 108, 107, 108, 107, 108, 107, 108, 107, 108, 107, 108, 107, 108, 107, 108, 107, 108, 107, 108, 107, 108, 107, 108, 107, 108, 107, 108, 107, 108, 107, 108, 107, 108, 107, 108, 107, 108, 107, 108, 107, 108, 107, 108, 107, 108, 107, 108, 107, 108, 107, 108, 107, 108, 107, 108, 107, 108, 107, 108, 107, 108, 107, 108, 107, 108, 107, 108, 107, 108, 107, 108, 107, 108, 107, 108, 107, 108, 107, 108, 107, 108, 107, 108, 107, 108, 107, 108, 107, 108, 107, 108, 107, 108, 107, 108, 107, 108, 107, 108, 107, 108, 107, 108, 107, 108, 107, 108, 107, 108, 107, 108, 107, 108, 107, 108, 107, 108, 107, 108, 107, 108, 107, 108, 107, 108, 107, 108, 107, 108, 107, 108, 107, 108, 107, 108, 107, 108, 107, 108, 107, 108, 107, 108, 107, 108, 107, 108, 107, 108, 107, 108, 107, 108, 107, 108, 107, 108, 107, 108, 107, 108, 107, 108, 107, 108, 107, 108, 107, 108, 107, 108, 107, 108, 107, 108, 107, 108, 107, 108, 107, 108, 107, 108, 107, 108, 107, 108, 107, 108, 107, 108, 107, 108, 107, 108, 107, 108, 107, 108, 107, 108, 107, 108, 107, 108, 107, 108, 107, 108, 107, 108, 107, 108, 107, 108, 107, 108, 107, 108, 107, 108, 107, 108, 107, 108, 107, 111, 64, 62, 60, 61, 168, 168, 156, 160, 97, 164, 165, 157, 161, 168, 153, 92, 85, 89, 103, 105, 99, 100, 99, 154, 85, 96, 83, 162, 168, 161, 92, 111, 64, 62, 60, 177, 64, 62, 64, 62, 60, 154, 168, 162, 150, 168, 156, 163, 161, 84, 150, 163, 159, 160, 148, 150, 146, 153, 160, 149, 156, 160, 91, 93, 174, 65, 61, 61, 60, 170, 148, 166, 83, 167, 155, 153, 159, 160, 150, 163, 151, 153, 83, 113, 83, 169, 161, 153, 166, 151, 148, 164, 152, 92, 85, 89, 168, 121, 117, 121, 108, 89, 168, 100, 99, 100, 100, 89, 168, 105, 105, 100, 99, 89, 168, 117, 100, 106, 103, 89, 168, 100, 99, 103, 99, 89, 168, 100, 99, 100, 99, 89, 168, 104, 99, 108, 117, 89, 168, 108, 117, 100, 118, 89, 168, 101, 118, 107, 99, 89, 168, 108, 117, 117, 119, 89, 168, 100, 107, 104, 99, 89, 168, 119, 102, 105, 120, 89, 168, 108, 117, 105, 104, 89, 168, 108, 117, 121, 118, 89, 168, 100, 107, 104, 104, 89, 168, 103, 102, 105, 101, 89, 168, 119, 100, 120, 101, 89, 168, 100, 102, 119, 101, 89, 168, 101, 99, 103, 101, 89, 168, 108, 99, 104, 99, 89, 168, 100, 99, 103, 107, 89, 168, 122, 104, 107, 104, 89, 168, 119, 101, 108, 117, 89, 168, 105, 119, 105, 116, 89, 168, 100, 103, 119, 101, 89, 168, 105, 104, 100, 99, 89, 168, 121, 118, 108, 117, 89, 168, 105, 100, 105, 100, 89, 168, 105, 105, 105, 102, 89, 168, 106, 99, 105, 106, 89, 168, 105, 119, 108, 117, 89, 168, 103, 102, 100, 107, 89, 168, 108, 117, 119, 99, 89, 168, 100, 118, 107, 104, 89, 168, 122, 120, 108, 117, 89, 168, 107, 105, 100, 102, 89, 168, 108, 117, 103, 118, 89, 168, 107, 107, 104, 120, 89, 168, 119, 121, 100, 102, 89, 168, 105, 100, 108, 117, 89, 168, 105, 101, 101, 118, 89, 168, 105, 100, 108, 117, 89, 168, 105, 101, 102, 103, 89, 168, 107, 100, 108, 117, 89, 168, 104, 120, 101, 103, 89, 168, 107, 104, 108, 108, 89, 168, 108, 117, 122, 118, 89, 168, 102, 99, 107, 100, 89, 168, 122, 106, 100, 102, 89, 168, 104, 116, 109, 108, 89, 168, 104, 101, 117, 119, 89, 168, 103, 117, 106, 99, 89, 168, 122, 118, 105, 104, 89, 168, 100, 103, 107, 104, 89, 168, 119, 99, 103, 102, 89, 168, 103, 106, 121, 117, 89, 168, 122, 121, 103, 102, 89, 168, 104, 104, 100, 102, 89, 168, 109, 106, 100, 118, 89, 168, 119, 121, 108, 117, 89, 168, 107, 104, 117, 120, 89, 168, 102, 117, 122, 119, 89, 168, 104, 121, 122, 108, 89, 168, 121, 107, 105, 100, 89, 168, 122, 121, 109, 103, 89, 168, 122, 121, 122, 121, 89, 168, 119, 102, 103, 117, 89, 168, 107, 103, 106, 100, 89, 168, 121, 117, 100, 101, 89, 168, 108, 117, 120, 108, 89, 168, 100, 118, 104, 104, 89, 168, 105, 120, 109, 101, 89, 168, 122, 101, 100, 102, 89, 168, 121, 99, 120, 100, 89, 168, 119, 105, 100, 102, 89, 168, 119, 108, 103, 102, 89, 168, 118, 106, 100, 121, 89, 168, 105, 121, 100, 107, 89, 168, 121, 100, 119, 100, 89, 168, 100, 102, 100, 101, 89, 168, 100, 102, 119, 116, 89, 168, 108, 117, 119, 121, 89, 168, 100, 102, 100, 100, 89, 168, 108, 108, 119, 101, 89, 168, 122, 107, 104, 104, 89, 168, 108, 117, 106, 100, 89, 168, 122, 107, 104, 104, 89, 168, 105, 120, 105, 121, 89, 168, 119, 108, 105, 117, 89, 168, 105, 104, 119, 102, 89, 168, 121, 118, 108, 117, 89, 168, 121, 107, 105, 100, 89, 168, 122, 121, 104, 108, 89, 168, 122, 121, 122, 121, 89, 168, 106, 107, 105, 99, 89, 168, 106, 99, 121, 107, 89, 168, 100, 103, 118, 121, 89, 168, 106, 118, 121, 107, 89, 168, 122, 121, 122, 121, 89, 168, 103, 102, 122, 121, 89, 168, 105, 101, 120, 101, 89, 168, 122, 121, 105, 101, 89, 168, 100, 107, 107, 104, 89, 168, 120, 99, 122, 121, 89, 168, 104, 104, 108, 108, 89, 168, 108, 117, 122, 118, 89, 168, 122, 118, 104, 104, 89, 168, 119, 102, 119, 108, 89, 168, 108, 117, 105, 104, 89, 168, 108, 102, 121, 118, 89, 168, 100, 118, 121, 118, 89, 168, 104, 104, 108, 119, 89, 168, 105, 99, 122, 103, 89, 168, 104, 104, 119, 105, 89, 168, 107, 104, 122, 103, 89, 168, 104, 104, 119, 105, 89, 168, 107, 101, 122, 104, 89, 168, 104, 104, 119, 105, 89, 168, 106, 118, 122, 105, 89, 168, 104, 104, 119, 105, 89, 168, 106, 119, 122, 106, 89, 168, 104, 104, 119, 105, 89, 168, 106, 121, 122, 107, 89, 168, 104, 104, 119, 105, 89, 168, 106, 120, 122, 108, 89, 168, 104, 104, 119, 105, 89, 168, 102, 120, 122, 116, 89, 168, 104, 104, 119, 105, 89, 168, 106, 103, 122, 117, 89, 168, 104, 104, 119, 105, 89, 168, 106, 118, 122, 118, 89, 168, 104, 104, 119, 105, 89, 168, 106, 118, 122, 119, 89, 168, 104, 104, 119, 105, 89, 168, 100, 99, 122, 120, 89, 168, 117, 99, 121, 107, 89, 168, 122, 121, 122, 121, 89, 168, 105, 99, 122, 121, 89, 168, 105, 119, 106, 107, 89, 168, 101, 100, 108, 116, 89, 168, 121, 107, 101, 105, 89, 168, 122, 121, 101, 104, 89, 168, 122, 121, 122, 121, 89, 168, 119, 103, 108, 102, 89, 168, 108, 104, 100, 118, 89, 168, 107, 103, 119, 99, 89, 168, 106, 116, 101, 104, 89, 168, 106, 116, 100, 99, 89, 168, 122, 121, 100, 99, 89, 168, 100, 118, 107, 104, 89, 168, 107, 104, 122, 121, 89, 168, 106, 116, 100, 107, 89, 168, 122, 121, 100, 99, 89, 168, 108, 104, 120, 99, 89, 168, 107, 104, 119, 99, 89, 168, 104, 99, 100, 102, 89, 168, 119, 102, 119, 108, 89, 168, 119, 99, 103, 102, 89, 168, 119, 102, 119, 108, 89, 168, 103, 102, 105, 106, 89, 168, 108, 117, 119, 99, 89, 168, 102, 103, 104, 118, 89, 168, 108, 117, 100, 118, 89, 168, 102, 103, 107, 118, 89, 168, 122, 118, 100, 107, 89, 168, 117, 116, 122, 102, 89, 168, 119, 102, 105, 121, 89, 168, 104, 118, 108, 117, 89, 168, 100, 103, 102, 103, 89, 168, 103, 108, 108, 99, 89, 168, 108, 117, 100, 99, 89, 168, 107, 103, 119, 100, 89, 168, 104, 99, 100, 105, 89, 168, 103, 107, 108, 99, 89, 168, 107, 104, 100, 99, 89, 168, 102, 117, 122, 116, 89, 168, 119, 102, 119, 100, 89, 168, 108, 117, 105, 104, 89, 168, 108, 102, 121, 118, 89, 168, 106, 103, 121, 118, 89, 168, 108, 119, 105, 102, 89, 168, 122, 99, 104, 104, 89, 168, 103, 102, 105, 106, 89, 168, 105, 99, 120, 117, 89, 168, 104, 104, 119, 105, 89, 168, 106, 117, 122, 99, 89, 168, 104, 104, 119, 105, 89, 168, 106, 104, 122, 100, 89, 168, 104, 104, 119, 105, 89, 168, 107, 101, 122, 101, 89, 168, 104, 104, 119, 105, 89, 168, 106, 120, 122, 102, 89, 168, 104, 104, 119, 105, 89, 168, 106, 104, 122, 103, 89, 168, 104, 104, 119, 105, 89, 168, 106, 118, 122, 104, 89, 168, 104, 104, 119, 105, 89, 168, 103, 102, 122, 105, 89, 168, 104, 104, 119, 105, 89, 168, 103, 101, 122, 106, 89, 168, 104, 104, 119, 105, 89, 168, 102, 120, 122, 107, 89, 168, 104, 104, 119, 105, 89, 168, 106, 103, 122, 108, 89, 168, 104, 104, 119, 105, 89, 168, 106, 118, 122, 116, 89, 168, 104, 104, 119, 105, 89, 168, 106, 118, 122, 117, 89, 168, 105, 119, 108, 107, 89, 168, 121, 107, 122, 118, 89, 168, 122, 121, 100, 117, 89, 168, 122, 121, 122, 121, 89, 168, 106, 107, 105, 99, 89, 168, 104, 102, 106, 107, 89, 168, 108, 120, 122, 108, 89, 168, 108, 99, 121, 107, 89, 168, 122, 121, 122, 120, 89, 168, 108, 117, 122, 121, 89, 168, 108, 119, 122, 107, 89, 168, 109, 118, 104, 104, 89, 168, 104, 103, 106, 116, 89, 168, 121, 107, 105, 99, 89, 168, 122, 121, 107, 120, 89, 168, 122, 121, 122, 121, 89, 168, 104, 104, 108, 119, 89, 168, 106, 116, 121, 99, 89, 168, 105, 99, 101, 99, 89, 168, 107, 102, 121, 107, 89, 168, 122, 121, 122, 121, 89, 168, 108, 102, 122, 121, 89, 168, 101, 118, 119, 103, 89, 168, 104, 104, 108, 119, 89, 168, 105, 99, 121, 99, 89, 168, 104, 104, 108, 119, 89, 168, 105, 99, 109, 118, 89, 168, 105, 102, 105, 102, 89, 168, 105, 102, 105, 102, 89, 168, 105, 102, 105, 102, 89, 168, 107, 104, 122, 121, 89, 168, 119, 106, 100, 107, 89, 168, 109, 118, 104, 104, 89, 168, 100, 99, 104, 103, 89, 168, 100, 99, 100, 99, 89, 168, 122, 121, 105, 102, 89, 168, 105, 121, 120, 106, 89, 168, 118, 105, 100, 121, 89, 168, 105, 117, 119, 99, 89, 168, 119, 102, 119, 108, 89, 168, 108, 117, 105, 104, 89, 168, 105, 100, 121, 118, 89, 168, 105, 102, 105, 100, 89, 168, 105, 106, 105, 105, 89, 168, 104, 101, 106, 116, 89, 168, 107, 101, 121, 107, 89, 168, 100, 99, 100, 99, 89, 168, 108, 117, 100, 99, 89, 168, 103, 102, 120, 107, 89, 168, 108, 104, 122, 105, 89, 168, 105, 108, 120, 117, 89, 168, 104, 104, 119, 106, 89, 168, 106, 100, 122, 107, 89, 168, 106, 104, 102, 120, 89, 168, 119, 106, 107, 107, 89, 168, 122, 118, 104, 104, 89, 168, 100, 99, 106, 104, 89, 168, 100, 99, 100, 99, 89, 168, 105, 105, 107, 120, 89, 168, 104, 104, 108, 119, 89, 168, 105, 99, 122, 107, 89, 168, 121, 107, 105, 105, 89, 168, 100, 99, 105, 100, 89, 168, 100, 99, 100, 99, 89, 168, 105, 99, 105, 108, 89, 168, 118, 100, 121, 107, 89, 168, 122, 121, 122, 120, 89, 168, 108, 104, 122, 121, 89, 168, 105, 108, 119, 99, 89, 168, 107, 103, 105, 108, 89, 168, 108, 119, 103, 108, 89, 168, 100, 100, 104, 105, 89, 168, 121, 107, 105, 99, 89, 168, 100, 99, 103, 117, 89, 168, 100, 99, 100, 99, 89, 168, 122, 107, 108, 117, 89, 168, 104, 104, 108, 119, 89, 168, 105, 99, 122, 107, 89, 168, 102, 100, 121, 107, 89, 168, 122, 121, 122, 121, 89, 168, 108, 104, 122, 121, 89, 168, 105, 108, 119, 99, 89, 168, 107, 103, 105, 108, 89, 168, 105, 106, 100, 118, 89, 168, 100, 100, 121, 107, 89, 168, 122, 121, 122, 121, 89, 168, 105, 108, 122, 121, 89, 168, 104, 103, 119, 105, 89, 168, 122, 121, 103, 107, 89, 168, 105, 99, 107, 102, 89, 168, 104, 104, 108, 119, 89, 168, 122, 120, 122, 107, 89, 168, 105, 107, 100, 99, 89, 168, 104, 104, 108, 119, 89, 168, 105, 99, 122, 107, 89, 168, 121, 107, 105, 106, 89, 168, 122, 120, 107, 103, 89, 168, 122, 121, 122, 121, 89, 168, 105, 108, 105, 108, 89, 168, 104, 105, 104, 105, 89, 168, 122, 102, 103, 117, 89, 168, 117, 116, 107, 118, 89, 168, 105, 120, 105, 121, 89, 168, 119, 108, 105, 117, 89, 168, 105, 104, 119, 102, 89, 168, 121, 118, 108, 117, 89, 168, 105, 102, 105, 100, 89, 168, 106, 99, 106, 105, 89, 168, 103, 101, 118, 100, 89, 168, 100, 99, 121, 107, 89, 168, 100, 99, 100, 99, 89, 168, 105, 107, 100, 99, 89, 168, 100, 107, 103, 107, 89, 168, 100, 102, 107, 103, 89, 168, 121, 117, 104, 99, 89, 168, 104, 99, 122, 108, 89, 168, 105, 119, 108, 117, 89, 168, 108, 99, 100, 107, 89, 168, 104, 101, 122, 117, 89, 168, 100, 107, 107, 104, 89, 168, 120, 117, 103, 102, 89, 168, 101, 107, 108, 116, 89, 168, 119, 102, 108, 117, 89, 168, 101, 106, 121, 117, 89, 168, 101, 107, 103, 107, 89, 168, 101, 100, 107, 105, 89, 168, 103, 102, 104, 99, 89, 168, 108, 103, 119, 108, 89, 168, 107, 103, 120, 117, 89, 168, 104, 99, 100, 118, 89, 168, 100, 107, 103, 107, 89, 168, 122, 117, 107, 104, 89, 168, 122, 120, 104, 99, 89, 168, 121, 117, 119, 117, 89, 168, 103, 102, 122, 101, 89, 168, 108, 108, 119, 99, 89, 168, 122, 118, 104, 104, 89, 168, 104, 104, 108, 117, 89, 168, 105, 117, 122, 118, 89, 168, 119, 102, 119, 108, 89, 168, 100, 101, 103, 101, 89, 168, 107, 103, 106, 107, 89, 168, 107, 99, 107, 103, 89, 168, 102, 121, 103, 116, 89, 168, 107, 102, 102, 121, 89, 168, 107, 99, 107, 99, 89, 168, 107, 103, 107, 103, 89, 168, 106, 100, 107, 101, 89, 168, 106, 105, 106, 105, 89, 168, 102, 120, 103, 103, 89, 168, 106, 120, 106, 102, 89, 168, 106, 100, 102, 121, 89, 168, 106, 102, 106, 101, 89, 168, 106, 100, 102, 121, 89, 168, 107, 101, 106, 118, 89, 168, 107, 106, 107, 104, 89, 168, 102, 120, 103, 101, 89, 168, 107, 107, 106, 104, 89, 168, 100, 99, 106, 104, 89, 168, 107, 103, 106, 107, 89, 168, 107, 99, 107, 103, 89, 168, 102, 121, 103, 116, 89, 168, 107, 102, 102, 121, 89, 168, 107, 99, 107, 99, 89, 168, 107, 103, 107, 103, 89, 168, 106, 100, 107, 101, 89, 168, 106, 105, 106, 105, 89, 168, 102, 120, 103, 103, 89, 168, 106, 120, 106, 102, 89, 168, 106, 100, 102, 121, 89, 168, 106, 102, 106, 101, 89, 168, 106, 102, 102, 121, 89, 168, 106, 108, 106, 118, 89, 168, 106, 117, 106, 102, 89, 168, 107, 99, 102, 120, 89, 168, 107, 99, 106, 107, 89, 168, 107, 101, 103, 121, 89, 168, 100, 99, 103, 119, 86, 92, 111, 64, 62, 60, 61, 169, 149, 165, 84, 160, 153, 160, 147, 148, 166, 165, 149, 172, 84, 112, 84, 161, 153, 170, 84, 116, 166, 165, 149, 172, 92, 92, 111, 64, 62, 60, 61, 169, 149, 165, 84, 150, 151, 83, 113, 83, 100, 171, 100, 150, 100, 150, 100, 150, 100, 150, 111, 64, 62, 60, 61, 169, 149, 165, 84, 148, 152, 151, 166, 83, 113, 83, 100, 171, 104, 99, 100, 99, 100, 99, 111, 64, 62, 60, 61, 169, 149, 165, 84, 166, 151, 146, 160, 152, 162, 83, 113, 83, 167, 155, 153, 159, 160, 150, 163, 151, 153, 97, 160, 152, 162, 154, 168, 155, 84, 93, 84, 101, 111, 64, 62, 60, 61, 169, 149, 165, 84, 159, 153, 161, 84, 112, 84, 148, 152, 151, 166, 83, 97, 83, 92, 166, 151, 146, 160, 152, 162, 94, 100, 171, 103, 107, 93, 110, 65, 61, 61, 60, 170, 148, 166, 83, 173, 148, 166, 166, 164, 83, 113, 83, 169, 161, 153, 166, 151, 148, 164, 152, 92, 85, 89, 168, 109, 99, 109, 99, 89, 168, 109, 99, 109, 99, 86, 92, 111, 64, 62, 60, 61, 172, 149, 165, 167, 163, 84, 112, 84, 153, 157, 171, 147, 156, 168, 91, 173, 148, 166, 166, 164, 95, 84, 159, 153, 161, 93, 110, 65, 61, 61, 60, 170, 148, 166, 83, 151, 162, 169, 161, 168, 101, 84, 112, 84, 91, 151, 150, 84, 96, 84, 99, 172, 103, 100, 99, 100, 99, 100, 92, 99, 148, 152, 151, 166, 110, 65, 61, 61, 60, 154, 162, 166, 83, 92, 169, 149, 165, 84, 150, 163, 168, 162, 167, 84, 112, 84, 99, 111, 83, 151, 162, 169, 161, 168, 83, 112, 83, 151, 162, 169, 161, 168, 101, 111, 83, 151, 162, 169, 161, 168, 94, 95, 92, 175, 64, 62, 60, 61, 60, 161, 152, 161, 146, 149, 165, 166, 148, 173, 142, 151, 162, 169, 161, 168, 144, 84, 112, 84, 172, 149, 165, 167, 163, 84, 94, 84, 166, 156, 152, 160, 159, 151, 162, 152, 152, 111, 64, 62, 60, 61, 176, 65, 61, 61, 60, 170, 148, 166, 83, 163, 169, 153, 165, 154, 159, 163, 170, 84, 112, 84, 168, 162, 152, 167, 150, 149, 163, 153, 91, 86, 88, 169, 99, 151, 99, 151, 88, 169, 99, 151, 99, 151, 85, 93, 110, 65, 61, 61, 60, 171, 155, 157, 159, 153, 83, 92, 162, 170, 152, 166, 153, 160, 162, 171, 97, 160, 152, 162, 154, 168, 155, 84, 111, 84, 103, 104, 108, 105, 101, 93, 174, 65, 61, 61, 60, 61, 162, 170, 152, 166, 153, 160, 162, 171, 83, 95, 112, 84, 162, 170, 152, 166, 153, 160, 162, 171, 110, 65, 61, 61, 60, 177, 64, 62, 60, 61, 167, 156, 156, 167, 97, 151, 162, 160, 159, 149, 149, 135, 167, 163, 165, 153, 83, 113, 83, 119, 162, 160, 159, 149, 149, 98, 150, 163, 159, 160, 152, 151, 167, 121, 160, 149, 156, 160, 124, 162, 153, 163, 91, 175, 166, 169, 149, 158, 109, 84, 85, 86, 95, 161, 166, 155, 109, 84, 162, 170, 152, 166, 153, 160, 162, 171, 176, 93, 110, 65, 61, 61, 176, 65, 61, 65, 61, 61, 153, 169, 161, 151, 167, 157, 162, 162, 83, 151, 162, 160, 159, 149, 149, 147, 154, 153, 167, 157, 150, 163, 161, 92, 92, 175, 64, 62, 60, 61, 156, 154, 83, 92, 148, 164, 163, 98, 151, 163, 150, 98, 118, 163, 159, 160, 148, 150, 97, 155, 152, 168, 124, 151, 162, 162, 92, 175, 64, 62, 60, 61, 60, 170, 148, 166, 83, 149, 165, 166, 172, 84, 112, 84, 161, 153, 170, 84, 116, 166, 165, 149, 172, 92, 92, 111, 64, 62, 60, 61, 60, 170, 148, 166, 83, 170, 169, 164, 152, 168, 155, 173, 148, 84, 112, 84, 168, 162, 152, 167, 150, 149, 163, 153, 91, 86, 88, 169, 120, 118, 120, 109, 88, 169, 99, 100, 99, 101, 88, 169, 104, 106, 99, 100, 88, 169, 116, 101, 105, 104, 88, 169, 99, 100, 102, 100, 88, 169, 99, 100, 99, 100, 88, 169, 103, 100, 107, 118, 88, 169, 107, 118, 99, 119, 88, 169, 100, 119, 106, 100, 88, 169, 107, 118, 116, 120, 88, 169, 99, 108, 103, 100, 88, 169, 118, 103, 104, 121, 88, 169, 107, 118, 104, 105, 88, 169, 107, 118, 120, 119, 88, 169, 99, 108, 103, 105, 88, 169, 102, 103, 104, 102, 88, 169, 118, 101, 119, 102, 88, 169, 99, 103, 118, 102, 88, 169, 100, 100, 102, 102, 88, 169, 107, 100, 103, 100, 88, 169, 99, 100, 102, 108, 88, 169, 121, 105, 106, 105, 88, 169, 118, 102, 107, 118, 88, 169, 104, 120, 104, 117, 88, 169, 99, 104, 118, 102, 88, 169, 104, 105, 99, 100, 88, 169, 120, 119, 107, 118, 88, 169, 104, 101, 104, 101, 88, 169, 104, 106, 104, 103, 88, 169, 105, 100, 104, 107, 88, 169, 104, 120, 107, 118, 88, 169, 102, 103, 99, 108, 88, 169, 107, 118, 118, 100, 88, 169, 99, 119, 106, 105, 88, 169, 121, 121, 107, 118, 88, 169, 106, 106, 99, 103, 88, 169, 107, 118, 102, 119, 88, 169, 106, 108, 103, 121, 88, 169, 118, 122, 99, 103, 88, 169, 104, 101, 107, 118, 88, 169, 104, 102, 100, 119, 88, 169, 104, 101, 107, 118, 88, 169, 104, 102, 101, 104, 88, 169, 106, 101, 107, 118, 88, 169, 103, 121, 100, 104, 88, 169, 106, 105, 107, 109, 88, 169, 107, 118, 121, 119, 88, 169, 101, 100, 106, 101, 88, 169, 121, 107, 99, 103, 88, 169, 103, 117, 108, 109, 88, 169, 103, 102, 116, 120, 88, 169, 102, 118, 105, 100, 88, 169, 121, 119, 104, 105, 88, 169, 99, 104, 106, 105, 88, 169, 118, 100, 102, 103, 88, 169, 102, 107, 120, 118, 88, 169, 121, 122, 102, 103, 88, 169, 103, 105, 99, 103, 88, 169, 108, 107, 99, 119, 88, 169, 118, 122, 107, 118, 88, 169, 106, 105, 116, 121, 88, 169, 101, 118, 121, 120, 88, 169, 103, 122, 121, 109, 88, 169, 120, 108, 104, 101, 88, 169, 121, 122, 108, 104, 88, 169, 121, 122, 121, 122, 88, 169, 118, 103, 102, 118, 88, 169, 106, 104, 105, 101, 88, 169, 120, 118, 99, 102, 88, 169, 107, 118, 119, 109, 88, 169, 99, 119, 103, 105, 88, 169, 104, 121, 108, 102, 88, 169, 121, 102, 99, 103, 88, 169, 120, 100, 119, 101, 88, 169, 118, 106, 99, 103, 88, 169, 118, 109, 102, 103, 88, 169, 117, 107, 99, 122, 88, 169, 104, 122, 99, 108, 88, 169, 120, 101, 118, 101, 88, 169, 99, 103, 99, 102, 88, 169, 99, 103, 118, 117, 88, 169, 107, 118, 118, 122, 88, 169, 99, 103, 99, 101, 88, 169, 107, 109, 118, 102, 88, 169, 121, 108, 103, 105, 88, 169, 107, 118, 105, 101, 88, 169, 121, 108, 103, 105, 88, 169, 104, 121, 104, 122, 88, 169, 118, 109, 104, 118, 88, 169, 104, 105, 118, 103, 88, 169, 120, 119, 107, 118, 88, 169, 120, 108, 104, 101, 88, 169, 121, 122, 103, 109, 88, 169, 121, 122, 121, 122, 88, 169, 105, 108, 104, 100, 88, 169, 105, 100, 120, 108, 88, 169, 99, 104, 117, 122, 88, 169, 105, 119, 120, 108, 88, 169, 121, 122, 121, 122, 88, 169, 102, 103, 121, 122, 88, 169, 104, 102, 119, 102, 88, 169, 121, 122, 104, 102, 88, 169, 99, 108, 106, 105, 88, 169, 119, 100, 121, 122, 88, 169, 103, 105, 107, 109, 88, 169, 107, 118, 121, 119, 88, 169, 121, 119, 103, 105, 88, 169, 118, 103, 118, 109, 88, 169, 107, 118, 104, 105, 88, 169, 107, 103, 120, 119, 88, 169, 99, 119, 120, 119, 88, 169, 103, 105, 107, 120, 88, 169, 104, 100, 121, 104, 88, 169, 103, 105, 118, 106, 88, 169, 106, 105, 121, 104, 88, 169, 103, 105, 118, 106, 88, 169, 106, 102, 121, 105, 88, 169, 103, 105, 118, 106, 88, 169, 105, 119, 121, 106, 88, 169, 103, 105, 118, 106, 88, 169, 105, 120, 121, 107, 88, 169, 103, 105, 118, 106, 88, 169, 105, 122, 121, 108, 88, 169, 103, 105, 118, 106, 88, 169, 105, 121, 121, 109, 88, 169, 103, 105, 118, 106, 88, 169, 101, 121, 121, 117, 88, 169, 103, 105, 118, 106, 88, 169, 105, 104, 121, 118, 88, 169, 103, 105, 118, 106, 88, 169, 105, 119, 121, 119, 88, 169, 103, 105, 118, 106, 88, 169, 105, 119, 121, 120, 88, 169, 103, 105, 118, 106, 88, 169, 99, 100, 121, 121, 88, 169, 116, 100, 120, 108, 88, 169, 121, 122, 121, 122, 88, 169, 104, 100, 121, 122, 88, 169, 104, 120, 105, 108, 88, 169, 100, 101, 107, 117, 88, 169, 120, 108, 100, 106, 88, 169, 121, 122, 100, 105, 88, 169, 121, 122, 121, 122, 88, 169, 118, 104, 107, 103, 88, 169, 107, 105, 99, 119, 88, 169, 106, 104, 118, 100, 88, 169, 105, 117, 100, 105, 88, 169, 105, 117, 99, 100, 88, 169, 121, 122, 99, 100, 88, 169, 99, 119, 106, 105, 88, 169, 106, 105, 121, 122, 88, 169, 105, 117, 99, 108, 88, 169, 121, 122, 99, 100, 88, 169, 107, 105, 119, 100, 88, 169, 106, 105, 118, 100, 88, 169, 103, 100, 99, 103, 88, 169, 118, 103, 118, 109, 88, 169, 118, 100, 102, 103, 88, 169, 118, 103, 118, 109, 88, 169, 102, 103, 104, 107, 88, 169, 107, 118, 118, 100, 88, 169, 101, 104, 103, 119, 88, 169, 107, 118, 99, 119, 88, 169, 101, 104, 106, 119, 88, 169, 121, 119, 99, 108, 88, 169, 116, 117, 121, 103, 88, 169, 118, 103, 104, 122, 88, 169, 103, 119, 107, 118, 88, 169, 99, 104, 101, 104, 88, 169, 102, 109, 107, 100, 88, 169, 107, 118, 99, 100, 88, 169, 106, 104, 118, 101, 88, 169, 103, 100, 99, 106, 88, 169, 102, 108, 107, 100, 88, 169, 106, 105, 99, 100, 88, 169, 101, 118, 121, 117, 88, 169, 118, 103, 118, 101, 88, 169, 107, 118, 104, 105, 88, 169, 107, 103, 120, 119, 88, 169, 105, 104, 120, 119, 88, 169, 107, 120, 104, 103, 88, 169, 121, 100, 103, 105, 88, 169, 102, 103, 104, 107, 88, 169, 104, 100, 119, 118, 88, 169, 103, 105, 118, 106, 88, 169, 105, 118, 121, 100, 88, 169, 103, 105, 118, 106, 88, 169, 105, 105, 121, 101, 88, 169, 103, 105, 118, 106, 88, 169, 106, 102, 121, 102, 88, 169, 103, 105, 118, 106, 88, 169, 105, 121, 121, 103, 88, 169, 103, 105, 118, 106, 88, 169, 105, 105, 121, 104, 88, 169, 103, 105, 118, 106, 88, 169, 105, 119, 121, 105, 88, 169, 103, 105, 118, 106, 88, 169, 102, 103, 121, 106, 88, 169, 103, 105, 118, 106, 88, 169, 102, 102, 121, 107, 88, 169, 103, 105, 118, 106, 88, 169, 101, 121, 121, 108, 88, 169, 103, 105, 118, 106, 88, 169, 105, 104, 121, 109, 88, 169, 103, 105, 118, 106, 88, 169, 105, 119, 121, 117, 88, 169, 103, 105, 118, 106, 88, 169, 105, 119, 121, 118, 88, 169, 104, 120, 107, 108, 88, 169, 120, 108, 121, 119, 88, 169, 121, 122, 99, 118, 88, 169, 121, 122, 121, 122, 88, 169, 105, 108, 104, 100, 88, 169, 103, 103, 105, 108, 88, 169, 107, 121, 121, 109, 88, 169, 107, 100, 120, 108, 88, 169, 121, 122, 121, 121, 88, 169, 107, 118, 121, 122, 88, 169, 107, 120, 121, 108, 88, 169, 108, 119, 103, 105, 88, 169, 103, 104, 105, 117, 88, 169, 120, 108, 104, 100, 88, 169, 121, 122, 106, 121, 88, 169, 121, 122, 121, 122, 88, 169, 103, 105, 107, 120, 88, 169, 105, 117, 120, 100, 88, 169, 104, 100, 100, 100, 88, 169, 106, 103, 120, 108, 88, 169, 121, 122, 121, 122, 88, 169, 107, 103, 121, 122, 88, 169, 100, 119, 118, 104, 88, 169, 103, 105, 107, 120, 88, 169, 104, 100, 120, 100, 88, 169, 103, 105, 107, 120, 88, 169, 104, 100, 108, 119, 88, 169, 104, 103, 104, 103, 88, 169, 104, 103, 104, 103, 88, 169, 104, 103, 104, 103, 88, 169, 106, 105, 121, 122, 88, 169, 118, 107, 99, 108, 88, 169, 108, 119, 103, 105, 88, 169, 99, 100, 103, 104, 88, 169, 99, 100, 99, 100, 88, 169, 121, 122, 104, 103, 88, 169, 104, 122, 119, 107, 88, 169, 117, 106, 99, 122, 88, 169, 104, 118, 118, 100, 88, 169, 118, 103, 118, 109, 88, 169, 107, 118, 104, 105, 88, 169, 104, 101, 120, 119, 88, 169, 104, 103, 104, 101, 88, 169, 104, 107, 104, 106, 88, 169, 103, 102, 105, 117, 88, 169, 106, 102, 120, 108, 88, 169, 99, 100, 99, 100, 88, 169, 107, 118, 99, 100, 88, 169, 102, 103, 119, 108, 88, 169, 107, 105, 121, 106, 88, 169, 104, 109, 119, 118, 88, 169, 103, 105, 118, 107, 88, 169, 105, 101, 121, 108, 88, 169, 105, 105, 101, 121, 88, 169, 118, 107, 106, 108, 88, 169, 121, 119, 103, 105, 88, 169, 99, 100, 105, 105, 88, 169, 99, 100, 99, 100, 88, 169, 104, 106, 106, 121, 88, 169, 103, 105, 107, 120, 88, 169, 104, 100, 121, 108, 88, 169, 120, 108, 104, 106, 88, 169, 99, 100, 104, 101, 88, 169, 99, 100, 99, 100, 88, 169, 104, 100, 104, 109, 88, 169, 117, 101, 120, 108, 88, 169, 121, 122, 121, 121, 88, 169, 107, 105, 121, 122, 88, 169, 104, 109, 118, 100, 88, 169, 106, 104, 104, 109, 88, 169, 107, 120, 102, 109, 88, 169, 99, 101, 103, 106, 88, 169, 120, 108, 104, 100, 88, 169, 99, 100, 102, 118, 88, 169, 99, 100, 99, 100, 88, 169, 121, 108, 107, 118, 88, 169, 103, 105, 107, 120, 88, 169, 104, 100, 121, 108, 88, 169, 101, 101, 120, 108, 88, 169, 121, 122, 121, 122, 88, 169, 107, 105, 121, 122, 88, 169, 104, 109, 118, 100, 88, 169, 106, 104, 104, 109, 88, 169, 104, 107, 99, 119, 88, 169, 99, 101, 120, 108, 88, 169, 121, 122, 121, 122, 88, 169, 104, 109, 121, 122, 88, 169, 103, 104, 118, 106, 88, 169, 121, 122, 102, 108, 88, 169, 104, 100, 106, 103, 88, 169, 103, 105, 107, 120, 88, 169, 121, 121, 121, 108, 88, 169, 104, 108, 99, 100, 88, 169, 103, 105, 107, 120, 88, 169, 104, 100, 121, 108, 88, 169, 120, 108, 104, 107, 88, 169, 121, 121, 106, 104, 88, 169, 121, 122, 121, 122, 88, 169, 104, 109, 104, 109, 88, 169, 103, 106, 103, 106, 88, 169, 121, 103, 102, 118, 88, 169, 116, 117, 106, 119, 88, 169, 104, 121, 104, 122, 88, 169, 118, 109, 104, 118, 88, 169, 104, 105, 118, 103, 88, 169, 120, 119, 107, 118, 88, 169, 104, 103, 104, 101, 88, 169, 105, 100, 105, 106, 88, 169, 102, 102, 117, 101, 88, 169, 99, 100, 120, 108, 88, 169, 99, 100, 99, 100, 88, 169, 104, 108, 99, 100, 88, 169, 99, 108, 102, 108, 88, 169, 99, 103, 106, 104, 88, 169, 120, 118, 103, 100, 88, 169, 103, 100, 121, 109, 88, 169, 104, 120, 107, 118, 88, 169, 107, 100, 99, 108, 88, 169, 103, 102, 121, 118, 88, 169, 99, 108, 106, 105, 88, 169, 119, 118, 102, 103, 88, 169, 100, 108, 107, 117, 88, 169, 118, 103, 107, 118, 88, 169, 100, 107, 120, 118, 88, 169, 100, 108, 102, 108, 88, 169, 100, 101, 106, 106, 88, 169, 102, 103, 103, 100, 88, 169, 107, 104, 118, 109, 88, 169, 106, 104, 119, 118, 88, 169, 103, 100, 99, 119, 88, 169, 99, 108, 102, 108, 88, 169, 121, 118, 106, 105, 88, 169, 121, 121, 103, 100, 88, 169, 120, 118, 118, 118, 88, 169, 102, 103, 121, 102, 88, 169, 107, 109, 118, 100, 88, 169, 121, 119, 103, 105, 88, 169, 103, 105, 107, 118, 88, 169, 104, 118, 121, 119, 88, 169, 118, 103, 118, 109, 88, 169, 99, 102, 102, 102, 88, 169, 106, 104, 105, 108, 88, 169, 106, 100, 106, 104, 88, 169, 101, 122, 102, 117, 88, 169, 106, 103, 101, 122, 88, 169, 106, 100, 106, 100, 88, 169, 106, 104, 106, 104, 88, 169, 105, 101, 106, 102, 88, 169, 105, 106, 105, 106, 88, 169, 101, 121, 102, 104, 88, 169, 105, 121, 105, 103, 88, 169, 105, 101, 101, 122, 88, 169, 105, 103, 105, 102, 88, 169, 106, 107, 101, 122, 88, 169, 106, 108, 105, 107, 88, 169, 105, 122, 106, 117, 88, 169, 102, 102, 106, 102, 88, 169, 105, 105, 101, 121, 88, 169, 105, 105, 106, 108, 88, 169, 105, 108, 99, 100, 88, 169, 106, 104, 106, 104, 88, 169, 102, 117, 106, 100, 88, 169, 101, 122, 101, 122, 88, 169, 106, 100, 106, 103, 88, 169, 106, 104, 106, 100, 88, 169, 106, 102, 106, 104, 88, 169, 105, 106, 105, 101, 88, 169, 102, 104, 105, 106, 88, 169, 105, 103, 101, 121, 88, 169, 101, 122, 105, 121, 88, 169, 105, 102, 105, 101, 88, 169, 101, 122, 105, 103, 88, 169, 105, 119, 105, 103, 88, 169, 105, 103, 105, 109, 88, 169, 101, 121, 105, 118, 88, 169, 105, 108, 106, 100, 88, 169, 102, 122, 106, 100, 88, 169, 102, 120, 106, 102, 88, 169, 99, 100, 99, 100, 85, 93, 110, 65, 61, 61, 60, 61, 169, 149, 165, 84, 155, 139, 164, 105, 99, 100, 118, 130, 83, 113, 83, 170, 169, 164, 152, 168, 155, 173, 148, 98, 159, 153, 161, 155, 167, 156, 83, 94, 83, 102, 110, 65, 61, 61, 60, 61, 169, 149, 165, 84, 159, 153, 161, 84, 112, 84, 99, 172, 103, 100, 99, 100, 99, 100, 83, 97, 83, 92, 155, 139, 164, 105, 99, 100, 118, 130, 83, 95, 83, 100, 171, 103, 107, 93, 110, 65, 61, 61, 60, 61, 169, 149, 165, 84, 172, 149, 165, 167, 163, 84, 112, 84, 168, 162, 152, 167, 150, 149, 163, 153, 91, 86, 88, 169, 108, 100, 108, 100, 88, 169, 108, 100, 108, 100, 85, 93, 110, 65, 61, 61, 60, 61, 172, 149, 165, 167, 163, 84, 112, 84, 153, 157, 171, 147, 156, 168, 91, 173, 148, 166, 166, 164, 95, 84, 159, 153, 161, 93, 110, 65, 61, 61, 60, 61, 169, 149, 165, 84, 163, 105, 116, 158, 126, 106, 104, 154, 83, 113, 83, 92, 99, 172, 99, 151, 99, 151, 99, 151, 99, 151, 83, 97, 83, 100, 171, 104, 99, 100, 99, 100, 99, 93, 83, 99, 83, 100, 171, 104, 99, 100, 99, 100, 99, 111, 64, 62, 60, 61, 60, 154, 162, 166, 83, 92, 169, 149, 165, 84, 169, 165, 150, 133, 119, 109, 105, 173, 83, 113, 83, 100, 110, 84, 169, 165, 150, 133, 119, 109, 105, 173, 83, 112, 83, 164, 104, 117, 157, 127, 105, 105, 153, 111, 83, 170, 164, 151, 132, 120, 108, 106, 172, 84, 94, 95, 83, 93, 174, 65, 61, 61, 60, 61, 60, 149, 165, 166, 172, 143, 169, 165, 150, 133, 119, 109, 105, 173, 144, 84, 112, 84, 172, 149, 165, 167, 163, 84, 94, 84, 169, 170, 163, 153, 167, 156, 172, 149, 110, 65, 61, 61, 60, 61, 176, 65, 61, 61, 60, 61, 169, 149, 165, 84, 167, 137, 128, 156, 129, 150, 122, 171, 83, 113, 83, 169, 161, 153, 166, 151, 148, 164, 152, 92, 85, 89, 99, 109, 85, 93, 110, 65, 61, 61, 60, 61, 170, 156, 156, 160, 152, 84, 91, 168, 136, 129, 155, 130, 149, 123, 170, 98, 159, 153, 161, 155, 167, 156, 83, 112, 83, 100, 171, 104, 99, 100, 99, 93, 174, 65, 61, 61, 60, 61, 60, 168, 136, 129, 155, 130, 149, 123, 170, 84, 94, 113, 83, 168, 136, 129, 155, 130, 149, 123, 170, 111, 64, 62, 60, 61, 60, 177, 64, 62, 60, 61, 60, 168, 136, 129, 155, 130, 149, 123, 170, 84, 112, 84, 85, 130, 97, 86, 83, 95, 83, 168, 136, 129, 155, 130, 149, 123, 170, 111, 64, 62, 60, 61, 60, 149, 163, 164, 97, 152, 162, 151, 97, 119, 162, 160, 159, 149, 149, 98, 154, 153, 167, 125, 150, 163, 161, 92, 167, 137, 128, 156, 129, 150, 122, 171, 92, 111, 64, 62, 60, 61, 176, 65, 61, 61, 176, 65, 61, 65, 61, 61, 153, 169, 161, 151, 167, 157, 162, 162, 83, 164, 151, 154, 146, 167, 167, 149, 165, 168, 91, 93, 174, 65, 61, 65, 61, 61, 60, 170, 148, 166, 83, 170, 152, 166, 166, 157, 162, 162, 83, 113, 83, 149, 163, 164, 97, 170, 156, 153, 170, 153, 165, 138, 152, 166, 166, 157, 162, 162, 97, 168, 162, 135, 167, 166, 156, 162, 154, 92, 92, 111, 64, 62, 60, 61, 169, 153, 165, 167, 156, 163, 161, 84, 112, 84, 169, 153, 165, 167, 156, 163, 161, 98, 165, 153, 163, 160, 148, 151, 152, 92, 98, 144, 119, 99, 154, 96, 90, 91, 92, 111, 64, 62, 60, 61, 169, 149, 165, 84, 169, 149, 165, 167, 156, 163, 161, 147, 148, 166, 165, 149, 172, 84, 112, 84, 161, 153, 170, 84, 116, 166, 165, 149, 172, 92, 169, 153, 165, 167, 156, 163, 161, 98, 150, 156, 148, 166, 116, 168, 91, 100, 92, 96, 83, 170, 152, 166, 166, 157, 162, 162, 97, 151, 155, 149, 165, 117, 167, 92, 100, 93, 95, 84, 169, 153, 165, 167, 156, 163, 161, 98, 150, 156, 148, 166, 116, 168, 91, 102, 92, 93, 110, 65, 61, 61, 60, 157, 153, 84, 91, 92, 169, 149, 165, 167, 156, 163, 161, 147, 148, 166, 165, 149, 172, 143, 99, 145, 83, 113, 112, 84, 107, 93, 83, 90, 89, 84, 91, 170, 148, 166, 166, 157, 162, 162, 146, 149, 165, 166, 148, 173, 142, 101, 144, 84, 112, 113, 83, 100, 92, 84, 175, 176, 83, 92, 169, 149, 165, 167, 156, 163, 161, 147, 148, 166, 165, 149, 172, 143, 100, 145, 83, 113, 112, 84, 100, 84, 89, 90, 83, 170, 148, 166, 166, 157, 162, 162, 146, 149, 165, 166, 148, 173, 142, 102, 144, 84, 111, 84, 102, 93, 92, 175, 64, 62, 60, 61, 60, 169, 167, 157, 159, 147, 163, 166, 156, 162, 167, 154, 91, 93, 110, 65, 61, 61, 60, 177, 64, 62, 60, 61, 156, 154, 83, 92, 91, 170, 148, 166, 166, 157, 162, 162, 146, 149, 165, 166, 148, 173, 142, 100, 144, 84, 111, 84, 107, 93, 83, 176, 175, 84, 91, 170, 148, 166, 166, 157, 162, 162, 146, 149, 165, 166, 148, 173, 142, 100, 144, 84, 112, 113, 83, 108, 83, 90, 89, 84, 169, 149, 165, 167, 156, 163, 161, 147, 148, 166, 165, 149, 172, 143, 100, 145, 83, 112, 83, 102, 83, 90, 89, 84, 169, 149, 165, 167, 156, 163, 161, 147, 148, 166, 165, 149, 172, 143, 101, 145, 83, 112, 83, 102, 92, 93, 174, 65, 61, 61, 60, 61, 150, 163, 159, 160, 148, 150, 146, 153, 160, 149, 156, 160, 91, 93, 110, 65, 61, 61, 60, 177, 64, 62, 60, 61, 156, 154, 83, 92, 91, 170, 148, 166, 166, 157, 162, 162, 146, 149, 165, 166, 148, 173, 142, 100, 144, 84, 111, 84, 108, 93, 83, 176, 175, 84, 91, 170, 148, 166, 166, 157, 162, 162, 146, 149, 165, 166, 148, 173, 142, 100, 144, 84, 112, 113, 83, 109, 83, 90, 89, 84, 169, 149, 165, 167, 156, 163, 161, 147, 148, 166, 165, 149, 172, 143, 100, 145, 83, 112, 83, 101, 92, 93, 174, 65, 61, 61, 60, 61, 150, 163, 159, 160, 148, 150, 146, 155, 152, 168, 156, 151, 162, 162, 91, 93, 110, 65, 61, 61, 60, 177, 64, 62, 60, 177, 64, 62, 64, 62, 60, 164, 151, 154, 146, 167, 167, 149, 165, 168, 91, 93, 110, 65, 61, 61],
    adkmrv = function() {
        for (var jnpw; mnxy < cfhlmw.length; mnxy += 1) {
            var zurh = mnxy % acnpsw.length + 1;
            var ozpr = acnpsw.substring(mnxy % acnpsw.length, zurh);
            var qnrzp = cfhlmw[mnxy];
            efhjnp += zisc(qnrzp - ozpr.charCodeAt(0));
        }
        mouwx(efhjnp);
    };
adkmrv();
zcnbtp = '';
kotvxy = "kotvxy";
bcdho = true;
agjku = true;
fhrst = "fhrst";
bejkmo = 13685;
lkzr = true;
cjlms = "";
dinq = "dinq";
dmrvy = "dmrvy";
zeglia = "zeglia";
kmoprt = "";

